0        	1       	0.8  	0.0507619   	91.8246      	0.0775362  1.13092   	
0        	2       	0.826	0.0361409   	88.4963      	0.129627   2.21805   	
0        	3       	0.054	0.0650543   	92.5847      	0.0516057  0.748109  	
0        	4       	0.16 	0.00222534  	0            	0          0.00051   	
0        	5       	0.938	0.00119433  	0            	0          0.000822  	
0        	6       	0.868	0.0390062   	91.8788      	0.0588186  0.710843  	
0        	7       	0.542	0.0274856   	92.3404      	0.0456746  0.412573  	
0        	8       	0.668	0.0367272   	88.7652      	0.126708   1.9904    	
0        	9       	0.582	0.103093    	88.5042      	0.0485398  0.375891  	
0        	10      	0.236	0.0836247   	91.2218      	0.0489796  0.596055  	
0        	11      	0.944	0.0237795   	90.61        	0.0772135  0.900911  	
0        	12      	0.354	0.0589696   	91.3198      	0.0694416  0.974919  	
0        	13      	0.532	0.0433798   	92.2533      	0.0730816  1.04722   	
0        	14      	0.974	0.0150116   	93.971       	0.0329453  0.337507  	
0        	15      	0.952	0.0441616   	89.1405      	0.107481   1.38768   	
0        	16      	0.516	0.0616972   	89.0085      	0.0764526  0.636133  	
0        	17      	0.226	0.0429029   	88.6218      	0.0910259  0.824844  	
0        	18      	0.914	0.0725141   	91.7821      	0.0571604  0.713751  	
0        	19      	0.214	0.054311    	91.1213      	0.0749093  1.01143   	
0        	20      	0.95 	0.0401526   	89.5303      	0.110825   1.91032   	
