0        	1       	0.268	0.00358413  	0            	0          0.00051   	
0        	2       	0.906	0.0519339   	91.2309      	0.0813351  1.6003    	
0        	3       	0.062	0.0637969   	90.6132      	0.0652905  0.785847  	
0        	4       	0.69 	0.0888671   	92.4599      	0.0396845  0.785873  	
0        	5       	0.938	0.0432723   	90.0247      	0.104536   1.72432   	
0        	6       	0.58 	0.0466776   	90.5201      	0.0983647  1.49557   	
0        	7       	0.05 	0.00573513  	0            	0          0.000444  	
0        	8       	0.794	0.0734023   	92.968       	0.0536251  0.787742  	
0        	9       	0.398	0.03553     	88.67        	0.101989   1.0884    	
0        	10      	0.202	0.147367    	93.8909      	0.0341077  0.674573  	
0        	11      	0.932	0.0405425   	90.2594      	0.0893273  1.05387   	
0        	12      	0.928	0.067187    	91.4928      	0.0537503  0.56369   	
0        	13      	0.572	0.0554042   	90.2718      	0.0840089  1.12224   	
0        	14      	0.948	0.048736    	91.0162      	0.0889482  1.46699   	
0        	15      	0.258	0.0518545   	92.028       	0.0664329  0.897347  	
0        	16      	0.942	0.0533041   	88.1223      	0.0892167  0.788111  	
0        	17      	0.932	0.0660938   	89.6965      	0.0614402  0.712168  	
0        	18      	0.936	0.00435228  	0            	0          0.000888  	
0        	19      	0.95 	0.066546    	92.5544      	0.0656969  1.34966   	
0        	20      	0.542	0.0270137   	91.3282      	0.0848099  1.53311   	
