0        	1       	0.94 	0.00117553  	96.3347      	0.00333211 0.00022   	
0        	2       	0.16 	2.9032e-05  	96.4979      	0.0031837  0.000183  	
0        	3       	0.866	0.00222057  	96.3846      	0.00328375 0.000466  	
0        	4       	0.856	0.00132164  	0            	0          0.000444  	
0        	5       	0.078	0.000613307 	96.5163      	0.00316696 0.000117  	
0        	6       	0.772	0.00134619  	96.4438      	0.0032329  0.00022   	
0        	7       	0.622	0.0111439   	70.7373      	0.408274   6.19693   	
0        	8       	0.368	0.00205491  	96.5853      	0.00310424 0.000117  	
0        	9       	0.202	0.000851975 	96.2119      	0.00344376 0.000183  	
0        	10      	0.69 	0.000323811 	96.5341      	0.0031508  0.000117  	
0        	11      	0.942	0.00134611  	96.2808      	0.00338112 0.000249  	
0        	12      	0.944	0.0122055   	72.3329      	0.382634   5.79635   	
0        	13      	0.58 	0.000869388 	96.347       	0.00332094 0.00022   	
0        	14      	0.94 	0.00117553  	96.425       	0.00325002 0.000183  	
0        	15      	0.8  	0.0124568   	72.7342      	0.377255   5.82444   	
0        	16      	0.936	0.000497014 	96.3149      	0.00335008 0.000117  	
0        	17      	0.042	0.00165171  	96.3086      	0.00335278 0.000429  	
0        	18      	0.532	0.000600469 	96.3778      	0.00329294 0.000191  	
0        	19      	0.83 	0.000878634 	96.3489      	0.00331917 0.000183  	
0        	20      	0.846	1.1776e-05  	96.611       	0.0030809  0.000154  	
