0        	1       	0.954	0.0363445   	89.9042      	0.107862   1.83484   	
0        	2       	0.906	0.0349745   	93.2797      	0.0309488  0.301717  	
0        	3       	0.662	0.102869    	93.1513      	0.0382133  0.711072  	
0        	4       	0.232	0.0475516   	89.9843      	0.100157   1.38381   	
0        	5       	0.944	0.0677147   	92.8034      	0.0634997  1.12925   	
0        	6       	0.728	0.025764    	93.0115      	0.0516138  0.897693  	
0        	7       	0.258	0.0445754   	91.4799      	0.0843577  1.52729   	
0        	8       	0.914	0.0484361   	90.5778      	0.0984127  1.80589   	
0        	9       	0.132	0.0635243   	91.4848      	0.0661376  1.01043   	
0        	10      	0.866	0.11043     	90.3096      	0.0409165  0.374613  	
0        	11      	0.928	0.0667943   	92.3435      	0.0660895  1.461     	
0        	12      	0.736	0.102234    	92.687       	0.0462049  0.674749  	
0        	13      	0.958	0.00462427  	0            	0          0.00051   	
0        	14      	0.078	0.00939779  	0            	0          0.000444  	
0        	15      	0.938	0.0616591   	93.7252      	0.0436681  0.715913  	
0        	16      	0.936	0.0041941   	0            	0          0.00051   	
0        	17      	0.914	0.0549775   	92.1712      	0.0466832  0.490543  	
0        	18      	0.958	0.03013     	87.8427      	0.124794   1.39091   	
0        	19      	0.894	0.130493    	94.0772      	0.037443   0.750466  	
0        	20      	0.924	0.0333529   	87.6929      	0.136897   1.98668   	
