0        	1       	0.928	0.0659962   	92.1968      	0.0736445  1.38554   	
0        	2       	0.846	0.0659444   	91.3226      	0.0517438  0.528307  	
0        	3       	0.626	0.0556966   	91.654       	0.0648459  1.27155   	
0        	4       	0.37 	0.0375887   	91.8201      	0.0253052  0.3372    	
0        	5       	0.914	0.040453    	88.8594      	0.111676   1.5293    	
0        	6       	0.05 	0.0142621   	90.5344      	0.0292826  0.1131    	
0        	7       	0.514	0.0614758   	92.6911      	0.0642913  0.860213  	
0        	8       	0.398	0.0662957   	93.3384      	0.0482725  0.710717  	
0        	9       	0.952	0.110111    	92.933       	0.0421656  0.56472   	
0        	10      	0.238	0.112616    	92.2685      	0.0371708  0.227985  	
0        	11      	0.862	0.0650791   	92.1798      	0.0729727  1.35265   	
0        	12      	0.094	0.0704403   	92.6994      	0.0638447  1.27217   	
0        	13      	0.952	0.0320858   	87.9769      	0.115736   1.24161   	
0        	14      	0.132	0.0328762   	88.8049      	0.125409   2.24306   	
0        	15      	0.828	0.0727266   	89.5019      	0.066329   0.712859  	
0        	16      	0.95 	0.110227    	93.7427      	0.0323167  0.449845  	
0        	17      	0.532	0.0286251   	94.3687      	0.00967586 0.112631  	
0        	18      	0.948	0.0398771   	86.9319      	0.115258   0.902903  	
0        	19      	0.938	0.00676952  	0            	0          0.00051   	
0        	20      	0.96 	0.0305431   	87.2453      	0.141652   2.40305   	
