0        	1       	0.054	0.0521869   	91.351       	0.087608   1.63886   	
0        	2       	0.524	0.0558551   	91.4778      	0.0832485  1.49755   	
0        	3       	0.674	0.00317373  	0            	0          0.000378  	
0        	4       	0.952	0.0031439   	0            	0          0.000444  	
0        	5       	0.336	0.00217902  	0            	0          0.00069   	
0        	6       	0.15 	0.0617805   	90.5088      	0.0565963  0.637901  	
0        	7       	0.054	0.00920369  	0            	0          0.000378  	
0        	8       	0.398	0.104758    	93.4249      	0.0437127  0.750601  	
0        	9       	0.226	0.132253    	92.1474      	0.0370155  0.598787  	
0        	10      	0.282	0.0776455   	92.883       	0.061459   1.23415   	
0        	11      	0.928	0.0444049   	89.7769      	0.103752   1.61253   	
0        	12      	0.132	0.0890231   	93.2933      	0.0503761  0.788245  	
0        	13      	0.718	0.0659641   	89.2502      	0.0714669  0.749065  	
0        	14      	0.808	0.0119882   	0            	0          0.000378  	
0        	15      	0.548	0.0062579   	0            	0          0.000378  	
0        	16      	0.942	0.0330338   	87.8936      	0.093985   0.711921  	
0        	17      	0.952	0.0369229   	89.0361      	0.117135   1.76374   	
0        	18      	1    	0.0206402   	84.4842      	0.192818   2.90591   	
0        	19      	0.974	0.0351314   	88.2407      	0.130804   2.09835   	
0        	20      	0.83 	0.0651669   	92.4092      	0.0683293  1.35159   	
