0        	1       	0.884	0.0589525   	92.5678      	0.0676777  0.993925  	
0        	2       	0.548	0.00387344  	0            	0          0.001608  	
0        	3       	0.942	0.0298715   	87.5947      	0.144949   2.41063   	
0        	4       	0.108	0.0395326   	91.0776      	0.087534   1.57113   	
0        	5       	0.066	0.0647001   	93.262       	0.0523338  0.862639  	
0        	6       	0.936	0.0469339   	93.7237      	0.0350413  0.416063  	
0        	7       	0.438	0.0573752   	91.201       	0.0792051  1.23763   	
0        	8       	0.068	0.00537735  	0            	0          0.000624  	
0        	9       	0.946	0.0360857   	89.6371      	0.11264    1.87583   	
0        	10      	0.662	0.0590151   	91.6755      	0.0666275  0.93507   	
0        	11      	0.532	0.00238305  	0            	0          0.000624  	
0        	12      	0.15 	0.0827727   	94.0689      	0.0412764  0.788403  	
0        	13      	0.83 	0.0333323   	86.6631      	0.142444   1.79907   	
0        	14      	0.794	0.0800008   	92.3732      	0.0592088  0.937224  	
0        	15      	0.736	0.0587857   	91.7523      	0.0491811  0.487947  	
0        	16      	0.96 	0.0463275   	89.663       	0.102347   1.24438   	
0        	17      	0.896	0.11278     	96.1049      	0.00669254 0.15005   	
0        	18      	0.604	0.0987156   	93.4333      	0.0475851  0.864802  	
0        	19      	0.354	0.0513245   	93.7416      	0.0470323  1.16079   	
0        	20      	0.216	0.110941    	94.4294      	0.0338021  0.561221  	
