0        	1       	0.74 	0.0578243   	92.4798      	0.0601898  1.16235   	
0        	2       	0.914	0.0567555   	91.6413      	0.0783723  1.46427   	
0        	3       	0.846	0.0439052   	91.9698      	0.0761591  1.573     	
0        	4       	0.482	0.195774    	91.2505      	0.0270673  0.337292  	
0        	5       	0.866	0.0950023   	93.401       	0.0512541  1.01385   	
0        	6       	0.068	0.0949623   	92.2694      	0.0431344  0.674089  	
0        	7       	0.808	0.0727238   	91.7144      	0.0622355  0.938675  	
0        	8       	0.542	0.0423029   	86.8156      	0.108414   0.826974  	
0        	9       	0.626	0.177779    	93.6845      	0.027222   0.338637  	
0        	10      	0.718	0.0730856   	92.9298      	0.0596509  1.08695   	
0        	11      	0.884	0.0603674   	91.8617      	0.075974   1.41444   	
0        	12      	0.948	0.0511684   	92.1498      	0.0521898  0.600376  	
0        	13      	0.948	0.0602867   	92.0716      	0.0713683  1.32033   	
0        	14      	0.078	0.133513    	94.5855      	0.0284971  0.524993  	
0        	15      	0.772	0.0686116   	92.8032      	0.0621485  1.34727   	
0        	16      	0.954	0.0367875   	88.5856      	0.124069   1.95581   	
0        	17      	0.828	0.0839629   	94.3635      	0.029129   0.303416  	
0        	18      	0.06 	0.0250657   	94.1635      	0.0422935  0.675991  	
0        	19      	0.936	0.0657039   	92.082       	0.0594742  0.829486  	
0        	20      	0.958	0.128873    	93.0459      	0.0328022  0.411811  	
