0        	1       	0.87 	0.0547115   	91.8461      	0.078519   1.39337   	
0        	2       	0.064	0.0781817   	94.3038      	0.0378907  0.785218  	
0        	3       	0.372	0.0620751   	90.4519      	0.0741599  0.899971  	
0        	4       	0.794	0.00353478  	0            	0          0.000576  	
0        	5       	0.476	0.0452994   	93.9727      	0.0373312  0.492987  	
0        	6       	0.59 	0.051457    	90.7038      	0.0920417  1.46338   	
0        	7       	1    	0.00394612  	0            	0          0.000378  	
0        	8       	0.548	0.0461119   	90.5032      	0.0965979  1.94727   	
0        	9       	0.282	0.00359058  	0            	0          0.00069   	
0        	10      	1    	0.0307082   	86.2095      	0.153398   1.79506   	
0        	11      	0.682	0.00402927  	0            	0          0.00069   	
0        	12      	0.108	0.0399266   	88.4852      	0.116822   1.46407   	
0        	13      	0.042	0.00829502  	0            	0          0.001116  	
0        	14      	0.95 	0.0373917   	88.4897      	0.118113   1.43295   	
0        	15      	0.226	0.0800736   	94.6452      	0.0331845  0.673607  	
0        	16      	0.532	0.0274792   	87.5393      	0.14482    2.2831    	
0        	17      	0.954	0.00496501  	0            	0          0.000378  	
0        	18      	0.932	0.0382423   	88.9681      	0.120881   1.84069   	
0        	19      	0.718	0.0464821   	90.8847      	0.0944748  1.60904   	
0        	20      	0.368	0.00487258  	0            	0          0.00051   	
