0        	1       	0.064	0.0158685   	91.8837      	0.03427    0.374471  	
0        	2       	0.662	0.0806468   	93.2155      	0.0579869  1.27683   	
0        	3       	0.408	0.0373619   	88.0688      	0.0926248  0.788835  	
0        	4       	0.456	0.0709279   	91.0679      	0.0377145  0.487642  	
0        	5       	0.808	0.084524    	93.4842      	0.0472159  0.971863  	
0        	6       	0.934	0.0516991   	90.8481      	0.071048   1.01327   	
0        	7       	0.894	0.0526793   	90.5474      	0.0909918  1.34748   	
0        	8       	0.928	0.0479345   	91.361       	0.0814431  1.52369   	
0        	9       	0.604	0.074647    	93.4457      	0.0524594  1.08694   	
0        	10      	0.958	0.0416718   	88.4933      	0.113928   1.24195   	
0        	11      	0.956	0.0498064   	92.5439      	0.0643874  0.901649  	
0        	12      	0.954	0.0418076   	90.2253      	0.101423   1.69242   	
0        	13      	0.058	0.0535329   	93.3707      	0.0161821  0.156597  	
0        	14      	0.06 	0.0346016   	90.2236      	0.0545488  0.412421  	
0        	15      	0.098	0.0576035   	91.6949      	0.0732805  1.19725   	
0        	16      	0.456	0.0916635   	94.3815      	0.0397177  0.972665  	
0        	17      	0.058	0.0429712   	93.5476      	0.0360245  0.523793  	
0        	18      	0.114	0.131668    	90.2731      	0.0410706  0.37479   	
0        	19      	0.958	0.0699406   	92.0426      	0.0636895  1.01218   	
0        	20      	0.216	0.095257    	94.494       	0.0394801  0.883851  	
