0        	1       	0.456	0.0282795   	86.4583      	0.156769   2.70121   	
0        	2       	0.868	0.0377461   	86.2447      	0.123769   1.23762   	
0        	3       	0.118	0.00825731  	0            	0          0.000312  	
0        	4       	0.944	0.0101911   	0            	0          0.000312  	
0        	5       	0.926	0.00281091  	0            	0          0.000624  	
0        	6       	0.15 	0.0103195   	0            	0          0.000624  	
0        	7       	0.92 	0.00701474  	0            	0          0.000624  	
0        	8       	0.8  	0.000394831 	0            	0          0.000558  	
0        	9       	0.728	0.0199062   	85.235       	0.178658   2.99433   	
0        	10      	0.074	0.0889649   	90.7876      	0.0514021  0.7126    	
0        	11      	0.178	0.0279112   	86.2166      	0.165703   2.87873   	
0        	12      	0.81 	0.0320377   	86.7968      	0.116498   1.12604   	
0        	13      	0.894	0.0414289   	89.4558      	0.114611   1.98563   	
0        	14      	0.894	0.00319256  	0            	0          0.000312  	
0        	15      	0.456	0.00227425  	0            	0          0.00051   	
0        	16      	0.884	0.0603283   	89.6001      	0.0691404  0.860477  	
0        	17      	0.87 	0.0461316   	88.8508      	0.0686106  0.871589  	
0        	18      	0.662	0.00329222  	0            	0          0.000378  	
0        	19      	0.158	0.00202649  	0            	0          0.000312  	
0        	20      	0.958	0.0241683   	84.4757      	0.191697   3.18268   	
