0        	1       	0.952	0.0682591   	92.1988      	0.0657895  1.0583    	
0        	2       	0.938	0.0538482   	90.719       	0.088022   1.49574   	
0        	3       	0.102	0.104775    	94.7919      	0.0269152  0.411679  	
0        	4       	0.81 	0.030171    	89.1383      	0.111479   2.08044   	
0        	5       	0.156	0.00577886  	0            	0          0.000756  	
0        	6       	0.952	0.0383061   	88.8647      	0.118967   1.83698   	
0        	7       	0.92 	0.176017    	93.9796      	0.0289244  0.619162  	
0        	8       	0.772	0.0648195   	90.8722      	0.063489   0.861126  	
0        	9       	0.93 	0.00496332  	0            	0          0.000756  	
0        	10      	0.052	0.0524826   	90.1529      	0.0713558  0.821861  	
0        	11      	0.718	0.0407899   	90.2734      	0.101931   1.68405   	
0        	12      	0.914	0.141279    	92.6654      	0.0345969  0.562281  	
0        	13      	1    	0.031583    	87.2774      	0.148657   2.28977   	
0        	14      	0.938	0.133669    	93.1886      	0.0210715  0.188045  	
0        	15      	0.926	0.102311    	94.0988      	0.035189   0.636721  	
0        	16      	0.084	0.0415296   	87.7685      	0.0949555  0.935249  	
0        	17      	0.676	0.163483    	92.1346      	0.0243324  0.262421  	
0        	18      	0.928	0.0251844   	91.2372      	0.0553654  0.453211  	
0        	19      	0.928	0.0416288   	87.6281      	0.0989753  0.936311  	
0        	20      	0.69 	0.0522728   	92.516       	0.0646287  1.12994   	
