0        	1       	0.06 	0.0653508   	91.5861      	0.0726586  1.23421   	
0        	2       	0.914	0.0395082   	89.902       	0.10884    1.95467   	
0        	3       	0.068	0.0907921   	93.8447      	0.0453707  1.03274   	
0        	4       	0.06 	0.0168246   	91.6974      	0.0633488  0.600438  	
0        	5       	0.668	0.00125285  	0            	0          0.00174   	
0        	6       	0.938	0.0439522   	89.9432      	0.0904903  1.05168   	
0        	7       	0.89 	0.119886    	94.5504      	0.0281631  0.415248  	
0        	8       	0.948	0.00432789  	0            	0          0.000444  	
0        	9       	0.894	0.00858977  	0            	0          0.000756  	
0        	10      	0.794	0.032097    	87.5864      	0.13602    1.83693   	
0        	11      	0.582	0.049166    	91.9441      	0.0760288  1.27438   	
0        	12      	0.59 	0.0220127   	93.4741      	0.0513611  0.748122  	
0        	13      	0.794	0.0544566   	92.0607      	0.0740832  1.2772    	
0        	14      	0.118	0.0747054   	92.9326      	0.0499059  0.898535  	
0        	15      	0.956	0.0561764   	90.3163      	0.0796284  1.0144    	
0        	16      	0.87 	0.0732059   	92.4321      	0.0653253  0.977431  	
0        	17      	0.776	0.0637294   	92.3889      	0.070615   1.38551   	
0        	18      	0.932	0.0576794   	92.7947      	0.0615564  0.826316  	
0        	19      	0.132	0.178218    	94.1954      	0.0252557  0.252563  	
0        	20      	0.948	0.0353888   	86.8671      	0.133239   1.38758   	
