0        	1       	0.94 	0.0320072   	86.0969      	0.131808   1.27438   	
0        	2       	0.932	0.0373655   	88.5128      	0.125869   2.10088   	
0        	3       	0.078	0.00725447  	0            	0          0.000312  	
0        	4       	0.466	0.129047    	92.1448      	0.0331675  0.561482  	
0        	5       	0.87 	0.0218559   	82.7056      	0.175459   1.38804   	
0        	6       	0.074	0.0634856   	89.4823      	0.073157   0.674849  	
0        	7       	0.532	0.0404974   	89.2551      	0.117939   1.93839   	
0        	8       	1    	0.00714316  	0            	0          0.00051   	
0        	9       	0.476	0.00525429  	0            	0          0.00069   	
0        	10      	0.906	0.0383088   	88.0944      	0.0862281  0.711187  	
0        	11      	0.156	0.0440478   	90.7044      	0.0964524  2.01551   	
0        	12      	1    	0.0211038   	86.6029      	0.160353   2.36675   	
0        	13      	0.782	0.056777    	92.133       	0.0668963  1.08556   	
0        	14      	0.8  	0.0563586   	91.6245      	0.0818157  1.68452   	
0        	15      	0.87 	0.0822629   	92.5863      	0.0557144  1.05018   	
0        	16      	0.06 	0.0108531   	0            	0          0.00069   	
0        	17      	0.894	0.0954385   	93.5901      	0.0513037  0.89779   	
0        	18      	0.062	0.00734933  	0            	0          0.000444  	
0        	19      	0.572	0.0819389   	88.0319      	0.0564152  0.300606  	
0        	20      	0.94 	0.00411458  	0            	0          0.000624  	
