0        	1       	0.728	0.0642769   	93.5605      	0.0491567  0.938514  	
0        	2       	0.856	0.0415277   	89.9243      	0.107646   1.76877   	
0        	3       	0.81 	0.00360124  	0            	0          0.000936  	
0        	4       	0.258	0.0481726   	89.9993      	0.0976916  1.61246   	
0        	5       	0.772	0.0069971   	0            	0          0.000804  	
0        	6       	0.236	0.0375266   	88.7019      	0.124752   2.1711    	
0        	7       	0.174	0.127302    	94.3061      	0.0359959  0.785633  	
0        	8       	0.052	0.0507436   	90.9453      	0.0788347  1.21536   	
0        	9       	0.95 	0.0317959   	87.5551      	0.140356   1.98794   	
0        	10      	0.942	0.00278414  	0            	0          0.00051   	
0        	11      	0.3  	0.00838183  	0            	0          0.000624  	
0        	12      	0.962	0.00400484  	0            	0          0.000444  	
0        	13      	0.516	0.0890458   	92.3702      	0.0552595  0.678647  	
0        	14      	0.54 	0.00143167  	95.8242      	0.00379622 0.000302  	
0        	15      	0.062	0.00430437  	0            	0          0.000558  	
0        	16      	0.884	0.0596895   	91.1623      	0.0726715  1.11106   	
0        	17      	0.81 	0.0340662   	88.0845      	0.129549   2.42021   	
0        	18      	0.082	0.0430481   	92.0736      	0.0574076  0.937283  	
0        	19      	0.258	0.0493972   	92.1733      	0.0717763  1.34793   	
0        	20      	0.69 	0.0558546   	91.802       	0.0789434  1.38812   	
