0        	1       	0.776	0.00177714  	0            	0          0.001116  	
0        	2       	0.098	0.0373013   	86.3904      	0.120034   1.15942   	
0        	3       	0.954	0.0276678   	89.3923      	0.079677   0.863266  	
0        	4       	0.772	0.00790077  	0            	0          0.000378  	
0        	5       	0.862	0.0440255   	90.6336      	0.0961449  1.83781   	
0        	6       	0.958	0.00449872  	0            	0          0.000378  	
0        	7       	0.456	0.0452422   	92.5054      	0.0542804  0.823909  	
0        	8       	0.95 	0.000963045 	0            	0          0.001116  	
0        	9       	0.956	0.00242242  	0            	0          0.000312  	
0        	10      	0.922	0.0487067   	89.6091      	0.0985105  1.3857    	
0        	11      	0.972	0.05859     	91.0567      	0.0751541  1.31002   	
0        	12      	0.938	0.00286272  	0            	0          0.000378  	
0        	13      	0.954	0.0315641   	84.3346      	0.125156   1.01239   	
0        	14      	0.668	0.000917722 	0            	0          0.000444  	
0        	15      	0.944	0.0344418   	88.9874      	0.110392   1.6495    	
0        	16      	0.322	0.0475568   	90.9217      	0.0921348  2.02273   	
0        	17      	0.078	0.0260245   	93.253       	0.0546067  0.826409  	
0        	18      	0.866	0.0278458   	86.0477      	0.165847   2.88023   	
0        	19      	0.828	0.0419979   	90.4106      	0.100524   2.05894   	
0        	20      	0.736	0.046008    	89.654       	0.0719624  0.712763  	
