0        	1       	0.408	0.0831953   	92.6141      	0.059933   1.15935   	
0        	2       	0.794	0.00405871  	0            	0          0.000378  	
0        	3       	0.174	0.117238    	92.9039      	0.0433219  0.651524  	
0        	4       	0.89 	0.0481068   	90.3157      	0.0887757  1.42471   	
0        	5       	0.674	0.0524482   	92.055       	0.0753511  1.2418    	
0        	6       	0.336	0.0696092   	92.4078      	0.064055   1.12426   	
0        	7       	0.954	0.0388553   	93.3302      	0.0434987  0.489947  	
0        	8       	0.382	0.0447643   	90.3519      	0.0964814  2.31196   	
0        	9       	0.942	0.0909931   	91.9995      	0.0531891  0.599227  	
0        	10      	0.748	0.0859048   	93.7105      	0.0488505  1.01041   	
0        	11      	0.794	0.0984372   	93.5195      	0.0469358  1.2351    	
0        	12      	0.132	0.0424839   	90.0815      	0.104179   1.73733   	
0        	13      	0.942	0.189486    	94.4994      	0.0202675  0.300014  	
0        	14      	0.268	0.040487    	89.6361      	0.105182   1.64699   	
0        	15      	0.232	0.00400068  	0            	0          0.000624  	
0        	16      	0.94 	0.00585722  	0            	0          0.000378  	
0        	17      	0.948	0.0464559   	92.7979      	0.0635478  1.12537   	
0        	18      	0.078	0.0514482   	92.0409      	0.0654474  1.01114   	
0        	19      	0.686	0.0795251   	90.6849      	0.0519751  0.524441  	
0        	20      	0.936	0.0604695   	90.8641      	0.0770791  1.01317   	
