0        	1       	0.69 	0.00199569  	0            	0          0.00069   	
0        	2       	0.766	0.00905428  	0            	0          0.000719  	
0        	3       	0.942	0.00241428  	0            	0          0.000444  	
0        	4       	0.894	0.0544487   	91.1092      	0.0880282  1.57168   	
0        	5       	0.95 	0.0370225   	92.8995      	0.055123   0.787985  	
0        	6       	0.894	0.0327531   	87.5287      	0.137707   2.05741   	
0        	7       	0.728	0.0493948   	87.3013      	0.0844238  0.563805  	
0        	8       	0.522	0.0749693   	91.2398      	0.0553487  0.452495  	
0        	9       	0.948	0.0272823   	85.5988      	0.171561   2.43892   	
0        	10      	0.604	0.100467    	94.5673      	0.0367074  0.710813  	
0        	11      	0.926	0.0319495   	90.6515      	0.0948767  1.53591   	
0        	12      	0.944	0.00508252  	0            	0          0.000312  	
0        	13      	0.94 	0.0810138   	92.4574      	0.0603693  0.901031  	
0        	14      	0.938	0.00294098  	0            	0          0.000558  	
0        	15      	0.382	0.0399489   	89.7349      	0.111577   2.20599   	
0        	16      	0.06 	0.0378376   	88.4836      	0.103666   1.23454   	
0        	17      	0.108	0.00240356  	0            	0          0.000312  	
0        	18      	0.662	0.02813     	86.6852      	0.129131   1.57355   	
0        	19      	0.938	0.00249262  	0            	0          0.000378  	
0        	20      	0.914	0.035446    	88.4637      	0.129553   2.23749   	
