0        	1       	0.776	0.0637708   	88.9872      	0.0732154  0.638443  	
0        	2       	0.062	0.061593    	92.3084      	0.0678382  1.42579   	
0        	3       	0.592	0.0281803   	90.8267      	0.0473765  0.524298  	
0        	4       	0.662	0.145623    	92.8483      	0.0226321  0.112857  	
0        	5       	0.894	0.100005    	89.922       	0.0425532  0.225914  	
0        	6       	0.736	0.0840223   	93.8866      	0.0225256  0.226711  	
0        	7       	0.466	0.0472898   	90.4138      	0.10049    1.94785   	
0        	8       	0.936	0.0338262   	91.1952      	0.0844009  1.69845   	
0        	9       	0.952	0.0720523   	93.7371      	0.0323454  0.486623  	
0        	10      	0.926	0.029271    	93.2444      	0.0340977  0.337219  	
0        	11      	0.74 	0.0556639   	91.5774      	0.0838223  1.65521   	
0        	12      	0.068	0.0325929   	82.7963      	0.129221   0.823133  	
0        	13      	0.42 	0.069715    	91.2131      	0.0584169  0.637647  	
0        	14      	0.896	0.0633011   	92.0207      	0.0689061  1.04954   	
0        	15      	0.94 	0.0762119   	92.1715      	0.0404572  0.491241  	
0        	16      	0.118	0.0646475   	91.6288      	0.0556535  0.748331  	
0        	17      	0.05 	0.0261982   	91.0467      	0.0887067  1.49563   	
0        	18      	0.59 	0.063701    	92.2284      	0.0699568  1.34964   	
0        	19      	0.928	0.0478231   	89.7354      	0.0923982  0.979325  	
0        	20      	0.962	0.0217566   	89.9124      	0.108728   1.62629   	
