0        	1       	0.682	0.0401158   	88.9411      	0.114749   1.83455   	
0        	2       	0.794	0.0826111   	91.2019      	0.0524631  0.711042  	
0        	3       	0.938	0.0316948   	87.3277      	0.141957   1.91826   	
0        	4       	0.604	0.0339754   	91.1369      	0.0874548  1.36125   	
0        	5       	0.322	0.111414    	94.2194      	0.0272671  0.525029  	
0        	6       	0.046	0.019133    	92.7231      	0.0575845  1.03893   	
0        	7       	0.548	0.0457261   	90.7744      	0.0796686  1.12524   	
0        	8       	0.068	0.0755696   	89.1565      	0.0560028  0.376157  	
0        	9       	0.082	0.0248167   	92.0362      	0.0709679  1.22292   	
0        	10      	0.728	0.0671762   	93.1791      	0.0431203  0.526015  	
0        	11      	0.114	0.0140092   	94.3941      	0.032745   0.374785  	
0        	12      	0.884	0.044245    	88.2869      	0.107416   1.16445   	
0        	13      	0.954	0.037842    	87.3355      	0.125347   1.35382   	
0        	14      	0.914	0.0324767   	87.6459      	0.141116   2.17234   	
0        	15      	0.082	0.00206877  	0            	0          0.00051   	
0        	16      	0.54 	0.0485253   	89.0599      	0.0899595  0.939689  	
0        	17      	0.078	0.00367918  	0            	0          0.001296  	
0        	18      	0.094	0.0714503   	93.4458      	0.0509068  1.08641   	
0        	19      	0.282	0.089781    	93.8517      	0.0317536  0.524291  	
0        	20      	0.54 	0.00695425  	0            	0          0.00087   	
