0        	1       	0.998	0.0447479   	90.3126      	0.0965426  1.76367   	
0        	2       	0.12 	0.0302835   	93.1347      	0.025296   0.262571  	
0        	3       	0.938	0.0278649   	93.9837      	0.0146857  0.188667  	
0        	4       	0.466	0.0401786   	89.6863      	0.107016   1.7983    	
0        	5       	0.736	0.121777    	93.6616      	0.0407257  0.710789  	
0        	6       	0.67 	0.00705591  	0            	0          0.000888  	
0        	7       	0.948	0.044101    	89.6319      	0.107581   1.54101   	
0        	8       	0.958	0.0425496   	91.3701      	0.0903968  1.42464   	
0        	9       	0.962	0.0387364   	93.1407      	0.0493984  0.657535  	
0        	10      	0.668	0.170003    	92.522       	0.0128378  0.112865  	
0        	11      	0.94 	0.050801    	91.4705      	0.0821355  1.35074   	
0        	12      	0.082	0.10213     	93.2536      	0.0476907  0.786139  	
0        	13      	0.118	0.0678241   	93.708       	0.0397772  0.635947  	
0        	14      	0.226	0.00392677  	0            	0          0.000444  	
0        	15      	0.894	0.0303507   	85.4515      	0.152509   1.64621   	
0        	16      	0.958	0.0299476   	88.6618      	0.126978   1.87521   	
0        	17      	0.93 	0.0482328   	90.8204      	0.0942278  1.57335   	
0        	18      	0.644	0.0589744   	92.0664      	0.0625     0.714501  	
0        	19      	0.718	0.0108545   	0            	0          0.000756  	
0        	20      	0.826	0.0579522   	92.7701      	0.0607552  1.16115   	
