0        	1       	0.936	0.0300014   	93.929       	0.0217912  0.187533  	
0        	2       	0.826	0.0239955   	89.5487      	0.11063    1.61339   	
0        	3       	0.068	0.0638088   	91.735       	0.0679938  1.19746   	
0        	4       	0.26 	0.0897351   	93.5606      	0.0524529  0.992661  	
0        	5       	0.914	0.0455242   	89.6202      	0.0984058  1.38606   	
0        	6       	0.922	0.00275965  	0            	0          0.000444  	
0        	7       	0.662	0.00793047  	0            	0          0.000624  	
0        	8       	0.156	0.00320388  	0            	0          0.001002  	
0        	9       	0.952	0.0340837   	89.9322      	0.105501   1.82071   	
0        	10      	0.87 	0.0317958   	94.3428      	0.0170271  0.112708  	
0        	11      	0.592	0.0789374   	92.8401      	0.0611956  1.12188   	
0        	12      	0.954	0.00157564  	0            	0          0.000378  	
0        	13      	0.354	0.154217    	93.4508      	0.0276727  0.337315  	
0        	14      	0.156	0.0560796   	92.2035      	0.0624014  1.00978   	
0        	15      	0.944	0.0676413   	91.5299      	0.069681   0.865257  	
0        	16      	0.956	0.0276306   	87.2051      	0.151025   2.36589   	
0        	17      	0.102	0.106946    	92.5872      	0.0442028  0.530259  	
0        	18      	0.062	0.0860849   	93.2657      	0.0487992  0.93507   	
0        	19      	0.772	0.0364827   	88.605       	0.128515   2.13343   	
0        	20      	0.336	0.0424953   	89.8391      	0.109519   1.90745   	
