0        	1       	0.928	0.0263713   	86.1844      	0.166082   2.80785   	
0        	2       	0.826	0.0256881   	93.4523      	0.0202716  0.112633  	
0        	3       	0.06 	0.0867767   	94.532       	0.0326254  0.748152  	
0        	4       	0.15 	0.100183    	90.9706      	0.0466636  0.598819  	
0        	5       	0.514	0.107155    	93.8609      	0.0282908  0.299477  	
0        	6       	0.93 	0.0646267   	93.2037      	0.0528049  0.902373  	
0        	7       	0.466	0.12087     	95.0169      	0.0302371  0.533149  	
0        	8       	0.3  	0.027103    	0            	0          0.000576  	
0        	9       	0.944	0.0511911   	90.3531      	0.0884683  1.05504   	
0        	10      	0.572	0.0561143   	91.6166      	0.0818926  1.573     	
0        	11      	0.906	0.0595249   	91.3429      	0.048304   0.452487  	
0        	12      	0.772	0.0544351   	91.2559      	0.0829297  1.34628   	
0        	13      	0.062	0.0771077   	92.2608      	0.0538592  0.901675  	
0        	14      	0.936	0.065644    	90.0453      	0.0720981  0.793555  	
0        	15      	0.548	0.0522306   	94.3226      	0.035164   0.598619  	
0        	16      	0.548	0.0915055   	94.596       	0.0327912  0.41169   	
0        	17      	0.938	0.0756634   	93.784       	0.0489686  0.947779  	
0        	18      	0.67 	0.0448719   	89.4538      	0.101519   1.79858   	
0        	19      	0.604	0.0491415   	90.7496      	0.0904241  2.04965   	
0        	20      	0.59 	0.0501271   	89.6647      	0.0616295  0.449105  	
