0        	1       	0.626	0.00311262  	0            	0          0.00051   	
0        	2       	0.082	0.0542441   	91.2505      	0.0866283  1.4105    	
0        	3       	0.644	0.0927589   	93.1503      	0.0503651  0.711253  	
0        	4       	0.926	0.0260289   	85.5985      	0.174564   2.47363   	
0        	5       	0.216	0.0358495   	94.4292      	0.0304414  0.485809  	
0        	6       	0.794	0.00357868  	0            	0          0.000558  	
0        	7       	0.94 	0.000848692 	94.8098      	0.00471409 0.001069  	
0        	8       	0.59 	0.0343382   	93.1238      	0.0565682  1.12188   	
0        	9       	0.88 	0.00360755  	94.215       	0.00525431 0.001381  	
0        	10      	0.944	0.0334938   	89.5626      	0.104663   1.27754   	
0        	11      	0.078	0.0334764   	87.8943      	0.139915   2.39394   	
0        	12      	0.894	0.000361845 	94.9267      	0.00460787 0.000651  	
0        	13      	0.932	0.00695263  	0            	0          0.001542  	
0        	14      	0.952	0.0265837   	85.0906      	0.17421    2.20965   	
0        	15      	0.894	0.0699674   	92.3835      	0.0672043  1.23865   	
0        	16      	0.95 	0.0447161   	88.9748      	0.104524   1.38627   	
0        	17      	0.082	0.0300968   	89.4901      	0.081591   0.823987  	
0        	18      	0.958	0.050762    	91.8655      	0.0732235  1.04937   	
0        	19      	0.932	0.00258751  	0            	0          0.000804  	
0        	20      	0.932	0.0648051   	92.1623      	0.072348   1.36373   	
