0        	1       	0.936	0.0657598   	93.7252      	0.0417159  0.826245  	
0        	2       	0.582	0.0599503   	91.8345      	0.0786306  1.68567   	
0        	3       	0.884	0.0412041   	92.6997      	0.0567014  1.01061   	
0        	4       	0.83 	0.0609177   	92.97        	0.0546019  0.935057  	
0        	5       	0.466	0.0451428   	90.1825      	0.103922   1.60775   	
0        	6       	0.126	0.094903    	92.9867      	0.044337   0.635993  	
0        	7       	0.052	0.00321288  	0            	0          0.000444  	
0        	8       	0.948	0.0465983   	90.3038      	0.102523   1.6702    	
0        	9       	0.954	0.0309688   	86.4907      	0.149168   1.98449   	
0        	10      	0.87 	0.00377519  	95.3042      	0.00781983 0.001635  	
0        	11      	0.382	0.00256064  	0            	0          0.00051   	
0        	12      	0.682	0.00442834  	0            	0          0.00051   	
0        	13      	0.736	0.029819    	91.1663      	0.0843602  1.55825   	
0        	14      	0.924	0.0468461   	90.6449      	0.0825991  1.82177   	
0        	15      	0.948	0.0455395   	91.8149      	0.0776277  1.3542    	
0        	16      	0.682	0.00416159  	0            	0          0.00051   	
0        	17      	0.37 	0.108208    	94.5424      	0.0363031  0.937088  	
0        	18      	0.93 	0.260036    	95.047       	0.0121002  0.115811  	
0        	19      	0.736	0.00247663  	0            	0          0.000756  	
0        	20      	0.974	0.0308854   	86.7781      	0.151899   2.13381   	
