0        	1       	0.948	0.0620753   	94.3974      	0.0395835  0.486931  	
0        	2       	0.548	0.105688    	93.7869      	0.0262525  0.449093  	
0        	3       	0.662	0.042796    	89.7968      	0.110288   1.92443   	
0        	4       	0.238	0.0910893   	92.1588      	0.0437786  0.523835  	
0        	5       	0.922	0.069019    	91.5938      	0.0672814  0.788922  	
0        	6       	0.776	0.0482332   	91.1479      	0.0813498  1.45062   	
0        	7       	0.438	0.0536437   	92.1833      	0.0675014  1.08631   	
0        	8       	0.152	0.0445425   	94.4805      	0.0301427  0.336857  	
0        	9       	0.8  	0.0729438   	89.6056      	0.0579972  0.414206  	
0        	10      	0.948	0.0536362   	92.7015      	0.0485221  0.67389   	
0        	11      	0.948	0.030747    	88.6897      	0.1267     1.95399   	
0        	12      	0.59 	0.0445837   	92.1625      	0.0467355  0.562624  	
0        	13      	0.062	0.00229487  	95.3347      	0.0077691  0.001389  	
0        	14      	0.09 	0.0692199   	93.2026      	0.0287013  0.599195  	
0        	15      	0.862	0.0465082   	90.4088      	0.102741   1.62582   	
0        	16      	0.124	0.11428     	90.2655      	0.0458866  0.262394  	
0        	17      	0.69 	0.0421621   	89.6519      	0.112479   1.87979   	
0        	18      	0.052	0.0435019   	94.5599      	0.0337134  0.523932  	
0        	19      	0.964	0.0480331   	90.9266      	0.08602    1.38908   	
0        	20      	0.932	0.0521869   	90.8051      	0.0872052  1.24252   	
