0        	1       	0.926	0.036991    	88.7455      	0.124271   2.09835   	
0        	2       	0.772	0.00320467  	0            	0          0.000312  	
0        	3       	0.58 	0.00150064  	0            	0          0.000378  	
0        	4       	0.078	0.00550269  	0            	0          0.000576  	
0        	5       	0.718	0.0340787   	88.069       	0.132601   2.29063   	
0        	6       	0.926	0.00793501  	0            	0          0.000804  	
0        	7       	0.206	0.0311332   	87.7985      	0.141022   2.50677   	
0        	8       	0.956	0.00202505  	0            	0          0.000444  	
0        	9       	0.952	0.0213385   	82.7567      	0.218784   3.22042   	
0        	10      	0.942	0.00322198  	0            	0          0.000558  	
0        	11      	0.942	0.00701054  	0            	0          0.000312  	
0        	12      	0.776	0.0205387   	82.761       	0.220471   3.44149   	
0        	13      	0.964	0.00762163  	0            	0          0.000378  	
0        	14      	0.082	0.00415713  	0            	0          0.00069   	
0        	15      	0.102	0.0323979   	87.656       	0.138696   2.83393   	
0        	16      	0.124	0.00260255  	0            	0          0.000444  	
0        	17      	0.868	0.00578054  	0            	0          0.000444  	
0        	18      	0.082	0.0303473   	86.6092      	0.149953   2.15383   	
0        	19      	0.58 	0.00363721  	0            	0          0.000444  	
0        	20      	0.69 	0.00348745  	0            	0          0.000444  	
