0        	1       	0.466	0.0119758   	92.9574      	0.0211965  0.075378  	
0        	2       	0.942	0.0418009   	90.9574      	0.0926813  1.5026    	
0        	3       	0.952	0.0221868   	84.8163      	0.18544    2.8108    	
0        	4       	0.122	0.0603589   	88.6581      	0.0534637  0.337207  	
0        	5       	0.354	0.00301315  	0            	0          0.000576  	
0        	6       	0.958	0.0365843   	88.786       	0.117629   1.91653   	
0        	7       	0.048	0.133636    	94.1994      	0.0387174  0.673548  	
0        	8       	0.866	0.00538659  	0            	0          0.001428  	
0        	9       	0.258	0.0559516   	90.4483      	0.0532954  0.48823   	
0        	10      	0.15 	0.133645    	88.669       	0.0417502  0.188558  	
0        	11      	0.466	0.0740077   	92.0204      	0.0376142  0.342154  	
0        	12      	0.118	0.0369308   	88.8919      	0.124435   1.92956   	
0        	13      	0.826	0.0353119   	85.8113      	0.121866   1.23831   	
0        	14      	0.948	0.047615    	91.2051      	0.0806225  1.18961   	
0        	15      	0.316	0.0507898   	91.044       	0.0874551  1.68481   	
0        	16      	0.894	0.0302391   	86.2841      	0.123415   1.20035   	
0        	17      	0.06 	0.0629669   	91.8803      	0.0744626  1.45955   	
0        	18      	0.826	0.0417352   	91.228       	0.0827872  1.23643   	
0        	19      	0.466	0.0030026   	0            	0          0.000444  	
0        	20      	0.938	0.0129252   	0            	0          0.00051   	
