0        	1       	0.958	0.0470363   	89.8938      	0.0958479  1.09012   	
0        	2       	0.776	0.0659039   	94.3802      	0.0231428  0.15484   	
0        	3       	0.564	0.066472    	91.6701      	0.046478   0.487257  	
0        	4       	0.938	0.00494198  	0            	0          0.000756  	
0        	5       	0.548	0.0375788   	89.339       	0.117718   2.13357   	
0        	6       	0.132	0.00442505  	0            	0          0.001089  	
0        	7       	0.548	0.00601319  	0            	0          0.00069   	
0        	8       	0.466	0.0348403   	90.4288      	0.0982474  1.61196   	
0        	9       	0.948	0.0346315   	88.1655      	0.130675   1.79973   	
0        	10      	0.944	0.00578     	0            	0          0.00069   	
0        	11      	0.772	0.0340023   	88.0704      	0.130678   1.83589   	
0        	12      	0.734	0.0242425   	82.7337      	0.181      1.53805   	
0        	13      	0.514	0.119819    	91.7404      	0.0426576  0.823217  	
0        	14      	0.122	0.0541836   	91.8306      	0.0672068  1.01272   	
0        	15      	0.258	0.0734953   	92.7428      	0.0602755  1.16038   	
0        	16      	0.896	0.00338488  	0            	0          0.000444  	
0        	17      	0.94 	0.0904495   	93.6075      	0.0424989  0.5682    	
0        	18      	0.226	0.0328047   	91.5597      	0.0800487  1.27138   	
0        	19      	0.736	0.0441141   	88.8476      	0.107354   1.31243   	
0        	20      	0.202	0.0700355   	92.2493      	0.0683883  1.19841   	
