0        	1       	0.794	0.0324025   	85.2151      	0.143758   1.25446   	
0        	2       	0.8  	0.107952    	93.2453      	0.0355508  0.599371  	
0        	3       	0.962	0.0321124   	87.4282      	0.14271    2.29044   	
0        	4       	0.954	0.0654582   	91.6769      	0.0734086  1.16228   	
0        	5       	0.752	0.0241348   	86.0933      	0.162793   2.76612   	
0        	6       	0.932	0.00611119  	0            	0          0.00069   	
0        	7       	0.938	0.0305022   	85.8066      	0.154231   1.87329   	
0        	8       	0.952	0.205138    	93.4929      	0.0280479  0.262901  	
0        	9       	0.938	0.00689853  	0            	0          0.000444  	
0        	10      	0.938	0.0541888   	91.5853      	0.0798059  1.61039   	
0        	11      	0.398	0.0541321   	90.809       	0.0894331  1.30906   	
0        	12      	0.932	0.000776816 	0            	0          0.000378  	
0        	13      	0.206	0.00319487  	0            	0          0.000312  	
0        	14      	0.67 	0.0030952   	0            	0          0.000378  	
0        	15      	0.674	0.0355973   	89.0511      	0.120896   2.16838   	
0        	16      	0.938	0.00552831  	0            	0          0.001182  	
0        	17      	0.95 	0.0464625   	89.1435      	0.0976866  1.38948   	
0        	18      	0.8  	0.0926522   	93.6157      	0.0518056  0.972523  	
0        	19      	0.932	0.00377177  	0            	0          0.000558  	
0        	20      	0.408	0.0527249   	93.4434      	0.0546382  0.78526   	
