0        	1       	0.45 	0.0401124   	87.1395      	0.113428   0.939169  	
0        	2       	0.758	0.0245208   	91.733       	0.0761059  1.24033   	
0        	3       	0.282	0.0934967   	93.4074      	0.0566162  0.935707  	
0        	4       	0.914	0.0575636   	92.5899      	0.0492914  0.562428  	
0        	5       	0.952	0.0331403   	89.7288      	0.108477   1.89569   	
0        	6       	0.938	0.0221844   	94.1538      	0.0275764  0.337429  	
0        	7       	0.742	0.089358    	91.5365      	0.0398951  0.265842  	
0        	8       	0.466	0.0858322   	93.0466      	0.0556538  1.08466   	
0        	9       	0.564	0.0851911   	92.4044      	0.0423809  0.524142  	
0        	10      	0.932	0.0499475   	89.3559      	0.0958146  1.05019   	
0        	11      	0.718	0.0387121   	91.3684      	0.0625475  0.824153  	
0        	12      	0.18 	0.0907491   	92.3915      	0.04537    0.563189  	
0        	13      	0.914	0.116686    	93.8556      	0.0408719  0.637018  	
0        	14      	0.83 	0.0510122   	91.7023      	0.0799041  1.4466    	
0        	15      	0.882	0.0528155   	89.8837      	0.0785353  0.679633  	
0        	16      	0.772	0.0867956   	93.4631      	0.0513053  1.48318   	
0        	17      	0.064	0.0647067   	91.2104      	0.0723095  1.04781   	
0        	18      	0.912	0.0670221   	92.3788      	0.0658133  1.23535   	
0        	19      	0.948	0.0341231   	90.9327      	0.0904323  1.53296   	
0        	20      	0.202	0.182376    	94.0454      	0.0219404  0.26347   	
