0        	1       	0.978	0.0181831   	92.6883      	0.055788   0.600357  	
0        	2       	0.89 	0.0395198   	88.1803      	0.118483   1.50235   	
0        	3       	0.06 	0.0807881   	92.9568      	0.0594233  1.19735   	
0        	4       	0.776	0.0541914   	91.3654      	0.07285    0.860761  	
0        	5       	0.87 	0.0850915   	93.299       	0.0551268  0.936771  	
0        	6       	0.586	0.00214541  	0            	0          0.001002  	
0        	7       	0.894	0.0493987   	93.2029      	0.0542561  1.05181   	
0        	8       	0.216	0.0345837   	94.2675      	0.0205761  0.224984  	
0        	9       	0.06 	0.103616    	94.1861      	0.0386735  0.93524   	
0        	10      	0.448	0.00286276  	0            	0          0.00051   	
0        	11      	0.054	0.0668847   	92.801       	0.0635209  1.30909   	
0        	12      	0.856	0.0257898   	89.1905      	0.116264   1.7812    	
0        	13      	0.856	0.0740716   	92.786       	0.0601443  0.975273  	
0        	14      	0.958	0.0465154   	90.3953      	0.0974437  1.43144   	
0        	15      	0.95 	0.0878851   	94.0653      	0.0375183  0.638916  	
0        	16      	0.072	0.0519402   	91.1337      	0.0858422  1.49976   	
0        	17      	0.514	0.0934262   	93.9285      	0.0446671  0.786128  	
0        	18      	0.476	0.082044    	92.9336      	0.0548847  0.828573  	
0        	19      	0.682	0.0776588   	95.1762      	0.0145185  0.225865  	
0        	20      	0.854	0.068573    	92.379       	0.0698897  1.42277   	
