0        	1       	0.048	0           	95.8642      	0.00375982 0.000331  	
0        	2       	0.592	0.0455204   	89.9029      	0.10125    1.83353   	
0        	3       	0.748	0.0315569   	86.7         	0.15       2.20729   	
0        	4       	0.884	0.0592674   	91.1449      	0.0811746  1.23487   	
0        	5       	0.926	0.0544965   	91.3379      	0.0859766  1.53304   	
0        	6       	0.776	0.0613744   	90.9833      	0.0760395  1.00988   	
0        	7       	0.944	0.0664887   	94.2565      	0.0270919  0.374785  	
0        	8       	0.928	0.0424835   	91.3198      	0.0828729  1.35021   	
0        	9       	0.174	0.0505012   	90.4693      	0.0840942  1.12176   	
0        	10      	0.456	0.00209795  	0            	0          0.000756  	
0        	11      	0.202	0.00163531  	0            	0          0.001362  	
0        	12      	0.062	0.0805466   	93.7189      	0.0461848  0.897797  	
0        	13      	0.942	0.00284391  	0            	0          0.001182  	
0        	14      	0.644	0.0020312   	0            	0          0.001068  	
0        	15      	0.476	0.00033444  	0            	0          0.000378  	
0        	16      	0.564	0.00109508  	95.9798      	0.0036547  0.000302  	
0        	17      	0.238	0.0485314   	91.9307      	0.0765298  1.45966   	
0        	18      	0.728	0.024669    	85.7277      	0.169154   2.68199   	
0        	19      	0.276	0.0501792   	90.827       	0.0930954  1.53417   	
0        	20      	0.682	0.0330514   	92.4517      	0.0669874  1.34115   	
