0        	1       	0.258	0.096394    	95.3431      	0.0140164  0.187877  	
0        	2       	0.202	0.0350802   	93.5831      	0.0456487  0.637559  	
0        	3       	0.3  	0.058657    	92.9888      	0.0605455  1.27332   	
0        	4       	0.856	0.0277493   	84.7198      	0.170753   1.70189   	
0        	5       	0.964	0.0410484   	89.5576      	0.113504   1.91582   	
0        	6       	0.572	0.0301656   	87.5553      	0.139408   1.98617   	
0        	7       	0.958	0.00284612  	0            	0          0.000708  	
0        	8       	0.548	0.00194627  	0            	0          0.001248  	
0        	9       	0.952	0.0290775   	86.5688      	0.1593     2.54824   	
0        	10      	0.084	0.230579    	95.6248      	0.0106887  0.299586  	
0        	11      	0.466	0.0667292   	92.8049      	0.0607048  1.27215   	
0        	12      	0.072	0.0366116   	88.816       	0.123998   2.525     	
0        	13      	0.37 	0.00950754  	0            	0          0.001065  	
0        	14      	0.938	0.0561606   	92.4435      	0.0680209  1.31408   	
0        	15      	0.944	0.00471073  	0            	0          0.000378  	
0        	16      	0.316	0.0540193   	91.8633      	0.0783534  1.52976   	
0        	17      	0.174	0.0668976   	92.9359      	0.057322   0.860406  	
0        	18      	0.856	0.191039    	91.0821      	0.0275881  0.113302  	
0        	19      	0.232	0.00821545  	0            	0          0.000756  	
0        	20      	0.954	0.00511459  	0            	0          0.000804  	
