0        	1       	0.238	0.0568466   	93.1142      	0.056467   0.808296  	
0        	2       	0.932	0.0668678   	89.6623      	0.0533903  0.563272  	
0        	3       	0.548	0.0372394   	91.6993      	0.081915   1.53983   	
0        	4       	0.3  	0.0339415   	92.1606      	0.0467464  0.376687  	
0        	5       	0.082	0.0861213   	92.6739      	0.0530605  0.899296  	
0        	6       	0.368	0.0493896   	91.1368      	0.0616815  0.899477  	
0        	7       	0.572	0.066279    	92.2778      	0.0708172  1.31759   	
0        	8       	0.928	0.0191351   	92.216       	0.0665819  1.08845   	
0        	9       	0.082	0.0556883   	91.3055      	0.0824593  1.42721   	
0        	10      	0.514	0.0829728   	91.4963      	0.0591797  1.00923   	
0        	11      	0.548	0.0391142   	87.6122      	0.0991023  0.751209  	
0        	12      	0.072	0.066986    	92.866       	0.0601894  1.19758   	
0        	13      	0.444	0.000791154 	95.7666      	0.00384852 0.000405  	
0        	14      	0.15 	0.04212     	90.3352      	0.0943759  1.24739   	
0        	15      	0.466	0.0421625   	94.3969      	0.0334314  0.524432  	
0        	16      	0.586	0.0474963   	92.2455      	0.0693439  1.26101   	
0        	17      	0.678	0.125253    	93.7451      	0.0373204  0.561191  	
0        	18      	0.956	0.0681387   	91.9719      	0.0623539  0.828342  	
0        	19      	0.482	0.110111    	91.5765      	0.0435043  0.524208  	
0        	20      	0.954	0.0522862   	90.126       	0.0905512  1.12937   	
