0        	1       	0.082	0.0248534   	91.4926      	0.0591743  0.710988  	
0        	2       	0.058	0.0985058   	92.7055      	0.0485221  1.01058   	
0        	3       	0.894	0.0594467   	93.2923      	0.0551826  1.01501   	
0        	4       	0.06 	0.0428725   	91.3439      	0.0865614  1.38592   	
0        	5       	0.37 	0.0232016   	90.6774      	0.0786196  1.01461   	
0        	6       	0.572	0.0831179   	92.3395      	0.0532831  0.826914  	
0        	7       	0.072	0.00592421  	0            	0          0.00069   	
0        	8       	0.456	0.0912203   	93.0525      	0.0521848  1.08519   	
0        	9       	0.964	0.0418544   	89.778       	0.105568   1.61047   	
0        	10      	0.15 	0.0417729   	93.9896      	0.032824   0.450787  	
0        	11      	0.94 	0.194725    	93.0742      	0.0260566  0.151893  	
0        	12      	0.728	0.0485565   	90.5106      	0.0980649  1.62117   	
0        	13      	0.944	0.0537069   	90.8207      	0.0826291  1.2795    	
0        	14      	0.062	0.0249587   	88.2541      	0.0816993  0.523937  	
0        	15      	0.382	0.0413988   	89.6624      	0.109427   2.05707   	
0        	16      	0.772	0.0237433   	94.0678      	0.0422005  0.675265  	
0        	17      	0.074	0.060013    	91.4213      	0.0756948  1.08905   	
0        	18      	0.514	0.1044      	89.9713      	0.0310246  0.226164  	
0        	19      	0.078	0.00857021  	94.4721      	0.0304906  0.734243  	
0        	20      	0.19 	0.0698212   	91.363       	0.0670831  0.862556  	
