0        	1       	0.074	0.086538    	93.7824      	0.0321324  0.448471  	
0        	2       	0.95 	0.0564594   	91.1326      	0.0827444  1.13013   	
0        	3       	0.776	0.0524484   	91.0215      	0.0911217  1.49742   	
0        	4       	0.542	0.0428905   	82.5791      	0.0972027  0.377325  	
0        	5       	0.368	0.00189891  	0            	0          0.00069   	
0        	6       	0.772	0.0834446   	92.0574      	0.0575256  0.674311  	
0        	7       	0.906	0.0232357   	91.9412      	0.0754284  1.01449   	
0        	8       	0.942	0.0501246   	94.3701      	0.0361664  0.714249  	
0        	9       	0.944	0.0373529   	90.7833      	0.0829312  1.24025   	
0        	10      	0.202	0.0894786   	93.6751      	0.0233046  0.26238   	
0        	11      	0.928	0.00503457  	0            	0          0.000444  	
0        	12      	0.952	0.0607547   	92.5955      	0.0666525  1.12488   	
0        	13      	0.81 	0.0468215   	91.0864      	0.0619992  0.748397  	
0        	14      	0.316	0.059971    	91.9717      	0.0761406  1.68296   	
0        	15      	0.532	0.0386703   	89.9921      	0.106922   1.8332    	
0        	16      	0.532	0.0783895   	93.3529      	0.0532015  1.01397   	
0        	17      	1    	0.0466185   	90.4218      	0.0993851  1.72641   	
0        	18      	0.906	0.0590766   	92.1698      	0.0690608  1.20125   	
0        	19      	0.174	0.0602858   	90.2759      	0.0777925  1.12279   	
0        	20      	0.896	0.136085    	94.661       	0.0281185  0.337604  	
