0        	1       	0.654	0.0641442   	92.47        	0.0592913  1.27212   	
0        	2       	0.956	0.0705178   	91.8897      	0.0684265  0.935421  	
0        	3       	0.856	0.0536891   	92.5861      	0.0654165  1.27376   	
0        	4       	0.794	0.00466037  	0            	0          0.000378  	
0        	5       	0.776	0.0345049   	89.7599      	0.110372   1.87065   	
0        	6       	0.548	0.0602295   	92.5826      	0.0648656  0.972335  	
0        	7       	0.078	0.0483786   	92.0276      	0.0756109  1.42166   	
0        	8       	0.118	0.00449226  	0            	0          0.001608  	
0        	9       	0.74 	0.00576411  	0            	0          0.000378  	
0        	10      	0.22 	0.0462697   	90.6937      	0.096563   1.83233   	
0        	11      	0.958	0.050101    	93.6066      	0.047195   0.64671   	
0        	12      	0.214	0.016055    	90.2128      	0.0994695  1.70901   	
0        	13      	0.926	0.0369228   	93.6882      	0.0431177  0.634263  	
0        	14      	0.87 	0.0226905   	92.362       	0.0543352  0.562128  	
0        	15      	0.074	0.0748063   	92.4096      	0.0640399  1.04727   	
0        	16      	0.93 	0.0288313   	87.9202      	0.138778   2.06276   	
0        	17      	0.59 	0.0714699   	92.3537      	0.0574625  0.787164  	
0        	18      	0.896	0.0557917   	91.9776      	0.0676542  0.939392  	
0        	19      	0.22 	0.0255082   	93.9923      	0.0276669  0.262484  	
0        	20      	0.92 	0.00735263  	0            	0          0.00051   	
