0        	1       	0.772	0.00495206  	0            	0          0.00051   	
0        	2       	0.772	0.0024358   	0            	0          0.000444  	
0        	3       	0.952	0.0067092   	0            	0          0.000312  	
0        	4       	0.952	0.00436488  	0            	0          0.000312  	
0        	5       	0.926	0.031536    	87.3476      	0.148602   2.2178    	
0        	6       	0.592	0.0479357   	90.4989      	0.0940702  1.68505   	
0        	7       	0.8  	0.0396899   	87.2931      	0.11212    1.1972    	
0        	8       	0.108	0.0064955   	0            	0          0.000378  	
0        	9       	0.58 	0.0755424   	94.2043      	0.0359172  0.598643  	
0        	10      	0.906	0.0484389   	90.4858      	0.0976624  1.79716   	
0        	11      	0.948	0.0202211   	82.8806      	0.171608   1.27319   	
0        	12      	0.16 	0.00432467  	0            	0          0.000378  	
0        	13      	0.082	0.0283361   	86.3325      	0.159836   2.8648    	
0        	14      	0.914	0.0712393   	89.9828      	0.0665964  0.636126  	
0        	15      	0.558	0.0661164   	89.5277      	0.0728414  0.750873  	
0        	16      	0.922	0.0299904   	87.6732      	0.140768   2.21272   	
0        	17      	0.052	0.00400516  	0            	0          0.000444  	
0        	18      	0.662	0.0807405   	92.5064      	0.0521502  0.861443  	
0        	19      	0.214	0.0577483   	93.9962      	0.0430597  0.713101  	
0        	20      	0.932	0.039152    	90.1952      	0.0970773  1.57506   	
