0        	1       	0.93 	0.164698    	94.1863      	0.024565   0.336846  	
0        	2       	0.686	0.0458351   	92.0297      	0.0703258  1.16047   	
0        	3       	0.914	0.0818697   	93.1588      	0.0577192  1.0479    	
0        	4       	0.946	0.0183229   	91.2237      	0.0669624  0.639501  	
0        	5       	0.914	0.0513261   	92.3938      	0.0667213  1.3464    	
0        	6       	0.926	0.0556395   	91.2017      	0.0859462  1.46297   	
0        	7       	0.944	0.0899684   	93.5604      	0.0406865  0.492301  	
0        	8       	0.772	0.0482517   	92.651       	0.0379795  0.486451  	
0        	9       	0.344	0.0499056   	91.9998      	0.0758748  1.46069   	
0        	10      	0.914	0.0517857   	91.4305      	0.0740028  0.974623  	
0        	11      	0.93 	0.0883725   	88.9829      	0.0519326  0.562545  	
0        	12      	0.06 	0.0841234   	94.0961      	0.0417121  0.673367  	
0        	13      	0.054	0.0277317   	92.3969      	0.066297   1.33353   	
0        	14      	0.928	0.0252331   	93.6058      	0.0436579  0.524379  	
0        	15      	0.476	0.00120754  	0            	0          0.000378  	
0        	16      	0.064	0.19016     	93.3977      	0.0204248  0.41247   	
0        	17      	0.158	0.0571881   	91.8454      	0.0652366  1.04742   	
0        	18      	0.564	0.0807407   	93.2322      	0.0564246  1.38393   	
0        	19      	0.914	0.0635981   	91.6257      	0.0722857  1.16155   	
0        	20      	0.974	0.0307913   	86.9358      	0.147301   1.94347   	
