0        	1       	0.93 	0.0374234   	89.0468      	0.119984   1.91497   	
0        	2       	0.354	0.0351061   	86.5478      	0.133143   1.42402   	
0        	3       	0.06 	0.0253159   	92.6336      	0.0347239  0.37618   	
0        	4       	0.466	0.043552    	91.2816      	0.0863212  1.75813   	
0        	5       	0.592	0.00397351  	0            	0          0.000624  	
0        	6       	0.334	0.118066    	91.5778      	0.0435256  0.561204  	
0        	7       	0.152	0.0018794   	0            	0          0.000312  	
0        	8       	0.368	0.000741696 	0            	0          0.000378  	
0        	9       	0.922	0.0317524   	89.4291      	0.108509   1.50434   	
0        	10      	0.07 	0.00279676  	0            	0          0.00069   	
0        	11      	0.962	0.090578    	91.2159      	0.0554995  0.564244  	
0        	12      	0.3  	0.0358789   	88.9388      	0.104905   1.27227   	
0        	13      	0.932	0.0214704   	84.6012      	0.189885   3.01647   	
0        	14      	0.94 	0.00511194  	0            	0          0.000558  	
0        	15      	0.928	0.0292927   	87.6582      	0.139193   1.98214   	
0        	16      	0.96 	0.0686403   	92.5233      	0.067303   1.23826   	
0        	17      	0.794	0.00169129  	0            	0          0.000444  	
0        	18      	0.382	0.0291907   	92.1011      	0.0679763  1.00557   	
0        	19      	0.728	0.0255937   	93.0266      	0.054883   0.822791  	
0        	20      	0.202	0.0407812   	93.8996      	0.041652   0.673343  	
