0        	1       	0.044	0.00284971  	0            	0          0.000444  	
0        	2       	0.16 	0.0833973   	91.5858      	0.0597729  0.649669  	
0        	3       	0.514	0.0262102   	86.6377      	0.130529   1.34583   	
0        	4       	0.94 	0.029981    	87.3947      	0.145689   2.55042   	
0        	5       	0.962	0.0426099   	89.8007      	0.108966   1.7976    	
0        	6       	0.906	0.079252    	94.2982      	0.0318336  0.450209  	
0        	7       	0.414	0.00391055  	0            	0          0.000444  	
0        	8       	0.69 	0.043126    	89.9246      	0.0970222  1.5753    	
0        	9       	0.482	0.00437482  	0            	0          0.000378  	
0        	10      	0.456	0.0797707   	90.4802      	0.0448747  0.452159  	
0        	11      	0.81 	0.0288011   	84.8845      	0.164298   1.75967   	
0        	12      	0.048	0.0641454   	92.8632      	0.0572634  1.30209   	
0        	13      	0.944	0.102902    	92.2845      	0.0430498  0.601393  	
0        	14      	0.622	0.055763    	91.8303      	0.0672093  0.972955  	
0        	15      	0.084	0.0425776   	91.0615      	0.0916142  1.30991   	
0        	16      	0.772	0.0595242   	93.9831      	0.0392619  0.861068  	
0        	17      	0.94 	0.00869423  	0            	0          0.000378  	
0        	18      	0.69 	0.0315758   	91.6445      	0.0785973  1.57241   	
0        	19      	1    	0.0305865   	86.2444      	0.106788   0.751707  	
0        	20      	0.048	0.0473977   	86.0069      	0.101346   0.674764  	
