0        	1       	0.564	0.00439316  	0            	0          0.000756  	
0        	2       	0.2  	0.00280734  	0            	0          0.00087   	
0        	3       	0.532	0.0579436   	91.0259      	0.0822986  1.31048   	
0        	4       	0.466	0.0870225   	94.4016      	0.0312565  0.486429  	
0        	5       	0.81 	0.129177    	92.0672      	0.0417515  0.413346  	
0        	6       	0.926	0.0523679   	91.7748      	0.0792055  1.61154   	
0        	7       	0.952	0.0519091   	92.7321      	0.0596247  1.05115   	
0        	8       	0.884	0.081549    	93.1046      	0.0559266  1.19755   	
0        	9       	0.476	0.0601958   	92.2192      	0.0631079  0.82393   	
0        	10      	0.932	0.0562799   	91.2986      	0.0853701  1.34201   	
0        	11      	0.448	0.0389175   	88.3968      	0.0707123  0.715405  	
0        	12      	0.938	0.0291424   	84.7684      	0.148736   1.20436   	
0        	13      	0.928	0.0377478   	90.2623      	0.102079   1.57905   	
0        	14      	0.398	0.0497692   	86.8162      	0.0876488  0.674841  	
0        	15      	0.456	0.0323535   	90.6324      	0.0651923  0.710687  	
0        	16      	0.052	0.0560277   	91.6682      	0.0783746  1.4976    	
0        	17      	0.922	0.00171593  	0            	0          0.000444  	
0        	18      	0.862	0.0010633   	0            	0          0.000444  	
0        	19      	0.06 	0.0656273   	92.5179      	0.0615532  1.21083   	
0        	20      	0.928	0.0321443   	87.5951      	0.141925   2.49021   	
