0        	1       	0.226	0.00398442  	0            	0          0.000888  	
0        	2       	0.178	0.0946664   	93.0623      	0.0502729  1.04732   	
0        	3       	0.954	0.085804    	93.7437      	0.0485923  1.12288   	
0        	4       	0.514	0.0115195   	68.0631      	0.117675   0.187811  	
0        	5       	0.94 	0.0548559   	91.9284      	0.0753177  1.46674   	
0        	6       	0.952	0.0249385   	89.1577      	0.11972    1.87413   	
0        	7       	0.456	0.00843828  	0            	0          0.000378  	
0        	8       	0.3  	0.052187    	92.2665      	0.0652473  1.12428   	
0        	9       	0.81 	0.0135248   	94.3511      	0.0260146  0.225276  	
0        	10      	0.604	0.0622562   	92.156       	0.0709861  1.22477   	
0        	11      	0.16 	0.00462855  	0            	0          0.000624  	
0        	12      	0.958	0.0302201   	86.6733      	0.154885   2.55034   	
0        	13      	0.682	0.0594499   	91.9887      	0.069323   1.69795   	
0        	14      	0.686	0.0605482   	92.7129      	0.0614807  1.15947   	
0        	15      	0.572	0.0424307   	90.9305      	0.0873362  1.34844   	
0        	16      	0.776	0.00678889  	0            	0          0.001854  	
0        	17      	0.914	0.0521917   	91.1796      	0.0808891  1.31176   	
0        	18      	0.974	0.0677755   	93.1564      	0.0584921  1.09202   	
0        	19      	0.826	0.00239994  	0            	0          0.00087   	
0        	20      	0.456	0.0643794   	90.731       	0.0741516  1.33661   	
