0        	1       	0.74 	0.00567901  	0            	0          0.000624  	
0        	2       	0.928	0.00522271  	0            	0          0.001116  	
0        	3       	0.914	0.02048     	82.1687      	0.229155   3.51489   	
0        	4       	0.108	0.00658298  	0            	0          0.000378  	
0        	5       	0.082	0.038859    	89.5413      	0.113682   1.94423   	
0        	6       	0.622	0.0164416   	91.337       	0.0700825  0.710579  	
0        	7       	0.674	0.00628629  	0            	0          0.000312  	
0        	8       	0.132	0.00750601  	0            	0          0.000378  	
0        	9       	0.954	0.00475402  	0            	0          0.000312  	
0        	10      	0.772	0.0349863   	87.9626      	0.13576    2.13458   	
0        	11      	0.078	0.00461312  	0            	0          0.000378  	
0        	12      	0.238	0.00266894  	0            	0          0.00087   	
0        	13      	0.826	0.0327703   	87.6888      	0.144432   2.07071   	
0        	14      	0.938	0.0223167   	86.6999      	0.153916   2.42413   	
0        	15      	0.938	0.00623932  	0            	0          0.000312  	
0        	16      	0.466	0.0375024   	89.8474      	0.100521   1.30875   	
0        	17      	0.776	0.00316674  	0            	0          0.000378  	
0        	18      	0.89 	0.0321771   	87.609       	0.144783   2.43824   	
0        	19      	0.236	0.0527617   	91.2266      	0.0844842  1.49575   	
0        	20      	0.928	0.00657946  	0            	0          0.000624  	
