0        	1       	0.048	0.117238    	93.9087      	0.0463469  0.598608  	
0        	2       	0.118	0.0609046   	91.9559      	0.0643525  1.05468   	
0        	3       	0.938	0.00361071  	0            	0          0.000378  	
0        	4       	0.548	0.0237696   	89.6583      	0.10841    1.57214   	
0        	5       	0.084	0.0389685   	87.9861      	0.117315   1.49957   	
0        	6       	0.094	0.035106    	91.869       	0.0771153  1.53326   	
0        	7       	0.408	0.00168134  	0            	0          0.000444  	
0        	8       	0.54 	0.0470006   	90.4586      	0.0841886  1.19754   	
0        	9       	0.938	0.00150042  	0            	0          0.000378  	
0        	10      	0.296	0.0340762   	88.5427      	0.130059   2.38823   	
0        	11      	0.74 	0.000233585 	0            	0          0.000444  	
0        	12      	0.938	0.00480093  	0            	0          0.000444  	
0        	13      	0.776	0.0504295   	91.2321      	0.0868109  1.5751    	
0        	14      	0.74 	0.0499386   	90.5875      	0.0955262  1.75872   	
0        	15      	0.922	0.0413866   	89.4394      	0.109578   1.57674   	
0        	16      	0.8  	0.00484652  	0            	0          0.000756  	
0        	17      	0.924	0.0307183   	87.0697      	0.150702   2.40055   	
0        	18      	0.924	0.0036593   	0            	0          0.00051   	
0        	19      	0.866	0.0445473   	88.5212      	0.105268   1.27699   	
0        	20      	0.914	0.0028054   	0            	0          0.00069   	
