0        	1       	0.87 	0.0660387   	92.0988      	0.0525578  0.635875  	
0        	2       	0.914	0.00720499  	0            	0          0.000378  	
0        	3       	0.728	0.0722483   	92.1729      	0.0520359  0.74941   	
0        	4       	0.936	0.0426343   	90.8068      	0.0910214  1.45855   	
0        	5       	0.674	0.0886115   	91.156       	0.0527371  0.451382  	
0        	6       	0.15 	0.137273    	92.6754      	0.0378286  0.411827  	
0        	7       	0.482	0.0787629   	93.7153      	0.0424643  0.561197  	
0        	8       	0.922	0.0366474   	88.841       	0.117527   2.08723   	
0        	9       	0.826	0.0833005   	92.8063      	0.0575764  0.868704  	
0        	10      	0.928	0.0400821   	89.393       	0.0915583  0.938531  	
0        	11      	0.928	0.0569894   	91.2125      	0.0414226  0.375585  	
0        	12      	0.95 	0.0245297   	91.5528      	0.0814553  1.35144   	
0        	13      	0.958	0.0271841   	84.0033      	0.165984   1.42528   	
0        	14      	0.782	0.0352871   	88.9506      	0.119095   2.05729   	
0        	15      	0.94 	0.0325234   	87.1845      	0.134254   1.76663   	
0        	16      	0.226	0.00634184  	0            	0          0.000312  	
0        	17      	0.54 	0.0450488   	90.6939      	0.0955257  1.6062    	
0        	18      	0.174	0.00399273  	0            	0          0.000312  	
0        	19      	0.06 	0.0798131   	91.2275      	0.0554268  0.636173  	
0        	20      	0.18 	0.105404    	92.544       	0.0444603  0.672135  	
