0        	1       	0.206	0.0360906   	89.4824      	0.105447   1.96135   	
0        	2       	0.084	0.071704    	93.0135      	0.0628279  0.935107  	
0        	3       	0.668	0.059568    	92.5576      	0.0669935  1.38435   	
0        	4       	0.15 	0.162194    	93.4128      	0.0278138  0.337145  	
0        	5       	0.064	0.102819    	93.374       	0.0348736  0.561653  	
0        	6       	0.258	0.029824    	92.9622      	0.0331974  0.262701  	
0        	7       	0.884	0.0268814   	85.4928      	0.169509   2.28807   	
0        	8       	0.094	0.121706    	93.606       	0.0410831  0.598682  	
0        	9       	0.782	0.0479476   	93.3163      	0.0398788  0.750602  	
0        	10      	0.2  	0.0850274   	91.9369      	0.0416428  0.376088  	
0        	11      	0.234	0.0606823   	90.6589      	0.0725525  0.902181  	
0        	12      	0.102	0.0578202   	91.5333      	0.0762142  1.38587   	
0        	13      	0.93 	0.102346    	90.203       	0.0505977  0.524597  	
0        	14      	0.96 	0.0453691   	89.4585      	0.0660343  0.498763  	
0        	15      	0.932	0.0368232   	85.8735      	0.129497   1.05194   	
0        	16      	0.514	0.00104671  	0            	0          0.00051   	
0        	17      	0.644	0.001887    	0            	0          0.001002  	
0        	18      	0.846	0.0586751   	89.2051      	0.0682044  0.673965  	
0        	19      	0.916	0.0354137   	90.5129      	0.0983284  1.42549   	
0        	20      	0.074	0.0363635   	89.1142      	0.121087   2.50588   	
