0        	1       	0.958	0.00553642  	0            	0          0.000378  	
0        	2       	0.232	0.0988268   	93.6038      	0.0363651  0.523937  	
0        	3       	0.938	0.0822911   	92.7135      	0.0547585  0.974583  	
0        	4       	0.938	0.0261074   	85.8977      	0.169529   2.36256   	
0        	5       	0.938	0.0566603   	92.2261      	0.0541013  0.712416  	
0        	6       	0.066	0.00307512  	0            	0          0.000444  	
0        	7       	0.93 	0.0558048   	91.5602      	0.0783416  1.8168    	
0        	8       	0.896	0.0541061   	91.1516      	0.0856688  1.49678   	
0        	9       	0.16 	0.0509224   	94.3354      	0.0331071  0.565167  	
0        	10      	0.476	0.0349955   	88.7145      	0.126422   2.0977    	
0        	11      	0.156	0.00452031  	0            	0          0.000756  	
0        	12      	0.948	0.0199483   	89.8193      	0.107765   1.46329   	
0        	13      	0.674	0.0427881   	90.3791      	0.0987576  1.72138   	
0        	14      	0.69 	0.00351169  	0            	0          0.000378  	
0        	15      	0.202	0.0903681   	92.6838      	0.0443675  0.336929  	
0        	16      	0.466	0.0460458   	93.2702      	0.0339674  0.374433  	
0        	17      	0.952	0.0430915   	90.7959      	0.0898772  1.20395   	
0        	18      	0.94 	0.00859539  	0            	0          0.00051   	
0        	19      	1    	0.0727788   	92.2032      	0.058564   0.756213  	
0        	20      	0.05 	0.046599    	90.8463      	0.0939622  1.8322    	
