0        	1       	0.846	0.0414632   	90.0201      	0.0946145  1.42114   	
0        	2       	0.548	0.00509689  	0            	0          0.000444  	
0        	3       	0.69 	0.00208868  	0            	0          0.000936  	
0        	4       	0.948	0.0433526   	88.9267      	0.109598   1.35143   	
0        	5       	0.73 	0.0538856   	91.2403      	0.0878389  1.79612   	
0        	6       	0.972	0.0365301   	89.427       	0.112925   1.65116   	
0        	7       	0.686	0.0580844   	92.0632      	0.0552345  0.785478  	
0        	8       	0.59 	0.0864863   	92.8665      	0.0524797  0.860309  	
0        	9       	0.932	0.0410703   	90.7654      	0.0947925  1.53639   	
0        	10      	0.938	0.0023337   	0            	0          0.001788  	
0        	11      	0.954	0.00235804  	94.6405      	0.00486784 0.000511  	
0        	12      	0.938	0.00187643  	93.5163      	0.00588893 0.001249  	
0        	13      	0.922	0.00252312  	0            	0          0.000378  	
0        	14      	0.58 	0.04973     	91.065       	0.084406   1.9118    	
0        	15      	0.958	0.00237503  	94.233       	0.00524274 0.000154  	
0        	16      	0.06 	0.0475767   	90.4084      	0.0788713  0.973159  	
0        	17      	0.924	0.0433642   	89.8321      	0.108632   1.76533   	
0        	18      	0.456	0.093932    	92.6735      	0.0487349  0.860213  	
0        	19      	0.914	0.0294964   	87.4874      	0.146203   2.43191   	
0        	20      	0.794	0.0455709   	88.6062      	0.104488   1.16054   	
