0        	1       	0.548	0.0264388   	86.8479      	0.156716   3.06767   	
0        	2       	0.952	0.00317872  	0            	0          0.000444  	
0        	3       	0.854	0.0236901   	91.2398      	0.0819941  1.05426   	
0        	4       	0.954	0.0381588   	88.3559      	0.108612   1.26431   	
0        	5       	0.108	0.0402328   	89.3563      	0.0898005  1.00983   	
0        	6       	0.336	0.101766    	93.8276      	0.0390209  0.598512  	
0        	7       	0.938	0.0210154   	92.4381      	0.0670814  1.011     	
0        	8       	0.226	0.149301    	92.1113      	0.0333093  0.412361  	
0        	9       	0.81 	0.11808     	92.6046      	0.0448752  0.488088  	
0        	10      	0.938	0.0524556   	88.654       	0.0907683  0.904653  	
0        	11      	0.944	0.0744982   	93.0384      	0.0484478  0.67562   	
0        	12      	0.514	0.0868407   	92.4505      	0.0477265  0.712409  	
0        	13      	0.062	0.0535199   	92.2228      	0.0433944  0.524021  	
0        	14      	0.846	0.0475923   	91.6219      	0.0814283  1.4831    	
0        	15      	0.6  	0.0629669   	92.1717      	0.0644007  1.19912   	
0        	16      	0.174	0.0816287   	90.9318      	0.0573275  0.785159  	
0        	17      	0.938	0.0510434   	90.7749      	0.0864095  1.1948    	
0        	18      	0.928	0.0637996   	92.4047      	0.0676507  1.06885   	
0        	19      	0.398	0.00544179  	0            	0          0.000444  	
0        	20      	0.368	0.0716513   	88.695       	0.0630782  0.711697  	
