 1  2 43.1  23.0  10.8  55.4  40.8 17  2  3  6.1 -54.0  58.0  58.0  58.0  2  3  3  3.5   6.8  95.2  95.2  95.2  3  4  3 11.3  53.6  51.4  51.4  51.4  4  5  2 32.1  20.2  26.8  96.0  70.7 17  6  3  4.0   4.2  96.2  96.2  96.2  6  7  1 12.1  11.6  92.6  92.6  92.6  7  8  2 31.0 -10.9  25.8  43.8  40.6  7  9  2 50.7  27.0   8.4  26.0  19.1 17 10  2 29.7 -49.7  28.2  79.4  69.1 14 11  3  7.5   5.7  97.4  97.4  97.4 11 12  3  5.8 -57.9  56.4  56.4  56.4 12 13  2 43.9 -37.0  15.2  60.4  33.1 15 14  1  4.2 -28.8  87.0  87.0  87.0 14 15  1 14.4 -45.8  54.8  54.8  54.8 15 16  3  4.5   7.2  95.8  95.8  95.8 16 17  1 20.7  14.5  73.6  73.6  73.6 17 18  2 46.1 -29.9   7.2  19.4  16.9 14 19  3  7.4  47.0  66.2  66.2  66.2 19 20  3  6.2 -57.2  56.4  56.4  56.4 20 
8.53 11.08 5.63 13.08 61.69 
 1  1 18.5  18.7  80.0  80.0  80.0  1  2  1 16.4 -15.9  82.6  82.6  82.6  2  3  2 45.9   0.9   5.4  16.2   8.8  7  4  2 38.7  27.9  16.0  72.8  58.2  1  5  3  3.8  10.6  93.8  93.8  93.8  5  6  3  3.7  29.1  86.8  86.8  86.8  6  7  1 26.4   4.0  54.2  54.2  54.2  7  8  1 16.4 -35.2  66.8  66.8  66.8  8  9  3 19.2 -38.0  58.2  58.2  58.2  9 10  2 32.8 -31.3  23.6  84.2  69.5  2 11  3  7.9  14.5  94.4  94.4  94.4 11 12  2 29.2 -28.4  35.4  87.0  79.5 18 13  3 21.7  32.8  53.2  53.2  53.2 13 14  3  6.8  -7.0  97.4  97.4  97.4 14 15  3  1.6   7.0  95.2  95.2  95.2 15 16  3 26.6 -13.6  51.6  51.6  51.6 16 17  2 33.3 -46.9  22.6  92.4  61.7  8 18  1 14.5 -14.4  91.4  91.4  91.4 18 19  2 32.8  12.5  21.4  88.2  70.6  1 20  3 13.4  -1.1  95.0  95.0  95.0 20 
11.62 8.47 3.50 7.15 9.51 59.75 
 1  1 10.3 -18.4  90.6  90.6  90.6  1  2  2 30.0  39.8  36.8  80.0  66.1  9  3  2 29.1 -19.6  40.8  88.4  80.1  1  4  2 32.9   3.0  20.2  88.2  78.0 20  5  2 27.4 -47.7  33.6  77.6  70.3  1  6  3 16.3   5.4  92.8  92.8  92.8  6  7  2 33.4 -30.8  25.8  73.6  66.7  1  8  2 40.0  21.0  11.8  61.6  50.9  9  9  1 18.9  12.8  82.6  82.6  82.6  9 10  3 24.2  24.0  54.0  54.0  54.0 10 11  3  4.5  -0.7  96.4  96.4  96.4 11 12  3  0.8  -3.1  94.8  94.8  94.8 12 13  3 21.0 -24.0  68.8  68.8  68.8 13 14  3 12.6  45.0  59.2  59.2  59.2 14 15  2 25.8 -49.7  33.6  79.4  71.9  1 16  3  4.1   6.7  95.6  95.6  95.6 16 17  2 33.9   4.1  19.0  76.2  67.4 20 18  3  0.3  28.2  91.6  91.6  91.6 18 19  3  0.2  -0.7  98.6  98.6  98.6 19 20  1 19.9  -3.6  88.4  88.4  88.4 20 
17.94 9.43 11.05 61.58 
 1  3  2.9   5.7  94.6  94.6  94.6  1  2  2 53.5  21.6   6.8  10.8   8.4 18  3  3  0.2  -0.1 100.0 100.0 100.0  3  4  2 46.5   1.9   5.4   7.4   7.0  7  5  2 46.7 -14.9   6.4  25.8  17.1 11  6  3 12.3 -50.6  56.4  56.4  56.4  6  7  1  3.5  -3.7  94.8  94.8  94.8  7  8  1  9.1 -22.2  91.4  91.4  91.4  8  9  1  8.5 -13.1  94.0  94.0  94.0  9 10  2 32.9 -35.0  25.8  73.6  67.3  8 11  1 25.0  -6.7  66.2  66.2  66.2 11 12  3  8.5 -54.0  56.4  56.4  56.4 12 13  3  3.3  10.4  93.8  93.8  93.8 13 14  3  2.7  15.6  92.8  92.8  92.8 14 15  3  8.7  -0.3  93.8  93.8  93.8 15 16  3  8.2  -0.3  94.2  94.2  94.2 16 17  2 45.5 -25.5   7.8  39.8  26.3 11 18  1 10.7  33.1  77.6  77.6  77.6 18 19  2 30.2 -13.2  32.2  72.8  68.4  9 20  3  3.0  -8.2  97.2  97.2  97.2 20 
6.39 9.97 10.20 6.89 5.40 61.15 
 1  2 46.3   6.9   6.2   7.8   7.1 12  2  1 18.8 -14.0  82.6  82.6  82.6  2  3  1 10.4  10.1  95.0  95.0  95.0  3  4  1 13.6 -20.1  82.6  82.6  82.6  4  5  3  4.8   3.2  95.4  95.4  95.4  5  6  3  4.3  -6.6  95.6  95.6  95.6  6  7  2 51.8 -22.7   4.8  13.2  10.9  4  8  2 53.0  22.1   6.2  18.0  10.9  9  9  1 22.0  26.6  60.4  60.4  60.4  9 10  3  0.9  -3.5  93.8  93.8  93.8 10 11  3  3.1  13.7  93.6  93.6  93.6 11 12  1 13.7  16.1  91.4  91.4  91.4 12 13  3 49.2  -2.0   7.2   7.2   7.2 13 14  3  0.9  -0.2  95.8  95.8  95.8 14 15  3  2.5  -0.4  95.4  95.4  95.4 15 16  3  8.3  -5.8  93.8  93.8  93.8 16 17  2 38.9   1.0   8.2  18.6  15.4  2 18  2 43.9   1.5   6.0   7.8   7.4  3 19  3 21.1  32.7  59.0  59.0  59.0 19 20  3 16.3  21.6  78.2  78.2  78.2 20 
7.40 7.74 7.07 5.39 7.45 64.96 
 1  2 32.0 -21.6  26.8  77.0  71.5 12  2  3  5.4  22.1  90.6  90.6  90.6  2  3  2 47.5 -10.6   6.2  14.8   8.0 20  4  3 17.5 -26.7  69.0  69.0  69.0  4  5  3  6.2  20.1  93.8  93.8  93.8  5  6  3  3.6  56.2  58.0  58.0  58.0  6  7  2 51.6 -10.0   5.0   7.4   6.9 11  8  1 11.3 -31.0  79.4  79.4  79.4  8  9  2 27.1 -25.7  39.8  89.4  83.0 12 10  2 33.8 -10.0  20.2  65.0  60.3 12 11  1 11.9   3.7  93.2  93.2  93.2 11 12  1 13.3 -12.3  92.8  92.8  92.8 12 13  3 26.8   9.0  57.2  57.2  57.2 13 14  3 10.9   8.5  94.8  94.8  94.8 14 15  2 32.5 -38.9  25.8  86.2  68.4  8 16  3  4.2 -10.9  94.2  94.2  94.2 16 17  3 10.9  -8.1  93.2  93.2  93.2 17 18  3  8.6  -5.5  93.6  93.6  93.6 18 19  3 13.3  -3.2  95.0  95.0  95.0 19 20  1 26.1   0.6  54.2  54.2  54.2 20 
8.42 5.70 17.52 3.54 64.81 
 1  3  0.6  -5.1  94.8  94.8  94.8  1  2  3  5.6  14.7  92.8  92.8  92.8  2  3  3 12.9  46.3  59.2  59.2  59.2  3  4  3  1.0   1.4  94.0  94.0  94.0  4  5  3 17.0 -53.1  45.6  45.6  45.6  5  6  2 32.1 -29.8  27.6  82.6  66.9 18  7  3 25.5 -14.5  58.6  58.6  58.6  7  8  2 29.3  18.6  40.8  96.0  79.3 19  9  3  5.9 -12.9  93.8  93.8  93.8  9 10  3 21.1  17.6  73.6  73.6  73.6 10 11  3 19.0 -54.6  45.6  45.6  45.6 11 12  2 29.1  15.2  40.8  96.6  79.8 19 13  2 31.3  -0.6  25.8  84.0  68.0 18 14  3  8.9  10.7  93.2  93.2  93.2 14 15  3 22.9  18.3  66.2  66.2  66.2 15 16  3 11.2  35.7  77.2  77.2  77.2 16 17  3 13.7  38.4  67.6  67.6  67.6 17 18  1 20.6 -11.8  81.0  81.0  81.0 18 19  1 17.9  12.9  82.6  82.6  82.6 19 20  2 34.5 -48.2  22.6  66.8  54.1 18 
14.82 13.26 71.91 
 1  3  0.3  -1.8  94.0  94.0  94.0  1  2  2 37.5  24.2  16.0  76.2  61.0 15  3  3  4.0 -29.7  86.6  86.6  86.6  3  4  3  6.4 -28.1  85.6  85.6  85.6  4  5  3 54.2   3.7   7.8   7.8   7.8  5  6  3 10.9 -34.9  77.2  77.2  77.2  6  7  3 20.0  31.2  62.2  62.2  62.2  7  8  2 28.0  43.3  36.8  91.4  73.1 15  9  2 37.0  31.1  20.2  84.2  67.4 15 10  3 15.7 -30.8  69.0  69.0  69.0 10 11  1  9.6   5.3  94.2  94.2  94.2 11 12  3 14.4   0.8  94.4  94.4  94.4 12 13  3  4.5  53.0  58.0  58.0  58.0 13 14  3  1.5   0.8  94.0  94.0  94.0 14 15  1 17.3  23.8  80.0  80.0  80.0 15 16  3 10.0  -1.5  93.6  93.6  93.6 16 17  2 57.4 -12.4   4.2   6.2   5.8 11 18  3 22.3  36.5  53.2  53.2  53.2 18 19  3  7.8 -29.0  83.0  83.0  83.0 19 20  3 11.5 -25.8  84.6  84.6  84.6 20 
6.13 17.25 76.62 
 1  3  1.6  10.3  95.4  95.4  95.4  1  2  3  5.8  22.7  90.6  90.6  90.6  2  3  3  8.2 -49.2  66.2  66.2  66.2  3  4  2 35.4  32.8  23.2  81.0  59.6 12  5  3  2.7  -2.4  94.4  94.4  94.4  5  6  1 23.3  -5.8  72.8  72.8  72.8  6  7  2 31.3   4.7  25.8  91.8  66.8  6  8  3  4.5  24.6  91.4  91.4  91.4  8  9  2 38.1 -10.1  13.2  76.2  55.5  6 10  3  2.0  37.6  86.6  86.6  86.6 10 11  3 14.2 -10.2  92.8  92.8  92.8 11 12  1 20.9  15.3  73.6  73.6  73.6 12 13  3  0.8   0.5  95.8  95.8  95.8 13 14  3 58.6   7.2   7.8   7.8   7.8 14 15  3  8.1   5.8  93.8  93.8  93.8 15 16  3  5.5   3.2  93.6  93.6  93.6 16 17  3 11.9 -18.9  91.4  91.4  91.4 17 18  3  4.7 -10.9  95.8  95.8  95.8 18 19  3  0.1  29.4  89.4  89.4  89.4 19 20  3 10.4 -17.5  92.4  92.4  92.4 20 
10.91 7.45 81.63 
 1  3  1.4  -1.4  95.0  95.0  95.0  1  2  3 26.6 -20.6  47.6  47.6  47.6  2  3  2 49.4  19.0   4.8  20.4  15.0  7  4  2 29.7 -27.0  35.4  87.0  79.5 19  5  3  6.0   9.7  94.2  94.2  94.2  5  6  3  1.2  22.1  94.2  94.2  94.2  6  7  1 20.7  18.3  73.6  73.6  73.6  7  8  2 52.0 -27.7   8.4  26.0  17.9 20  9  3  9.1   2.4  93.0  93.0  93.0  9 10  3 17.0 -48.4  54.8  54.8  54.8 10 11  3 11.2  37.0  77.2  77.2  77.2 11 12  3  8.3  21.0  91.4  91.4  91.4 12 13  3  6.2   9.6  94.2  94.2  94.2 13 14  1 18.8 -17.5  80.0  80.0  80.0 14 15  3 27.7   8.4  45.0  45.0  45.0 15 16  3  0.5  -7.2  95.2  95.2  95.2 16 17  2 34.4  -8.2  16.0  72.0  57.6 14 18  3 11.3  -7.5  93.2  93.2  93.2 18 19  1 11.2 -20.2  91.4  91.4  91.4 19 20  1 18.6 -29.6  69.0  69.0  69.0 20 
5.44 8.45 10.49 5.34 70.29 
 1  1 16.2  19.5  84.6  84.6  84.6  1  2  3  5.5  -1.3  96.2  96.2  96.2  2  3  1 10.1 -34.5  77.2  77.2  77.2  3  4  1 21.0 -18.9  73.4  73.4  73.4  4  5  3 19.4 -37.0  59.0  59.0  59.0  5  6  2 32.4 -26.7  28.8  96.0  70.5  4  7  2 37.6  -7.2  13.2  67.8  36.6 17  8  3  2.0   0.2  95.0  95.0  95.0  8  9  3  4.1  -0.6  95.6  95.6  95.6  9 10  3  7.3  17.7  93.8  93.8  93.8 10 11  2 31.8   1.8  26.0  76.2  68.1 18 12  3  6.9  38.7  77.2  77.2  77.2 12 13  3 22.2  10.3  72.8  72.8  72.8 13 14  3  6.5  48.8  66.2  66.2  66.2 14 15  2 29.6 -31.4  34.2  89.4  69.0  3 16  2 49.4  30.5   6.8  25.8  21.8  1 17  1 25.1 -19.6  54.0  54.0  54.0 17 18  1 16.7  10.0  89.4  89.4  89.4 18 19  3  5.2   3.6  93.6  93.6  93.6 19 20  3  7.8 -35.8  77.2  77.2  77.2 20 
6.13 8.42 8.28 5.22 9.07 62.89 
 1  3  8.0 -13.0  94.0  94.0  94.0  1  2  3 10.3   8.6  93.2  93.2  93.2  2  3  2 39.9  -3.3   7.8  73.2  41.9 19  4  3 23.4 -44.9  46.6  46.6  46.6  4  5  3 18.1  -9.9  87.0  87.0  87.0  5  6  2 44.2  15.5   7.4  20.4  18.2 17  7  3 23.0 -33.4  53.2  53.2  53.2  7  8  3  0.3   0.3 100.0 100.0 100.0  8  9  3 25.0 -26.1  47.6  47.6  47.6  9 10  3  6.0  22.4  90.6  90.6  90.6 10 11  2 41.1 -36.5  15.6  67.0  53.6 14 12  3  0.0   0.1 100.0 100.0 100.0 12 13  3 15.5 -23.0  78.2  78.2  78.2 13 14  1 20.0 -15.8  80.0  80.0  80.0 14 15  3  7.8 -26.5  87.0  87.0  87.0 15 16  2 44.9  11.0   6.0  20.4  11.7 19 17  1 16.2  10.5  89.4  89.4  89.4 17 18  2 46.6   6.9   6.2  14.8   8.5 19 19  1 27.5  -6.5  57.2  57.2  57.2 19 20  3  1.9   0.9  94.0  94.0  94.0 20 
9.12 7.34 8.13 75.41 
 1  2 37.6   9.9  13.2  84.0  55.6 10  2  2 40.4   5.2  10.2  73.2  41.9 11  3  3 15.2  35.0  67.6  67.6  67.6  3  4  2 41.9 -38.2  15.6  73.6  45.2  6  5  3 10.5  -6.8  93.0  93.0  93.0  5  6  1 15.6 -39.6  61.4  61.4  61.4  6  7  3  2.7  13.9  93.6  93.6  93.6  7  8  3  6.4   3.2  95.2  95.2  95.2  8  9  2 36.4  -2.3  13.2  91.2  52.2 11 10  1 24.5  11.4  66.2  66.2  66.2 10 11  1 27.3   3.9  57.2  57.2  57.2 11 12  2 35.5  17.7  15.0  69.8  60.2 14 13  2 45.8   6.4   6.2  22.0  12.6 11 14  1 16.1  13.4  86.2  86.2  86.2 14 15  2 39.6   2.8   7.8  73.2  41.9 11 16  3  0.5  25.0  91.4  91.4  91.4 16 17  2 32.0 -39.1  31.6  84.6  65.3 20 18  3 16.3 -47.2  54.8  54.8  54.8 18 19  3  5.2 -14.5  92.8  92.8  92.8 19 20  1  7.3 -36.1  77.2  77.2  77.2 20 
6.32 7.22 12.20 8.68 8.45 57.12 
 1  3 21.5 -11.2  72.8  72.8  72.8  1  2  1 12.2 -24.0  85.6  85.6  85.6  2  3  1 21.2   5.9  81.0  81.0  81.0  3  4  2 33.6 -31.1  25.8  81.0  69.3  2  5  3  5.2 -37.3  77.2  77.2  77.2  5  6  2 32.2  33.3  23.6  68.8  55.7  3  7  2 38.7 -40.5  17.4  68.8  58.9  2  8  2 57.4 -10.5   5.2   7.2   6.8  9  9  1  9.6   6.4  95.0  95.0  95.0  9 10  3  7.5  -3.6  94.2  94.2  94.2 10 11  2 30.8  28.2  30.0  72.8  59.0  3 12  3  5.3  -1.8  96.2  96.2  96.2 12 13  3 26.4  17.2  51.6  51.6  51.6 13 14  3 25.5  19.0  54.0  54.0  54.0 14 15  2 50.8  -9.3   6.2   7.4   6.3  2 16  3  1.8 -29.0  88.4  88.4  88.4 16 17  1 20.4 -12.0  81.0  81.0  81.0 17 18  2 39.2  -9.5   8.2  55.0  44.6 17 19  2 33.4 -29.4  25.8  84.2  72.1  2 20  3 18.1 -25.4  69.0  69.0  69.0 20 
17.28 11.57 6.02 7.42 57.71 
 1  3 49.3   2.2   7.2   7.2   7.2  1  2  1  9.2  24.1  87.0  87.0  87.0  2  3  2 51.2  14.5   4.4  10.4   7.7 15  4  1 11.0 -20.8  91.4  91.4  91.4  4  5  2 27.1 -37.3  36.6  86.2  78.8  4  6  3 22.8  -6.9  72.8  72.8  72.8  6  7  2 34.4  34.2  23.2  73.6  64.0  2  8  3 23.6  38.7  46.6  46.6  46.6  8  9  3 13.9  17.9  86.2  86.2  86.2  9 10  3 10.9  -7.0  93.2  93.2  93.2 10 11  2 47.2   5.1   6.4   7.4   6.4  2 12  3 15.9 -54.7  45.6  45.6  45.6 12 13  3  6.8 -18.5  92.8  92.8  92.8 13 14  3 16.7 -36.6  66.8  66.8  66.8 14 15  1 22.3  14.0  73.6  73.6  73.6 15 16  3 50.0  -0.8   6.8   6.8   6.8 16 17  2 25.9 -38.2  37.6  89.0  81.3  4 18  3 10.0  -0.2  93.6  93.6  93.6 18 19  3 23.1 -46.3  46.6  46.6  46.6 19 20  3 10.2 -58.5  51.4  51.4  51.4 20 
10.95 17.49 5.65 65.91 
 1  2 37.4  34.8  20.2  73.6  58.4 17  2  2 32.4   9.0  21.4  41.4  32.9 17  3  2 39.0 -39.8  17.4  68.8  54.6  5  4  2 36.2  20.9  15.4  61.6  48.9 17  5  1  9.1 -33.8  79.4  79.4  79.4  5  6  2 45.1  18.9  10.8  18.0  14.3 17  7  2 46.1  25.5   6.8  29.6  20.4 19  8  2 44.5  39.2  15.2  66.2  45.7 19  9  3  0.0   0.0 100.0 100.0 100.0  9 10  3  2.9  51.8  67.8  67.8  67.8 10 11  3 24.4  27.5  47.6  47.6  47.6 11 12  2 57.5  15.0   5.0   6.8   5.4  5 13  3  7.1  30.9  82.8  82.8  82.8 13 14  3 27.9   7.2  47.8  47.8  47.8 14 15  3  2.6 -48.0  68.2  68.2  68.2 15 16  3  5.1 -12.7  93.0  93.0  93.0 16 17  1 12.5  27.1  79.4  79.4  79.4 17 18  3 54.0  -2.7   7.8   7.8   7.8 18 19  1 16.1  30.5  69.0  69.0  69.0 19 20  2 31.0 -40.1  36.8  86.2  68.4  5 
14.43 16.23 9.38 59.97 
 1  3 12.6 -30.7  77.6  77.6  77.6  1  2  2 37.8  -1.1   9.8  29.0  25.0  5  3  3  0.9   1.7  95.4  95.4  95.4  3  4  3 14.2  34.0  77.2  77.2  77.2  4  5  1 16.3 -14.4  86.2  86.2  86.2  5  6  3  1.8  -2.4  95.8  95.8  95.8  6  7  3 28.8   6.0  45.6  45.6  45.6  7  8  3 10.4   4.9  95.0  95.0  95.0  8  9  3  7.1  -1.9  95.6  95.6  95.6  9 10  3  7.4  -9.8  92.2  92.2  92.2 10 11  3  1.4   8.7  97.2  97.2  97.2 11 12  3  2.9 -11.0  93.8  93.8  93.8 12 13  3  0.8  -2.4  95.4  95.4  95.4 13 14  3 16.4 -34.4  66.8  66.8  66.8 14 15  3  8.4 -14.7  94.4  94.4  94.4 15 16  2 30.0  12.0  32.2  96.6  71.1 20 17  2 40.6   9.6   7.8  33.2  24.4 20 18  3  4.9 -29.5  86.6  86.6  86.6 18 19  3  6.9  31.4  82.8  82.8  82.8 19 20  1 20.1  17.6  73.6  73.6  73.6 20 
6.57 9.99 83.43 
 1  2 43.5   8.2   6.4  14.0  12.2 16  2  3  1.7   3.4  94.4  94.4  94.4  2  3  2 45.8 -23.7   6.8  61.6  31.8  8  4  2 55.3  -9.5   5.2   7.2   6.6 10  5  3 10.0 -58.2  51.4  51.4  51.4  5  6  2 27.2 -43.8  36.8  84.6  77.3 10  7  2 41.1  23.1  11.8  20.6  17.9 16  8  1 26.6 -15.6  51.6  51.6  51.6  8  9  3  3.3  10.1  93.8  93.8  93.8  9 10  1  8.7 -22.3  91.4  91.4  91.4 10 11  3  0.3   8.0  95.0  95.0  95.0 11 12  3  1.8   0.2  95.4  95.4  95.4 12 13  2 44.9  34.1  12.4  20.2  19.2 14 14  1  0.0  18.1  95.2  95.2  95.2 14 15  3 13.9 -11.0  92.8  92.8  92.8 15 16  1 19.3  -5.3  87.0  87.0  87.0 16 17  3 27.9  -3.1  47.8  47.8  47.8 17 18  3 26.3  28.7  47.6  47.6  47.6 18 19  3  0.8   1.3  95.2  95.2  95.2 19 20  3 15.6 -48.0  54.8  54.8  54.8 20 
5.86 12.32 8.04 8.23 65.56 
 1  3  3.5  10.1  93.8  93.8  93.8  1  2  1  4.8 -21.0  93.8  93.8  93.8  2  3  3  2.3  -2.5  94.8  94.8  94.8  3  4  1  5.3 -30.9  83.0  83.0  83.0  4  5  1 19.8  -3.7  88.4  88.4  88.4  5  6  3  0.4 -10.5  95.4  95.4  95.4  6  7  3  4.0  11.9  92.2  92.2  92.2  7  8  2 31.5 -44.3  28.2  79.4  65.9  4  9  3 11.7 -38.8  68.6  68.6  68.6  9 10  1 23.1 -16.0  67.4  67.4  67.4 10 11  2 54.2  -7.5   5.4   6.8   6.4  2 12  3  2.0  -5.9  95.4  95.4  95.4 12 13  3  0.6  44.7  72.6  72.6  72.6 13 14  2 38.2 -22.2  15.6  88.2  59.4 10 15  3 27.1 -20.0  47.6  47.6  47.6 15 16  3  2.1 -10.8  93.8  93.8  93.8 16 17  2 28.9 -21.2  35.4  88.4  78.1  5 18  3  2.6 -17.8  94.0  94.0  94.0 18 19  3  8.0   0.1  92.0  92.0  92.0 19 20  3  8.7   9.3  93.0  93.0  93.0 20 
5.61 8.34 9.33 7.10 69.62 
 1  2 31.1  21.5  30.0  54.2  51.6 20  2  1  5.3   1.0  96.2  96.2  96.2  2  3  3  4.6  -1.5  94.8  94.8  94.8  3  4  3  9.0 -45.8  66.2  66.2  66.2  4  5  2 34.6  41.9  22.0  47.6  45.3 20  6  3 27.9 -15.6  44.8  44.8  44.8  6  7  3  6.2   2.2  93.6  93.6  93.6  7  8  2 36.0  34.1  23.2  39.8  37.9 20  9  3  6.6 -19.2  92.8  92.8  92.8  9 10  3  6.9 -16.2  94.0  94.0  94.0 10 11  2 44.2   6.9   6.0   6.6   6.3  2 12  3  0.6  -0.0  99.8  99.8  99.8 12 13  3  1.0   2.7  95.8  95.8  95.8 13 14  3 23.7  32.3  47.6  47.6  47.6 14 15  3 26.8  24.3  47.6  47.6  47.6 15 16  3  5.1 -31.2  83.0  83.0  83.0 16 17  3  9.9 -42.6  68.2  68.2  68.2 17 18  3 11.7 -40.8  68.6  68.6  68.6 18 19  2 27.8  37.8  36.8  69.0  65.7 20 20  1  3.1  17.0  95.2  95.2  95.2 20 
6.40 18.46 75.14 
 1  3 25.2  32.4  47.6  47.6  47.6  1  2  3  7.2  -3.2  95.6  95.6  95.6  2  3  2 26.1 -34.6  37.6  82.6  74.8 18  4  3  1.8  -6.4  94.6  94.6  94.6  4  5  3  4.6   5.3  95.2  95.2  95.2  5  6  1 23.1 -30.7  53.2  53.2  53.2  6  7  1 18.5  -6.8  89.4  89.4  89.4  7  8  2 38.7   6.4   8.2  55.0  44.6 17  9  2 29.6 -33.8  36.8  80.0  72.5 18 10  2 31.6  15.1  25.8  88.2  71.4 17 11  2 44.3  -2.2   6.2  11.4  10.2  7 12  3  6.5 -12.5  93.8  93.8  93.8 12 13  2 27.9  34.1  36.6  68.8  55.7 17 14  3 18.1 -55.4  45.6  45.6  45.6 14 15  2 41.5 -31.4  15.2  88.4  47.0  6 16  3  3.5  -3.8  94.8  94.8  94.8 16 17  1 21.9   2.1  81.0  81.0  81.0 17 18  1  6.3 -21.2  90.6  90.6  90.6 18 19  2 39.3 -12.0   9.8  39.0  34.9  7 20  3 11.6 -33.9  77.2  77.2  77.2 20 
5.63 7.55 14.19 13.36 59.27 
 1  3  5.8   3.5  95.2  95.2  95.2  1  2  2 45.9 -10.3   6.0  15.8  11.6  6  3  3 17.3  -2.6  89.6  89.6  89.6  3  4  2 34.1  12.3  15.0  90.4  65.8 18  5  3 10.7 -56.9  51.4  51.4  51.4  5  6  1 21.7 -14.2  73.6  73.6  73.6  6  7  2 27.3  31.5  39.8  73.6  68.2 14  8  2 37.1  26.3  16.0  72.8  53.0 18  9  3 10.0 -24.0  87.0  87.0  87.0  9 10  3 15.6 -36.1  66.8  66.8  66.8 10 11  3  1.9  -6.3  94.6  94.6  94.6 11 12  3  1.4 -56.0  58.0  58.0  58.0 12 13  3 10.9  -2.7  95.0  95.0  95.0 13 14  1 14.1   7.5  92.6  92.6  92.6 14 15  2 36.6  30.9  20.2  69.0  50.2 18 16  2 29.1   2.9  43.0  88.2  81.7 14 17  3 15.5 -43.5  54.8  54.8  54.8 17 18  1 21.8   9.6  72.8  72.8  72.8 18 19  3  6.3 -15.1  94.0  94.0  94.0 19 20  3  0.9  -2.0  95.2  95.2  95.2 20 
4.78 13.61 13.57 68.03 
 1  3  0.2   5.9  95.6  95.6  95.6  1  2  3  4.3  -7.3  97.2  97.2  97.2  2  3  3  7.3  -7.0  93.8  93.8  93.8  3  4  3 11.2  -3.8  93.0  93.0  93.0  4  5  3  4.4 -18.5  94.0  94.0  94.0  5  6  1 15.9  10.4  91.2  91.2  91.2  6  7  3 12.4  -3.9  93.2  93.2  93.2  7  8  3  0.8  15.0  93.8  93.8  93.8  8  9  2 51.1 -16.2   4.8   8.2   7.6 12 10  2 39.2  15.6  13.2  39.0  35.6  6 11  3 15.5 -29.5  74.0  74.0  74.0 11 12  1 10.3  -4.0  93.2  93.2  93.2 12 13  3  6.2 -11.1  92.2  92.2  92.2 13 14  3  3.2   3.4  96.0  96.0  96.0 14 15  3 21.6  50.4  45.6  45.6  45.6 15 16  2 37.8 -19.2  13.2  55.4  49.6 18 17  2 27.9  18.4  40.8  93.2  85.0  6 18  1 15.0 -11.3  89.6  89.6  89.6 18 19  3  9.9   1.0  93.6  93.6  93.6 19 20  3 18.8  32.3  66.8  66.8  66.8 20 
12.04 5.73 7.92 74.30 
 1  3 24.6  26.1  47.6  47.6  47.6  1  2  1 14.6  13.8  91.2  91.2  91.2  2  3  3 12.9  12.4  92.8  92.8  92.8  3  4  1  8.9 -25.7  87.0  87.0  87.0  4  5  3 21.3  13.7  73.6  73.6  73.6  5  6  3 21.4  -2.5  81.0  81.0  81.0  6  7  3 20.7 -26.3  64.4  64.4  64.4  7  8  3 13.6 -42.4  59.2  59.2  59.2  8  9  3 13.4  21.6  85.6  85.6  85.6  9 10  3 13.5 -22.0  85.6  85.6  85.6 10 11  3  3.7  -6.5  95.2  95.2  95.2 11 12  3  1.3   0.7  95.2  95.2  95.2 12 13  3  5.7  16.5  94.0  94.0  94.0 13 14  3 19.0   1.0  89.4  89.4  89.4 14 15  2 31.5  23.3  30.0  88.4  80.6  2 16  2 26.6 -50.9  33.6  83.0  72.2  4 17  3  8.2  55.5  56.4  56.4  56.4 17 18  3 27.2   3.5  57.2  57.2  57.2 18 19  3 12.2   7.7  94.0  94.0  94.0 19 20  3  5.3 -45.5  68.2  68.2  68.2 20 
9.97 9.24 80.79 
 1  2 34.1  34.5  25.8  93.2  64.1  4  2  2 29.6 -33.8  36.8  80.0  73.3 19  3  3  1.4  -7.1  95.2  95.2  95.2  3  4  1 21.0  23.5  68.8  68.8  68.8  4  5  3 16.8  10.0  89.4  89.4  89.4  5  6  1 25.6  20.5  54.0  54.0  54.0  6  7  3 21.6  10.3  72.8  72.8  72.8  7  8  1 24.1  -6.3  67.4  67.4  67.4  8  9  3 10.2  -3.6  94.2  94.2  94.2  9 10  1  8.4  12.8  94.0  94.0  94.0 10 11  3  1.0  -0.7  94.0  94.0  94.0 11 12  2 30.5  46.3  28.2  91.4  60.5 17 13  3 24.1  30.9  47.6  47.6  47.6 13 14  2 25.0  50.0  33.6  68.6  64.5 10 15  3  9.8   0.2  93.8  93.8  93.8 15 16  2 50.3  22.8   5.8  39.8  21.5  6 17  1  7.3  47.1  66.2  66.2  66.2 17 18  2 34.1  -6.1  19.0  95.0  64.0  8 19  1  4.9 -25.9  91.6  91.6  91.6 19 20  3  6.3  14.1  92.8  92.8  92.8 20 
7.31 4.15 7.23 8.72 6.97 9.07 56.54 
 1  3 24.5 -28.9  47.6  47.6  47.6  1  2  3 19.6  -8.2  82.6  82.6  82.6  2  3  3 16.2 -57.6  45.6  45.6  45.6  3  4  3 12.2   5.7  94.8  94.8  94.8  4  5  3 21.0 -33.0  59.0  59.0  59.0  5  6  3  5.1 -35.9  80.0  80.0  80.0  6  7  1 17.8  15.0  82.6  82.6  82.6  7  8  3  7.6  -3.9  94.2  94.2  94.2  8  9  3  1.3   0.7  95.2  95.2  95.2  9 10  3 23.6  -9.0  67.4  67.4  67.4 10 11  3 10.2   4.3  93.2  93.2  93.2 11 12  3  3.0 -43.4  72.6  72.6  72.6 12 13  1  6.2  21.4  90.6  90.6  90.6 13 14  2 29.6  40.9  36.8  77.6  70.3 13 15  2 31.6  30.7  30.4  82.6  68.2  7 16  3 19.0  28.5  69.0  69.0  69.0 16 17  3  9.9  -3.8  94.2  94.2  94.2 17 18  2 53.6  20.7   7.2  13.2  10.9  7 19  3 15.5   3.7  92.6  92.6  92.6 19 20  3 55.2   5.2   7.8   7.8   7.8 20 
10.32 10.26 79.42 
 1  3  6.9 -15.0  94.4  94.4  94.4  1  2  1  9.4 -11.6  94.0  94.0  94.0  2  3  1 14.7 -22.8  84.6  84.6  84.6  3  4  3  1.8 -13.5  92.2  92.2  92.2  4  5  3 15.9 -45.6  54.8  54.8  54.8  5  6  2 55.3  21.2   6.2   7.2   6.8 14  7  1  0.3   1.8  94.0  94.0  94.0  7  8  2 28.8 -14.2  40.8  91.8  77.7  3  9  3  5.0  -1.4  94.8  94.8  94.8  9 10  3  2.4  48.1  68.2  68.2  68.2 10 11  3 10.1  58.5  51.4  51.4  51.4 11 12  3  3.4   2.1  95.8  95.8  95.8 12 13  3  2.1  56.3  58.0  58.0  58.0 13 14  1  0.7   0.8  95.0  95.0  95.0 14 15  2 35.7 -20.1  15.4  72.8  61.6  3 16  3 41.0  23.0  11.8  11.8  11.8 16 17  1 22.2 -23.1  64.4  64.4  64.4 17 18  2 42.5 -31.8  15.2  72.8  46.9 17 19  2 45.5  28.9   7.2  12.4  11.7  7 20  2 37.4   3.3  13.2  18.0  16.9  2 
7.41 14.96 7.06 6.81 7.44 56.33 
 1  1 15.6  19.2  85.6  85.6  85.6  1  2  2 29.7  20.7  35.4  88.4  82.0 19  3  3  1.4 -45.0  71.8  71.8  71.8  3  4  1 16.6  30.8  69.0  69.0  69.0  4  5  3  8.0  32.1  85.4  85.4  85.4  5  6  3 23.1  26.3  54.0  54.0  54.0  6  7  3  4.1 -30.4  88.0  88.0  88.0  7  8  3  4.6  -1.9  94.8  94.8  94.8  8  9  2 34.6  25.9  21.0  84.2  72.1  1 10  2 44.9  39.5  15.2  66.2  45.7  4 11  3 13.8 -16.2  91.4  91.4  91.4 11 12  2 43.6 -38.7  15.2  54.0  45.7 16 13  3 17.8  10.8  87.0  87.0  87.0 13 14  2 53.1  -3.8   6.0   8.4   8.0 18 15  3 25.2  10.3  67.0  67.0  67.0 15 16  1 16.8 -18.3  84.6  84.6  84.6 16 17  3  6.9 -11.1  93.0  93.0  93.0 17 18  1  3.8   6.5  95.2  95.2  95.2 18 19  1 12.4  13.8  92.8  92.8  92.8 19 20  3  8.9  42.6  67.4  67.4  67.4 20 
9.09 6.61 7.51 5.95 10.08 60.74 
 1  3  6.5   0.0  93.6  93.6  93.6  1  2  3 10.7  -2.3  93.2  93.2  93.2  2  3  3  0.0   5.9  95.6  95.6  95.6  3  4  1 16.4  24.4  77.6  77.6  77.6  4  5  3 11.6  -0.5  95.0  95.0  95.0  5  6  3 17.5  50.8  51.4  51.4  51.4  6  7  3  2.5  -5.4  96.2  96.2  96.2  7  8  3  2.5  -0.9  96.0  96.0  96.0  8  9  3  7.6  32.6  85.4  85.4  85.4  9 10  3 11.9  44.8  59.2  59.2  59.2 10 11  1 14.7  11.6  89.6  89.6  89.6 11 12  3 10.0   3.9  94.2  94.2  94.2 12 13  3 17.9  -9.6  89.4  89.4  89.4 13 14  3  2.5  12.4  95.8  95.8  95.8 14 15  3 11.7 -28.3  85.4  85.4  85.4 15 16  2 40.7  36.0  15.6  69.0  53.5  4 17  2 33.8  16.8  20.0  76.2  68.3 11 18  3  3.0   5.3  95.4  95.4  95.4 18 19  3 22.3  -7.4  72.8  72.8  72.8 19 20  3  2.3   2.3  94.4  94.4  94.4 20 
7.27 8.75 83.98 
 1  2 38.8 -31.8  16.0  69.0  58.4 10  2  3 12.8 -14.5  89.6  89.6  89.6  2  3  3 26.1  20.4  51.6  51.6  51.6  3  4  2 54.3  22.4   6.8  18.0  11.9 11  5  2 31.6   9.3  25.8  89.8  80.3  6  6  1 17.4   9.6  89.4  89.4  89.4  6  7  1  5.5 -36.8  77.2  77.2  77.2  7  8  1 19.2  -9.9  82.6  82.6  82.6  8  9  2 44.9  -6.9   6.0  14.0  11.6  8 10  1 17.1 -18.1  84.6  84.6  84.6 10 11  1 23.1  18.5  66.2  66.2  66.2 11 12  3 18.2  37.5  59.0  59.0  59.0 12 13  2 45.1 -37.0  11.4  47.6  40.3 10 14  3 14.7  13.1  91.2  91.2  91.2 14 15  3 21.1 -45.6  46.6  46.6  46.6 15 16  3 21.8  38.6  51.4  51.4  51.4 16 17  2 24.1 -51.9  33.6  90.6  69.9  7 18  3  1.8   0.5  95.4  95.4  95.4 18 19  3 19.5  -8.7  82.6  82.6  82.6 19 20  3 22.7  32.7  53.2  53.2  53.2 20 
10.84 9.40 6.02 11.71 4.99 57.05 
 1  2 28.8  -9.0  40.8  91.8  81.7  4  2  3 11.0 -27.2  79.4  79.4  79.4  2  3  2 39.3 -35.0  17.4  60.4  53.8  4  4  1 15.3 -14.6  89.0  89.0  89.0  4  5  1 23.3 -13.6  67.4  67.4  67.4  5  6  2 26.6 -51.3  33.6  77.2  72.7 13  7  3  2.3  -1.2  95.4  95.4  95.4  7  8  2 21.8 -54.2  38.2  77.2  72.7 13  9  3  4.0  10.6  94.2  94.2  94.2  9 10  3 11.7 -38.3  74.8  74.8  74.8 10 11  3  7.7  34.3  79.4  79.4  79.4 11 12  2 38.5 -12.6  13.2  76.2  51.4  5 13  1  3.2 -21.4  94.2  94.2  94.2 13 14  2 32.7 -17.7  26.8  88.4  78.7  4 15  2 35.9  32.9  23.2  81.0  55.6 19 16  3  0.7   0.9  94.0  94.0  94.0 16 17  3  5.0   0.7  94.8  94.8  94.8 17 18  2 48.8  32.3   7.8  30.0  20.6 19 19  1 12.8  36.9  68.6  68.6  68.6 19 20  3  2.4 -13.7  93.6  93.6  93.6 20 
15.16 5.94 11.99 7.24 59.66 
 1  1 18.2   0.2  89.4  89.4  89.4  1  2  3  2.5   1.2  96.0  96.0  96.0  2  3  3  9.7  -6.7  92.2  92.2  92.2  3  4  3 18.2 -39.2  58.2  58.2  58.2  4  5  2 43.2  -3.3   6.0  14.0  12.5  1  6  2 47.8 -22.1   8.4  29.0  21.3 16  7  3 21.6  27.5  60.4  60.4  60.4  7  8  3  2.7   3.3  95.6  95.6  95.6  8  9  2 47.8  28.0   6.8  34.4  27.5 17 10  3 19.6 -43.9  46.6  46.6  46.6 10 11  3  1.2 -17.1  95.2  95.2  95.2 11 12  2 32.0   6.1  26.0  88.2  78.9  1 13  2 47.9 -34.6   8.2  44.8  33.0 16 14  3  8.1  42.2  69.8  69.8  69.8 14 15  3  3.0  50.2  68.2  68.2  68.2 15 16  1 20.4 -16.2  73.6  73.6  73.6 16 17  1 16.5  22.9  80.0  80.0  80.0 17 18  3 10.8  31.9  79.4  79.4  79.4 18 19  3 15.4   4.9  94.2  94.2  94.2 19 20  3 16.0  42.0  62.6  62.6  62.6 20 
11.99 8.48 7.13 72.40 
 1  2 54.2 -16.4   4.4   6.6   5.7 13  2  2 28.5  16.5  40.8  95.8  76.6  6  3  3  9.0  42.8  67.4  67.4  67.4  3  4  3 19.4  28.7  64.4  64.4  64.4  4  5  3  1.5  -0.1  92.4  92.4  92.4  5  6  1 18.5  19.3  80.0  80.0  80.0  6  7  2 37.5 -10.0  13.2  39.0  33.6 13  8  1  2.8  31.1  86.6  86.6  86.6  8  9  3  0.8  22.3  94.2  94.2  94.2  9 10  2 23.3  51.2  38.2  88.4  76.6  8 11  2 46.8 -17.0   6.4  17.6  15.2 13 12  3 50.4  -7.2   6.2   6.2   6.2 12 13  1 15.6 -16.0  86.2  86.2  86.2 13 14  3 22.3  27.7  60.4  60.4  60.4 14 15  3 18.8  48.8  45.6  45.6  45.6 15 16  3 15.0  54.0  51.4  51.4  51.4 16 17  2 39.4   7.3   8.2  29.6  23.7  6 18  3 11.8   3.8  93.2  93.2  93.2 18 19  3 17.7 -35.0  66.8  66.8  66.8 19 20  3  1.3   4.1  95.6  95.6  95.6 20 
12.41 11.23 9.68 66.68 
 1  1 26.3   6.3  54.2  54.2  54.2  1  2  3 10.5  -6.4  93.0  93.0  93.0  2  3  2 53.5  -7.4   5.2   7.2   6.9  9  4  2 35.8  28.5  20.2  58.6  54.4  6  5  3 18.8  49.5  45.6  45.6  45.6  5  6  1 13.1  10.9  92.8  92.8  92.8  6  7  3  2.4 -40.3  77.2  77.2  77.2  7  8  2 34.0  20.8  20.6  72.8  67.6  6  9  1  7.2  -1.4  95.6  95.6  95.6  9 10  1 24.0  -4.7  72.8  72.8  72.8 10 11  1  5.9 -15.4  94.0  94.0  94.0 11 12  3 23.6  35.9  47.4  47.4  47.4 12 13  3 14.5  -8.9  92.8  92.8  92.8 13 14  2 37.6 -38.5  17.4  47.6  44.7 11 15  2 43.7 -23.5  10.8  41.4  30.1 16 16  1 21.6  -8.9  72.8  72.8  72.8 16 17  2 29.6   4.4  34.6  77.0  71.5  6 18  2 40.9   8.1  10.2  64.2  34.8  1 19  2 47.4 -16.1   6.4  20.4  14.9 16 20  2 34.7 -11.5  15.0  91.8  66.8 10 
5.49 17.65 6.32 8.61 8.56 7.26 46.11 
 1  3  0.3  30.9  88.6  88.6  88.6  1  2  2 38.9   6.6   8.2  47.0  34.2  5  3  3 57.0   2.8   6.0   6.0   6.0  3  4  2 37.4 -22.0  15.2  57.2  51.3 12  5  1 23.4  -5.2  72.8  72.8  72.8  5  6  3 49.9  -1.3   7.2   7.2   7.2  6  7  3  1.8  -7.9  97.2  97.2  97.2  7  8  3  1.3   3.4  94.4  94.4  94.4  8  9  3  1.0  -5.0  96.0  96.0  96.0  9 10  3  9.6  -2.0  93.8  93.8  93.8 10 11  3 10.1  16.6  92.8  92.8  92.8 11 12  1 17.1  -5.9  89.6  89.6  89.6 12 13  3  0.7   0.2  98.6  98.6  98.6 13 14  3 17.5  27.3  69.0  69.0  69.0 14 15  3  2.0   5.4  95.6  95.6  95.6 15 16  3  1.9   8.6  97.2  97.2  97.2 16 17  1 21.4 -31.3  59.0  59.0  59.0 17 18  2 37.4 -35.5  20.2  93.2  55.0 17 19  3 18.4  55.5  45.6  45.6  45.6 19 20  2 32.8   9.9  21.4  76.2  55.5  5 
10.19 8.83 7.15 73.84 
 1  3 27.4 -12.9  47.6  47.6  47.6  1  2  2 36.4  -5.3  13.2  64.2  53.0 12  3  2 46.1 -17.2   8.2  33.2  18.0  6  4  3 20.7  24.3  68.8  68.8  68.8  4  5  3  9.0   8.1  92.2  92.2  92.2  5  6  1 26.6  -5.9  54.2  54.2  54.2  6  7  1 21.1  14.7  73.6  73.6  73.6  7  8  3  9.9  57.1  51.4  51.4  51.4  8  9  3 23.3  29.0  53.2  53.2  53.2  9 10  2 33.3  25.1  23.8  91.8  67.6  7 11  3 14.6 -40.7  62.8  62.8  62.8 11 12  1 19.6  -7.1  82.6  82.6  82.6 12 13  2 29.8   8.7  37.2  96.6  71.1  7 14  2 33.1  -4.3  20.2  87.0  71.9 12 15  3  1.5  -9.3  95.2  95.2  95.2 15 16  3 22.2 -25.4  60.4  60.4  60.4 16 17  3 20.7  36.2  53.2  53.2  53.2 17 18  3  1.3 -25.6  91.4  91.4  91.4 18 19  3 20.8  45.6  46.6  46.6  46.6 19 20  3 10.7 -42.6  68.2  68.2  68.2 20 
4.61 13.57 13.26 68.56 
 1  3 17.5 -36.2  62.2  62.2  62.2  1  2  2 29.5   5.6  34.6  97.2  65.1 12  3  3  0.2 -13.1  95.8  95.8  95.8  3  4  3 22.9  25.5  60.4  60.4  60.4  4  5  3  3.4   6.5  95.2  95.2  95.2  5  6  1 10.4  38.9  74.8  74.8  74.8  6  7  3  1.5  35.9  86.6  86.6  86.6  7  8  3  3.4   0.1  94.8  94.8  94.8  8  9  3  2.5  -2.2  94.8  94.8  94.8  9 10  3  2.8  -8.7  94.2  94.2  94.2 10 11  1  1.2   0.0  94.0  94.0  94.0 11 12  1 25.2   6.9  67.0  67.0  67.0 12 13  2 33.9  36.7  25.8  82.6  61.8  6 14  3  9.5 -35.8  77.2  77.2  77.2 14 15  3 27.3  15.2  47.6  47.6  47.6 15 16  2 51.8   2.8   5.4   8.4   7.9 11 17  3  3.0  -5.0  96.2  96.2  96.2 17 18  3 10.5  53.5  56.4  56.4  56.4 18 19  3  6.2   1.8  93.6  93.6  93.6 19 20  2 30.5  -5.8  34.4  91.8  61.5 12 
8.11 6.05 11.50 74.33 
 1  2 24.1 -51.1  33.6  88.0  76.6  3  2  2 28.7 -26.9  35.4  89.4  81.7 19  3  1  7.3 -26.1  87.0  87.0  87.0  3  4  2 49.1 -11.1   5.4  14.8   9.9 14  5  3 23.1 -22.1  60.4  60.4  60.4  5  6  3 26.7 -19.7  47.6  47.6  47.6  6  7  2 39.7  -9.5   8.2  76.2  51.1 14  8  3  8.1 -20.5  90.6  90.6  90.6  8  9  3 14.4  -0.2  94.4  94.4  94.4  9 10  2 27.7  21.0  40.8  93.6  77.3 12 11  2 36.0 -37.5  19.2  68.8  62.9 19 12  1 15.3  19.1  82.6  82.6  82.6 12 13  3  1.6  -6.6  94.6  94.6  94.6 13 14  1 25.2  -8.7  67.0  67.0  67.0 14 15  3  0.2 -18.0  95.2  95.2  95.2 15 16  3 15.4 -18.5  82.6  82.6  82.6 16 17  3  0.2 -50.0  68.2  68.2  68.2 17 18  3 13.6 -20.1  82.6  82.6  82.6 18 19  1 10.1 -21.1  91.4  91.4  91.4 19 20  3 16.1 -14.4  86.2  86.2  86.2 20 
8.84 8.65 6.92 12.76 62.83 
 1  3  8.4   6.3  94.2  94.2  94.2  1  2  3  7.5   3.7  94.2  94.2  94.2  2  3  2 35.4   5.9  15.0  91.6  60.6 12  4  2 34.2 -41.9  22.6  74.0  57.1 20  5  2 37.0  42.6  19.2  78.2  62.1  9  6  3  8.7 -10.0  95.4  95.4  95.4  6  7  1 26.6 -11.4  54.2  54.2  54.2  7  8  3  7.6  21.2  90.6  90.6  90.6  8  9  1 13.7  28.3  79.4  79.4  79.4  9 10  3 15.2  -4.8  92.6  92.6  92.6 10 11  3  3.4  -2.2  95.6  95.6  95.6 11 12  1 24.7   8.8  66.2  66.2  66.2 12 13  3  2.9  10.0  93.8  93.8  93.8 13 14  3  0.4   1.5  92.4  92.4  92.4 14 15  3 54.9  16.3   6.0   6.0   6.0 15 16  3 22.3 -13.0  73.6  73.6  73.6 16 17  2 25.7  51.7  33.6  91.6  72.7  9 18  2 45.0  -8.2   6.0  32.2  17.5  7 19  3  0.1   0.4 100.0 100.0 100.0 19 20  1  4.2 -40.6  77.2  77.2  77.2 20 
4.11 12.27 7.27 7.70 68.66 
 1  3 17.9 -26.5  69.0  69.0  69.0  1  2  1  0.2 -43.0  76.6  76.6  76.6  2  3  3  9.0  -5.9  94.2  94.2  94.2  3  4  3 16.3  11.8  89.4  89.4  89.4  4  5  3 10.4   4.3  95.0  95.0  95.0  5  6  3 19.1   2.6  89.4  89.4  89.4  6  7  3 23.8  -4.6  72.8  72.8  72.8  7  8  1 25.8 -20.4  52.2  52.2  52.2  8  9  3  2.9   0.0  94.8  94.8  94.8  9 10  3 22.6  24.3  60.4  60.4  60.4 10 11  3 11.2  12.1  92.6  92.6  92.6 11 12  3 14.1   3.4  94.4  94.4  94.4 12 13  3 10.4  10.2  94.0  94.0  94.0 13 14  3  8.3   4.1  93.8  93.8  93.8 14 15  2 21.7 -53.1  38.2  93.8  71.9  2 16  3 56.1   0.8   6.0   6.0   6.0 16 17  2 43.6 -22.7  10.8  76.2  39.8  8 18  3 12.5 -41.9  66.2  66.2  66.2 18 19  3  4.7  -9.4  93.8  93.8  93.8 19 20  3 12.6 -17.6  91.4  91.4  91.4 20 
9.00 5.58 85.42 
 1  2 30.5  26.4  30.0  67.0  58.0  6  2  1 23.9 -10.0  67.4  67.4  67.4  2  3  2 40.3  10.6   9.8  18.6  12.5  2  4  3  5.5 -14.4  92.8  92.8  92.8  4  5  3  0.1  -0.6  99.8  99.8  99.8  5  6  1  2.0  31.9  86.6  86.6  86.6  6  7  1 13.1 -10.5  92.6  92.6  92.6  7  8  2 54.3  16.7   4.4   6.2   5.7  7  9  3  6.4  54.0  56.4  56.4  56.4  9 10  1 13.0 -19.7  86.2  86.2  86.2 10 11  3  0.8  -1.2  95.2  95.2  95.2 11 12  2 35.4 -19.2  15.4  89.8  60.5  2 13  3 10.5  49.1  59.2  59.2  59.2 13 14  2 54.9 -19.6   6.2  10.2   8.8 10 15  3  2.6  -2.2  94.8  94.8  94.8 15 16  3 12.4 -24.0  84.6  84.6  84.6 16 17  2 33.1 -11.1  20.2  95.2  64.2  2 18  2 38.0 -15.8  13.2  82.4  55.5  2 19  3 17.3 -39.6  60.0  60.0  60.0 19 20  2 38.2  -7.9   9.8  76.2  51.4  2 
19.36 8.99 6.11 5.90 59.63 
 1  3  5.1   2.0  96.2  96.2  96.2  1  2  2 35.1  11.4  15.0  61.6  57.4 17  3  3  0.3  -0.6  98.6  98.6  98.6  3  4  3  9.6 -33.0  79.4  79.4  79.4  4  5  2 34.1 -32.9  23.2  91.2  69.1 10  6  1  6.1  12.8  93.8  93.8  93.8  6  7  3  7.4  25.8  87.0  87.0  87.0  7  8  3 27.7  20.0  47.6  47.6  47.6  8  9  3  2.8   2.4  94.4  94.4  94.4  9 10  1 19.7 -22.3  75.8  75.8  75.8 10 11  2 37.4   9.1  13.2  39.0  36.3 17 12  3  7.4  11.0  93.0  93.0  93.0 12 13  2 47.9 -14.9   6.0  25.8  13.9 16 14  3  2.1  58.2  56.4  56.4  56.4 14 15  3 14.2 -48.8  54.8  54.8  54.8 15 16  1 25.7 -16.2  54.0  54.0  54.0 16 17  1 16.7   0.6  93.2  93.2  93.2 17 18  3  8.5 -44.0  68.2  68.2  68.2 18 19  3 10.8   9.3  95.0  95.0  95.0 19 20  2 56.5  10.2   5.2   7.2   6.8  6 
6.47 9.32 4.37 12.03 67.81 
 1  1 15.5  27.7  77.6  77.6  77.6  1  2  2 48.0  13.1   6.2  10.2   9.4 10  3  3  8.4  50.8  59.2  59.2  59.2  3  4  3  9.0 -46.5  66.2  66.2  66.2  4  5  3 18.4   5.0  89.4  89.4  89.4  5  6  3 21.2 -17.0  73.6  73.6  73.6  6  7  3 23.3  38.7  46.6  46.6  46.6  7  8  3  3.7  -5.4  93.6  93.6  93.6  8  9  3  6.5  -1.2  95.2  95.2  95.2  9 10  1 15.3  -5.3  92.6  92.6  92.6 10 11  1 16.3  26.9  74.0  74.0  74.0 11 12  2 49.6  30.8   6.8  34.4  25.5 11 13  2 25.9 -33.9  42.0  84.6  75.8 14 14  1 15.7 -10.1  89.6  89.6  89.6 14 15  3  7.1 -16.0  94.0  94.0  94.0 15 16  2 43.8  26.2  11.8  41.4  32.1  1 17  2 53.3  12.1   5.0   7.4   6.6 14 18  3 19.5 -33.0  59.0  59.0  59.0 18 19  3  6.9 -13.7  92.8  92.8  92.8 19 20  3  5.3  -0.4  96.2  96.2  96.2 20 
7.32 6.81 6.64 11.48 67.75 
 1  2 37.5  39.6  15.8  75.8  64.1 18  2  3  0.5  33.1  88.0  88.0  88.0  2  3  1  1.1  -1.6  95.0  95.0  95.0  3  4  3  2.1   2.5  94.8  94.8  94.8  4  5  2 27.9 -39.4  36.8  74.0  69.4 13  6  3  0.7  27.1  91.6  91.6  91.6  6  7  3 13.4  18.7  89.0  89.0  89.0  7  8  2 46.0 -11.2   6.0   6.4   6.2 16  9  1 16.4  14.4  85.6  85.6  85.6  9 10  2 31.9  -0.2  26.0  61.6  52.7  9 11  3 24.1  35.2  47.4  47.4  47.4 11 12  2 47.1 -22.8   8.4  10.8  10.3  3 13  1  4.5 -19.2  93.8  93.8  93.8 13 14  2 37.4  11.0  13.2  50.8  43.0 18 15  3 16.3  56.2  45.6  45.6  45.6 15 16  1  2.6  -3.7  96.4  96.4  96.4 16 17  2 34.4  -7.4  16.0  32.2  27.6  9 18  1 17.6  17.5  84.6  84.6  84.6 18 19  3  2.3 -18.4  94.0  94.0  94.0 19 20  3  2.7  15.6  92.8  92.8  92.8 20 
6.40 10.08 9.92 6.23 11.65 55.71 
 1  3  5.2  45.5  68.2  68.2  68.2  1  2  1 11.9 -31.3  79.4  79.4  79.4  2  3  3  1.8 -10.9  93.8  93.8  93.8  3  4  1 24.4 -17.2  60.4  60.4  60.4  4  5  2 30.1   7.7  32.2  96.0  69.9 10  6  2 59.4   5.8   4.6   8.4   6.1 10  7  1 15.7  48.8  54.8  54.8  54.8  7  8  2 57.3   7.3   6.8   8.4   8.0 13  9  2 39.8  -8.6   8.2  47.0  34.2 10 10  1 24.0   3.2  72.8  72.8  72.8 10 11  2 44.1  34.7  11.4  52.2  28.6  7 12  3  1.5 -28.7  88.4  88.4  88.4 12 13  1  8.1  11.3  95.4  95.4  95.4 13 14  3 10.3 -21.4  91.4  91.4  91.4 14 15  2 42.2  -2.9   8.2  32.2  23.4 10 16  3 24.2 -23.2  54.0  54.0  54.0 16 17  2 41.6 -18.1   7.8  69.8  42.2  4 18  2 52.2  29.1   9.4  17.8  13.0 10 19  2 29.3 -49.7  28.2  91.6  72.7  2 20  3 24.7 -20.6  54.0  54.0  54.0 20 
10.80 7.28 5.92 15.57 7.34 53.09 
 1  3  3.6  11.3  96.0  96.0  96.0  1  2  3  9.4   6.9  92.2  92.2  92.2  2  3  3 18.2  -7.4  89.4  89.4  89.4  3  4  2 39.1  35.5  17.4  47.6  42.1  5  5  1  4.1  28.0  88.4  88.4  88.4  5  6  3 24.0   3.3  72.8  72.8  72.8  6  7  3 10.7   1.4  94.2  94.2  94.2  7  8  2 48.2 -32.5   7.2  32.2  27.2 18  9  3  5.4 -23.8  91.4  91.4  91.4  9 10  2 27.4 -42.6  36.8  87.0  73.6 18 11  3 10.6 -35.4  77.2  77.2  77.2 11 12  3 22.4  -2.6  72.8  72.8  72.8 12 13  3  1.5 -52.6  67.8  67.8  67.8 13 14  3 12.4  45.4  59.2  59.2  59.2 14 15  3 25.1  12.1  58.2  58.2  58.2 15 16  3  0.2 -48.8  68.2  68.2  68.2 16 17  3  5.1 -53.7  58.0  58.0  58.0 17 18  1 15.7 -20.4  84.6  84.6  84.6 18 19  3 19.9  -2.8  87.0  87.0  87.0 19 20  3 13.9 -33.0  77.2  77.2  77.2 20 
8.05 11.44 80.50 
 1  3  0.5  -0.1  99.8  99.8  99.8  1  2  2 39.5  18.5  12.0  67.8  49.9  5  3  1  5.5  20.5  93.8  93.8  93.8  3  4  3 22.8 -40.9  46.6  46.6  46.6  4  5  1 20.4  16.4  73.6  73.6  73.6  5  6  1 25.4   6.3  67.0  67.0  67.0  6  7  3  2.9  -0.6  94.8  94.8  94.8  7  8  3  1.1   2.8  95.8  95.8  95.8  8  9  3  5.2  -1.8  96.2  96.2  96.2  9 10  3 19.0 -30.2  66.8  66.8  66.8 10 11  3 13.2   5.9  94.0  94.0  94.0 11 12  2 46.7  19.2   8.2  32.2  21.6  6 13  2 44.1 -26.5  11.8  61.6  39.7 18 14  2 33.5  47.1  22.6  66.8  62.7  3 15  3  0.0  29.3  89.4  89.4  89.4 15 16  3  0.8  13.2  95.8  95.8  95.8 16 17  3  5.3 -12.5  93.0  93.0  93.0 17 18  1 21.5 -24.0  64.4  64.4  64.4 18 19  3  3.4 -45.6  71.8  71.8  71.8 19 20  3 19.7   6.9  82.6  82.6  82.6 20 
9.35 7.38 5.29 6.22 71.75 
 1  3  3.8  -5.5  93.6  93.6  93.6  1  2  1 17.0  17.5  82.6  82.6  82.6  2  3  2 47.0 -24.6   6.8  15.0  13.7  5  4  2 31.8  -8.3  26.0  55.4  50.6  5  5  1 10.4 -19.5  91.4  91.4  91.4  5  6  3  6.7  10.5  92.2  92.2  92.2  6  7  1 24.4  10.1  66.2  66.2  66.2  7  8  2 42.0  39.1  15.6  60.4  49.9  2  9  3  4.3   6.1  95.2  95.2  95.2  9 10  3  5.9 -27.6  87.0  87.0  87.0 10 11  3  7.9  50.8  59.2  59.2  59.2 11 12  3  2.6  -0.0  95.4  95.4  95.4 12 13  2 28.9  29.8  35.4  93.2  77.0  2 14  2 42.5  40.5  15.6  54.0  44.6  2 15  1  8.6  14.7  94.4  94.4  94.4 15 16  3  3.8  -7.1  95.6  95.6  95.6 16 17  2 40.7  -5.5  10.2  25.8  17.1  7 18  2 50.9  19.8   6.2  20.4  13.5  7 19  3  7.7  35.8  77.2  77.2  77.2 19 20  2 26.7  46.9  33.6  77.2  72.9 15 
14.87 9.12 5.66 9.79 60.56 
 1  3 15.7 -51.4  51.4  51.4  51.4  1  2  2 29.7 -18.4  32.2  96.0  79.3 16  3  1 23.2  26.2  54.0  54.0  54.0  3  4  2 34.4 -38.0  25.8  80.0  66.1 16  5  3  1.5   1.4  93.6  93.6  93.6  5  6  2 43.7  30.2  12.4  76.2  41.1  3  7  3 12.8  20.8  87.0  87.0  87.0  7  8  3  1.1   1.9  95.2  95.2  95.2  8  9  2 35.7 -27.1  20.2  81.0  66.9 16 10  3  7.7  -5.2  93.8  93.8  93.8 10 11  3  8.6   0.6  93.8  93.8  93.8 11 12  2 31.0 -19.0  30.0  94.2  77.8 16 13  3  7.7  13.2  92.8  92.8  92.8 13 14  3 10.9  16.1  92.4  92.4  92.4 14 15  3 23.7   4.3  72.8  72.8  72.8 15 16  1 17.9 -16.5  82.6  82.6  82.6 16 17  3 19.5  12.5  81.0  81.0  81.0 17 18  3 24.5 -27.2  47.6  47.6  47.6 18 19  3  9.9  -1.4  93.6  93.6  93.6 19 20  3 10.6  -4.0  95.0  95.0  95.0 20 
5.04 19.73 75.23 
 1  3 23.0  22.7  60.4  60.4  60.4  1  2  2 59.0   8.1   6.8   8.4   7.8 17  3  2 39.6 -22.1  12.2  25.8  24.0 17  4  2 29.6  50.9  28.2  85.4  70.9  6  5  1 13.9   2.3  94.0  94.0  94.0  5  6  1  4.2  31.4  83.0  83.0  83.0  6  7  3  1.0   2.9  94.8  94.8  94.8  7  8  2 40.9 -19.8   8.4  21.4  19.9 17  9  2 35.7   5.2  15.0  48.0  45.1  5 10  2 45.6 -23.8   7.8  15.0  14.0 17 11  2 54.9  22.3   6.8  13.2  11.2 13 12  2 33.3  44.8  22.6  74.0  62.6 13 13  1 17.6  17.1  84.6  84.6  84.6 13 14  3  0.0  -0.0 100.0 100.0 100.0 14 15  3 17.2  27.5  69.0  69.0  69.0 15 16  3  1.0 -12.4  97.4  97.4  97.4 16 17  1 12.7  -3.5  93.2  93.2  93.2 17 18  3 14.6  13.0  91.2  91.2  91.2 18 19  3  3.7   4.5  96.2  96.2  96.2 19 20  2 41.0 -18.2  10.8  20.2  18.8 17 
9.20 10.17 10.47 11.76 58.40 
 1  2 29.5 -33.6  36.8  78.2  64.6 16  2  3 10.7  52.5  56.4  56.4  56.4  2  3  1 12.2   7.9  94.0  94.0  94.0  3  4  3  0.9   7.7  95.2  95.2  95.2  4  5  3 13.2  -2.6  95.0  95.0  95.0  5  6  3  3.9  20.6  94.2  94.2  94.2  6  7  3  0.3 -17.2  95.2  95.2  95.2  7  8  2 52.3  18.9   6.2  10.2   9.6  3  9  3  1.8   2.5  94.8  94.8  94.8  9 10  3 23.8 -26.5  54.0  54.0  54.0 10 11  3  2.1   9.6  95.0  95.0  95.0 11 12  2 34.1  37.0  25.8  68.8  63.6 20 13  3  5.2   8.6  97.4  97.4  97.4 13 14  2 29.3   6.9  37.0  88.4  83.1  3 15  2 36.4  47.7  21.6  59.0  54.5 20 16  1 18.3 -10.9  82.6  82.6  82.6 16 17  3  1.8  -2.2  96.0  96.0  96.0 17 18  3 10.7  -7.1  95.4  95.4  95.4 18 19  3 23.0   6.3  72.8  72.8  72.8 19 20  1 10.2  17.2  92.4  92.4  92.4 20 
10.03 7.91 11.31 70.75 
 1  3 12.6  12.0  92.8  92.8  92.8  1  2  3 16.7  17.5  82.6  82.6  82.6  2  3  2 48.6 -17.7   6.0  18.6  12.5 18  4  2 36.0  -8.1  15.0  91.6  61.4 18  5  3  8.1  58.9  51.4  51.4  51.4  5  6  1 11.9   2.8  93.0  93.0  93.0  6  7  3 22.6  44.2  46.6  46.6  46.6  7  8  2 30.9 -26.2  30.0  81.0  62.5 12  9  3 13.8   5.6  94.4  94.4  94.4  9 10  3 27.5   7.8  57.2  57.2  57.2 10 11  3  2.7  23.8  90.6  90.6  90.6 11 12  1  9.6 -34.7  77.2  77.2  77.2 12 13  2 48.0   0.1   6.2   7.4   6.9  6 14  3  6.3   0.4  93.6  93.6  93.6 14 15  3 13.8 -47.3  54.8  54.8  54.8 15 16  3 14.9  48.2  54.8  54.8  54.8 16 17  3  7.6  19.9  93.8  93.8  93.8 17 18  1 25.3  -4.9  67.0  67.0  67.0 18 19  3 21.7  26.6  60.4  60.4  60.4 19 20  3 18.9 -37.6  59.0  59.0  59.0 20 
6.86 9.60 9.67 73.86 
 1  3  1.7  37.1  86.6  86.6  86.6  1  2  3 15.4   2.9  92.6  92.6  92.6  2  3  3  5.5  26.2  88.4  88.4  88.4  3  4  2 39.0  32.3  16.0  60.4  51.1  7  5  3 11.8  -0.6  93.0  93.0  93.0  5  6  1 16.5   7.7  89.6  89.6  89.6  6  7  1 10.0  27.2  84.6  84.6  84.6  7  8  1 11.8 -16.4  89.6  89.6  89.6  8  9  2 45.3 -15.5   8.2  11.2  10.0  8 10  3  1.5  59.2  56.4  56.4  56.4 10 11  3  9.1  -2.9  93.0  93.0  93.0 11 12  3 12.5   6.8  94.0  94.0  94.0 12 13  3 12.9  40.1  67.6  67.6  67.6 13 14  3  0.3  22.5  94.2  94.2  94.2 14 15  2 51.8  27.0   8.4  15.0  13.4  6 16  3 19.5 -55.0  45.6  45.6  45.6 16 17  3  4.4 -38.4  77.2  77.2  77.2 17 18  2 48.1  18.7   6.4  20.4  14.9 19 19  1 23.6   5.0  72.8  72.8  72.8 19 20  3  4.5  37.6  77.2  77.2  77.2 20 
6.96 9.16 6.73 5.92 71.24 
 1  1 16.5  41.6  62.6  62.6  62.6  1  2  2 39.1  -6.9   8.2  30.2  28.1 20  3  3 21.8  22.6  64.4  64.4  64.4  3  4  3 14.8   5.0  92.6  92.6  92.6  4  5  2 36.3  44.8  21.6  89.6  56.1  1  6  1 11.4 -30.4  79.4  79.4  79.4  6  7  3  0.1   1.8  94.0  94.0  94.0  7  8  3 19.1  37.1  59.0  59.0  59.0  8  9  3  4.9 -30.8  88.0  88.0  88.0  9 10  3  3.5  -0.4  94.4  94.4  94.4 10 11  2 45.6 -27.8   7.8  25.8  20.5  6 12  3 18.2   7.9  89.4  89.4  89.4 12 13  3  9.1 -10.3  93.2  93.2  93.2 13 14  3  6.6   1.7  95.2  95.2  95.2 14 15  3 17.7   5.9  89.4  89.4  89.4 15 16  3 13.0   4.2  95.0  95.0  95.0 16 17  2 38.6  -6.3   8.2  33.2  30.9 19 18  3  0.4  -3.9  95.8  95.8  95.8 18 19  1 16.5   0.7  93.2  93.2  93.2 19 20  1 16.2  -4.8  93.2  93.2  93.2 20 
7.19 6.05 7.52 7.35 71.88 
 1  3  4.6   4.6  93.6  93.6  93.6  1  2  3 25.3 -11.1  58.2  58.2  58.2  2  3  1  4.9  26.6  88.4  88.4  88.4  3  4  3  1.8 -33.0  83.0  83.0  83.0  4  5  3 24.7  41.5  46.6  46.6  46.6  5  6  2 38.8  16.3  12.6  76.2  56.1 19  7  2 51.9   6.4   5.2   7.2   7.0 20  8  3  2.8   1.4  94.8  94.8  94.8  8  9  1 10.0   8.6  95.4  95.4  95.4  9 10  3  8.1 -26.4  87.0  87.0  87.0 10 11  2 21.6  53.3  38.2  86.6  76.6  3 12  3  2.1 -47.4  68.2  68.2  68.2 12 13  3 21.6 -16.3  73.6  73.6  73.6 13 14  3 10.7 -16.9  92.4  92.4  92.4 14 15  3  0.8   3.5  94.8  94.8  94.8 15 16  3  9.4 -43.4  68.2  68.2  68.2 16 17  2 29.4   7.7  37.0  76.2  72.7  9 18  3 10.9   5.0  93.0  93.0  93.0 18 19  1 22.8  11.7  73.6  73.6  73.6 19 20  1  4.2   9.2  97.4  97.4  97.4 20 
9.52 9.70 7.48 6.03 67.27 
 1  3  2.2   2.6  94.8  94.8  94.8  1  2  3 13.1  47.2  54.8  54.8  54.8  2  3  3 20.0  24.6  66.2  66.2  66.2  3  4  2 33.4 -25.0  23.8  91.8  73.4  9  5  1  5.9 -11.3  92.2  92.2  92.2  5  6  3 15.0  28.9  77.6  77.6  77.6  6  7  3 26.4  32.9  43.8  43.8  43.8  7  8  2 43.1 -37.8  15.2  60.4  48.3  9  9  1 17.5 -20.1  80.0  80.0  80.0  9 10  3  4.3  -2.7  94.8  94.8  94.8 10 11  3  1.8   3.0  94.8  94.8  94.8 11 12  1 20.0  32.0  59.0  59.0  59.0 12 13  2 46.6  10.5   6.2  10.2   9.5 20 14  2 40.4   9.3   9.0  18.0  16.8 20 15  3 16.2 -12.9  86.2  86.2  86.2 15 16  2 46.1  33.3  12.4  66.2  39.1 12 17  3 18.6  25.0  69.0  69.0  69.0 17 18  2 56.3 -10.4   5.2   7.2   6.6  5 19  3  4.4  -0.7  96.4  96.4  96.4 19 20  1 12.3  -1.3  93.2  93.2  93.2 20 
6.63 13.54 6.58 8.02 65.23 
 1  1 13.0 -10.6  92.6  92.6  92.6  1  2  3  3.1  40.4  77.2  77.2  77.2  2  3  3  6.2 -53.9  58.0  58.0  58.0  3  4  2 46.6 -28.3   7.8  20.0  18.5  1  5  3  3.8  44.7  71.8  71.8  71.8  5  6  1 14.2  -6.4  92.6  92.6  92.6  6  7  2 34.2 -23.3  20.6  67.4  62.4  1  8  3  2.9  -7.3  95.6  95.6  95.6  8  9  3  1.9   7.2  95.2  95.2  95.2  9 10  3  4.7 -10.4  94.2  94.2  94.2 10 11  3  7.6  -4.4  94.2  94.2  94.2 11 12  3 11.1  33.3  77.6  77.6  77.6 12 13  3  4.4  -0.0  96.4  96.4  96.4 13 14  2 46.1  17.5   8.2  18.0  12.4 20 15  2 41.9  11.2  10.2  12.8  11.9  6 16  2 45.1  32.4  12.4  54.2  37.4 20 17  3  2.7 -29.4  86.8  86.8  86.8 17 18  2 39.1   3.4   8.2  18.6  17.2  6 19  3  5.4 -53.1  58.0  58.0  58.0 19 20  1 16.7  27.7  69.0  69.0  69.0 20 
11.73 8.23 8.03 72.00 
 1  3  6.6 -19.3  92.8  92.8  92.8  1  2  3 21.9  45.9  46.6  46.6  46.6  2  3  3 12.0   8.6  94.0  94.0  94.0  3  4  3 25.9  23.4  47.6  47.6  47.6  4  5  2 50.1  25.6   8.4  13.8  13.0 19  6  3  2.9   0.1  95.8  95.8  95.8  6  7  3  2.8  -1.7  94.4  94.4  94.4  7  8  3  1.1   0.6  94.0  94.0  94.0  8  9  3 14.8 -38.1  66.8  66.8  66.8  9 10  1 16.1 -32.1  77.2  77.2  77.2 10 11  3  0.4  -6.8  94.6  94.6  94.6 11 12  3  5.3  47.5  68.2  68.2  68.2 12 13  3  3.4  36.9  80.0  80.0  80.0 13 14  3  1.6  -3.9  95.6  95.6  95.6 14 15  3  4.1  -0.4  95.6  95.6  95.6 15 16  3  7.2   3.9  94.2  94.2  94.2 16 17  2 37.4 -29.0  20.2  77.0  59.4 10 18  3  3.9   4.0  95.6  95.6  95.6 18 19  1 14.0   2.6  94.4  94.4  94.4 19 20  3 14.2  -3.3  94.4  94.4  94.4 20 
8.20 6.45 85.36 
 1  1  9.6  12.8  94.4  94.4  94.4  1  2  2 30.3 -33.6  28.0  89.6  69.2 15  3  2 51.2  16.8   6.2  10.2   9.4 10  4  1 15.1 -41.0  62.6  62.6  62.6  4  5  1 24.4   1.2  72.8  72.8  72.8  5  6  2 27.5  49.2  33.6  67.6  63.8  1  7  3  3.8  14.9  92.8  92.8  92.8  7  8  2 32.0  -0.2  26.0  97.8  71.2  5  9  2 43.9 -36.8  15.2  67.0  41.9  4 10  1 14.3   7.4  92.6  92.6  92.6 10 11  3  3.9  14.5  93.8  93.8  93.8 11 12  2 55.6   1.7   4.6   6.4   6.0  1 13  3  0.3   4.1  95.8  95.8  95.8 13 14  3 10.4 -14.6  92.8  92.8  92.8 14 15  1 12.1 -33.4  77.2  77.2  77.2 15 16  3  9.8  -7.3  93.0  93.0  93.0 16 17  2 36.2 -12.2  15.0  90.4  53.0 19 18  2 46.4 -11.8   6.0  17.8  10.4 19 19  1 25.0 -16.8  58.6  58.6  58.6 19 20  2 32.0  22.3  26.8  72.8  68.7  1 
13.59 6.10 8.40 5.95 8.54 7.12 50.29 
 1  3  5.3  -1.6  96.2  96.2  96.2  1  2  1 12.5 -20.6  86.2  86.2  86.2  2  3  3 17.2   4.1  89.6  89.6  89.6  3  4  1 17.4   6.0  91.2  91.2  91.2  4  5  3  4.0  -4.9  94.6  94.6  94.6  5  6  2 35.6   2.2  15.0  67.8  61.8  4  7  3  0.6  17.0  95.2  95.2  95.2  7  8  3  9.3  -0.3  93.0  93.0  93.0  8  9  3  0.0   0.0 100.0 100.0 100.0  9 10  1 16.4  -4.7  93.2  93.2  93.2 10 11  3  3.6 -32.9  83.0  83.0  83.0 11 12  2 41.6 -31.7  15.2  47.6  41.0  2 13  3  1.5   2.1  95.4  95.4  95.4 13 14  2 48.1 -25.2   9.4  15.0  14.0 10 15  3  2.0  -7.6  95.6  95.6  95.6 15 16  3 50.0   1.7   6.8   6.8   6.8 16 17  2 43.9 -19.5  10.8  20.2  18.8 10 18  2 40.2  37.6  13.2  73.6  54.5 20 19  3  8.2   0.6  94.2  94.2  94.2 19 20  1 17.5  24.8  74.0  74.0  74.0 20 
7.63 9.17 7.55 7.70 67.95 
 1  3 19.4 -45.0  46.6  46.6  46.6  1  2  3  4.2  10.6  94.2  94.2  94.2  2  3  3  1.0  -7.4  95.2  95.2  95.2  3  4  2 41.0  27.3  12.2  57.2  47.2 18  5  2 28.4  25.6  35.4  93.2  77.0 18  6  3  0.9  -0.2  95.8  95.8  95.8  6  7  2 50.0 -19.8   4.8  17.6  14.5 13  8  3  2.0  30.9  86.6  86.6  86.6  8  9  2 31.0 -10.2  25.8  89.8  80.3 16 10  2 35.7  -6.8  15.0  67.8  56.0 13 11  3 21.6 -40.2  46.6  46.6  46.6 11 12  2 43.8 -26.7  11.8  41.4  34.2 13 13  1 19.2 -12.7  82.6  82.6  82.6 13 14  3  1.7   4.8  94.8  94.8  94.8 14 15  2 30.8 -31.4  31.6  80.0  71.5 16 16  1 16.5 -11.2  89.4  89.4  89.4 16 17  2 48.3 -14.2   6.0  11.0   9.1 13 18  1 17.7  13.6  82.6  82.6  82.6 18 19  3 21.7 -44.7  46.6  46.6  46.6 19 20  3  4.2   9.7  93.8  93.8  93.8 20 
11.32 13.91 11.92 62.85 
 1  1  4.8  -1.5  94.8  94.8  94.8  1  2  3 15.0 -23.3  78.2  78.2  78.2  2  3  3  0.8   1.6  94.0  94.0  94.0  3  4  2 43.6  11.8   8.2  55.0  29.8 17  5  2 38.7 -16.2  12.6  39.8  34.1 19  6  3  8.3  -9.9  93.0  93.0  93.0  6  7  2 25.9 -31.5  44.4  94.4  80.4 14  8  2 33.4   2.3  20.2  67.8  62.8 18  9  2 49.9 -10.6   6.0   7.4   7.0  1 10  3 24.3  23.0  54.0  54.0  54.0 10 11  3 11.9 -52.8  51.4  51.4  51.4 11 12  3 11.6  22.3  87.0  87.0  87.0 12 13  3 18.1  11.5  82.6  82.6  82.6 13 14  1 12.2 -26.7  85.2  85.2  85.2 14 15  3  6.6  13.9  92.8  92.8  92.8 15 16  2 32.7 -45.1  22.6  84.6  72.1 14 17  1 26.4   9.3  54.2  54.2  54.2 17 18  1 15.1   2.1  92.6  92.6  92.6 18 19  1 12.6 -22.6  85.6  85.6  85.6 19 20  3  0.7 -42.1  74.8  74.8  74.8 20 
6.02 14.04 4.96 9.18 7.07 58.73 
 1  3 20.3  41.6  54.8  54.8  54.8  1  2  2 39.4  23.5  12.2  57.2  37.9  3  3  1 25.2   1.9  66.2  66.2  66.2  3  4  3  2.8  -2.0  94.8  94.8  94.8  4  5  2 28.2  21.0  40.8  81.0  75.2  9  6  1  9.7  -3.8  94.2  94.2  94.2  6  7  2 42.7   9.2   7.8  38.6  25.6  3  8  1 11.1  30.1  79.4  79.4  79.4  8  9  1  7.2  13.4  92.8  92.8  92.8  9 10  3 17.2  52.3  45.6  45.6  45.6 10 11  3  8.7  44.7  68.2  68.2  68.2 11 12  2 29.2  44.5  33.6  91.4  72.6  8 13  3  0.0  -4.1  95.8  95.8  95.8 13 14  3  0.1 -11.0  93.8  93.8  93.8 14 15  3 12.0 -42.6  66.2  66.2  66.2 15 16  2 30.5 -28.5  34.0  89.4  65.8 19 17  3  3.3 -46.5  68.2  68.2  68.2 17 18  2 29.3  -7.1  37.0  76.2  71.8  6 19  1 22.4 -12.2  73.6  73.6  73.6 19 20  2 36.4   4.8  13.2  91.2  60.4  3 
10.49 9.16 8.39 9.27 7.69 55.00 
 1  2 54.5 -10.9   4.2   7.4   5.9 12  2  3 12.8  12.5  92.8  92.8  92.8  2  3  1 20.2  -2.0  88.4  88.4  88.4  3  4  3 21.8  46.7  46.6  46.6  46.6  4  5  3 20.3  -2.1  82.6  82.6  82.6  5  6  3  8.3  -0.0  94.2  94.2  94.2  6  7  2 30.4  -1.2  35.2  96.6  85.4  3  8  2 33.9 -38.6  25.8  80.0  68.5 17  9  3  6.1 -22.2  90.6  90.6  90.6  9 10  3  8.8 -40.8  74.8  74.8  74.8 10 11  3 12.9  35.4  77.2  77.2  77.2 11 12  1 18.1 -20.1  80.0  80.0  80.0 12 13  1 12.0  25.8  84.6  84.6  84.6 13 14  2 44.8  35.2  12.4  47.6  40.3 13 15  3  1.9   4.6  94.8  94.8  94.8 15 16  3  3.2  16.5  94.0  94.0  94.0 16 17  1 11.4 -24.3  85.6  85.6  85.6 17 18  2 33.3 -11.5  20.2  82.4  72.8  3 19  3  3.2  52.6  67.8  67.8  67.8 19 20  3 25.3  12.4  58.2  58.2  58.2 20 
14.03 4.89 7.10 8.76 65.22 
 1  2 29.5  44.9  28.2  85.2  66.6 12  2  3 12.4 -26.2  85.2  85.2  85.2  2  3  3  0.3   0.8  95.2  95.2  95.2  3  4  3 11.0 -35.7  77.2  77.2  77.2  4  5  3 12.4  -6.2  95.0  95.0  95.0  5  6  2 30.3   9.2  32.2  89.8  70.2 12  7  2 42.0  11.5  10.2  29.6  19.8 10  8  2 31.5  18.3  26.8  92.8  72.6 12  9  2 31.6  15.8  25.8  90.4  70.7 12 10  1 25.4  -5.4  67.0  67.0  67.0 10 11  3  6.2 -13.3  92.8  92.8  92.8 11 12  1 18.1  18.3  78.2  78.2  78.2 12 13  3  0.4  -0.4  99.8  99.8  99.8 13 14  2 32.5  16.6  26.8  91.8  71.8 12 15  2 24.9  51.8  33.6  67.6  62.7 19 16  3  1.5  -5.5  95.6  95.6  95.6 16 17  3  0.2   2.1  93.6  93.6  93.6 17 18  3  5.2 -52.9  58.0  58.0  58.0 18 19  1  7.3  12.9  92.8  92.8  92.8 19 20  3  0.3   0.5  99.8  99.8  99.8 20 
4.34 21.51 7.78 66.36 
 1  3  0.9  -2.8  95.8  95.8  95.8  1  2  1 14.0  29.6  77.6  77.6  77.6  2  3  3  4.9 -56.4  56.4  56.4  56.4  3  4  3  6.0  18.3  93.8  93.8  93.8  4  5  3 15.0  46.0  54.8  54.8  54.8  5  6  2 36.0   2.7  13.2  48.0  35.3 19  7  3 17.5 -44.0  54.8  54.8  54.8  7  8  3 25.4 -40.7  46.6  46.6  46.6  8  9  3  2.4   1.8  94.8  94.8  94.8  9 10  3  8.6  14.7  94.4  94.4  94.4 10 11  3  4.3 -39.0  77.2  77.2  77.2 11 12  3 20.3  21.3  73.4  73.4  73.4 12 13  3  7.8  57.8  51.4  51.4  51.4 13 14  2 39.5 -21.3  12.2  41.4  37.1 16 15  2 30.9  14.3  25.8  96.6  71.1 19 16  1 15.8  -8.5  89.6  89.6  89.6 16 17  3  9.7 -11.9  94.0  94.0  94.0 17 18  2 33.1  41.6  22.6  89.0  69.1  2 19  1 20.5  17.3  73.6  73.6  73.6 19 20  2 37.6 -31.3  20.2  52.2  46.8 16 
8.91 10.53 10.93 69.63 
 1  3  6.0  34.4  79.4  79.4  79.4  1  2  1 19.7  15.8  80.0  80.0  80.0  2  3  3  4.7   2.9  96.2  96.2  96.2  3  4  3  0.2   1.4  95.4  95.4  95.4  4  5  3 19.1  22.4  75.2  75.2  75.2  5  6  3 15.7   5.5  93.2  93.2  93.2  6  7  1  3.3  20.1  93.8  93.8  93.8  7  8  3  3.2 -16.9  95.2  95.2  95.2  8  9  3  7.7  -6.8  93.8  93.8  93.8  9 10  3  1.0  23.9  93.8  93.8  93.8 10 11  2 27.5  31.6  39.8  80.0  75.0  7 12  3 12.2  -0.9  93.2  93.2  93.2 12 13  2 33.7  21.5  20.6  91.8  73.4  2 14  3 25.7  -6.9  67.0  67.0  67.0 14 15  3 24.2  -9.6  67.4  67.4  67.4 15 16  3  6.5  -8.2  93.8  93.8  93.8 16 17  3 10.8  -4.2  95.0  95.0  95.0 17 18  3  3.4 -36.8  80.0  80.0  80.0 18 19  1 16.1  -1.4  93.2  93.2  93.2 19 20  2 29.1 -16.8  40.8  77.0  71.8 19 
7.97 8.77 8.56 74.70 
 1  2 58.3  -5.2   4.6   7.8   6.2 17  2  2 33.0   4.5  20.2  87.0  64.0  4  3  3  9.5 -49.9  59.2  59.2  59.2  3  4  1 21.5  11.7  73.6  73.6  73.6  4  5  1  9.4  26.1  85.6  85.6  85.6  5  6  3 16.7 -46.7  54.8  54.8  54.8  6  7  3 58.3 -11.6   5.2   5.2   5.2  7  8  3 24.2 -20.0  60.4  60.4  60.4  8  9  3  2.6  55.5  58.0  58.0  58.0  9 10  2 41.8  14.9   7.2  48.0  35.3  4 11  3 24.4 -23.8  54.0  54.0  54.0 11 12  2 23.5 -53.2  38.2  86.6  69.3 17 13  2 49.0   7.0   5.4   7.4   6.8 16 14  2 29.7  49.4  28.2  85.4  73.1  5 15  3 19.0  33.8  62.2  62.2  62.2 15 16  1 11.4  19.7  91.4  91.4  91.4 16 17  1 17.1 -22.9  80.0  80.0  80.0 17 18  2 54.2   7.6   5.4   7.2   6.6 16 19  3  0.3   0.8  95.2  95.2  95.2 19 20  3  3.5  -8.7  94.2  94.2  94.2 20 
12.39 11.36 7.50 11.14 57.61 
 1  3 51.2   4.3   6.8   6.8   6.8  1  2  3 17.6  51.0  45.6  45.6  45.6  2  3  3  8.4  10.0  93.0  93.0  93.0  3  4  3  1.0  -4.5  96.4  96.4  96.4  4  5  1 21.9 -18.2  69.0  69.0  69.0  5  6  2 46.5 -18.5   8.2  29.0  20.0  5  7  1 11.6  25.7  84.6  84.6  84.6  7  8  3 24.0  -6.2  67.4  67.4  67.4  8  9  3 20.6 -22.0  66.2  66.2  66.2  9 10  3  7.2   2.3  95.6  95.6  95.6 10 11  3  7.9  -0.5  92.0  92.0  92.0 11 12  3 16.4  49.6  51.4  51.4  51.4 12 13  3  7.4  35.4  77.2  77.2  77.2 13 14  3  8.6  13.4  94.0  94.0  94.0 14 15  2 41.1  31.7  15.2  52.2  44.2  7 16  3  2.5   2.4  94.8  94.8  94.8 16 17  3  8.5  26.1  87.0  87.0  87.0 17 18  3  8.8 -42.4  67.4  67.4  67.4 18 19  3 17.7 -10.0  89.4  89.4  89.4 19 20  3  0.3 -24.1  93.8  93.8  93.8 20 
5.93 8.58 85.48 
 1  3 11.8 -48.3  59.2  59.2  59.2  1  2  3 22.2  20.9  68.8  68.8  68.8  2  3  3 21.8  -3.0  81.0  81.0  81.0  3  4  3 11.7   6.9  94.8  94.8  94.8  4  5  1 26.0  18.8  52.2  52.2  52.2  5  6  3 16.9   3.9  89.6  89.6  89.6  6  7  3  3.8   1.6  95.6  95.6  95.6  7  8  3  1.9   4.7  94.8  94.8  94.8  8  9  3  3.6   2.0  95.6  95.6  95.6  9 10  3  9.4  22.7  91.4  91.4  91.4 10 11  3  7.4  -0.8  95.6  95.6  95.6 11 12  3 11.4 -24.0  85.6  85.6  85.6 12 13  3 11.5 -52.7  51.4  51.4  51.4 13 14  1 16.6  13.2  86.2  86.2  86.2 14 15  3  5.9  -4.1  95.2  95.2  95.2 15 16  2 29.3  17.5  40.8  94.2  81.2 14 17  2 46.6  24.2   6.8  61.6  32.2  5 18  3 20.8   2.0  82.6  82.6  82.6 18 19  3  2.0   1.6  95.4  95.4  95.4 19 20  3  8.5   0.1  94.2  94.2  94.2 20 
4.86 9.64 85.50 
 1  2 27.5 -10.0  45.0  96.6  88.1 18  2  1 19.4  22.7  75.8  75.8  75.8  2  3  2 30.0 -47.5  28.2  77.6  70.9  4  4  1  7.9 -22.0  91.4  91.4  91.4  4  5  3  2.1   6.7  95.2  95.2  95.2  5  6  3  5.5  13.4  93.8  93.8  93.8  6  7  3  0.0  41.1  74.2  74.2  74.2  7  8  3 20.8  45.8  46.6  46.6  46.6  8  9  3  6.7 -57.8  56.4  56.4  56.4  9 10  3 12.8   1.8  93.2  93.2  93.2 10 11  3  0.3  45.6  71.8  71.8  71.8 11 12  2 35.0   1.2  18.0  67.8  61.8 18 13  3  9.4  22.3  91.4  91.4  91.4 13 14  3  6.7 -29.9  83.0  83.0  83.0 14 15  3  1.2  29.7  88.2  88.2  88.2 15 16  3  9.4  37.9  77.2  77.2  77.2 16 17  2 43.7   8.9   6.4  11.8  10.8 18 18  1 17.7  -3.9  91.2  91.2  91.2 18 19  3  4.7  -2.6  94.8  94.8  94.8 19 20  2 38.1  31.7  20.2  84.2  63.8  2 
7.69 8.94 13.88 69.49 
 1  3  0.8   0.1  97.8  97.8  97.8  1  2  3 13.9 -17.6  89.0  89.0  89.0  2  3  2 53.3  15.1   6.0  10.4   6.1  6  4  3 14.2 -29.5  77.6  77.6  77.6  4  5  3  4.6 -28.1  87.0  87.0  87.0  5  6  1 25.0  16.2  58.6  58.6  58.6  6  7  1 17.5   6.2  89.4  89.4  89.4  7  8  2 36.3 -44.0  21.6  77.6  66.3 20  9  3 56.4 -17.1   6.0   6.0   6.0  9 10  2 28.3  12.2  44.8  96.0  85.8  7 11  2 58.7  10.3   5.4   7.2   6.8 15 12  3 10.7 -25.2  85.6  85.6  85.6 12 13  3 13.0 -22.0  85.6  85.6  85.6 13 14  3  0.0 -12.8  95.8  95.8  95.8 14 15  1 11.2  -2.9  95.0  95.0  95.0 15 16  3 49.9  -1.8   7.2   7.2   7.2 16 17  3 21.0 -38.2  51.4  51.4  51.4 17 18  3 27.5  15.9  47.6  47.6  47.6 18 19  3  2.8 -49.7  68.2  68.2  68.2 19 20  1 11.3 -28.6  85.4  85.4  85.4 20 
4.44 12.02 6.99 10.41 66.14 
 1  2 48.0  31.0   7.8  54.2  32.0  9  2  2 52.8 -25.2   5.8  10.8   9.5  4  3  3  0.1   1.9  97.2  97.2  97.2  3  4  1  7.7 -28.6  88.0  88.0  88.0  4  5  2 36.6 -36.6  20.2  68.8  60.5  4  6  3  8.1  12.1  92.8  92.8  92.8  6  7  3 13.1 -48.3  54.8  54.8  54.8  7  8  2 48.6   4.8   6.2   7.0   6.5 20  9  1 22.1  30.6  59.0  59.0  59.0  9 10  3  0.1   0.1 100.0 100.0 100.0 10 11  3  9.8 -20.6  91.4  91.4  91.4 11 12  2 53.2 -10.5   6.4   7.4   6.9 20 13  2 36.4 -18.5  15.0  61.6  44.8 14 14  1 22.7  -1.5  72.8  72.8  72.8 14 15  2 36.5  10.3  13.2  55.4  51.6 20 16  3  6.5 -13.1  92.8  92.8  92.8 16 17  3 10.0  32.8  79.4  79.4  79.4 17 18  2 53.3  25.1   5.8  20.2  11.9  9 19  2 25.0 -44.4  36.8  91.4  80.4  4 20  1 16.6   3.5  93.2  93.2  93.2 20 
15.59 6.73 7.69 10.34 59.65 
 1  2 53.1  17.3   4.8   7.8   7.2  8  2  3 12.4 -45.3  59.2  59.2  59.2  2  3  3  9.9  39.9  74.8  74.8  74.8  3  4  3  4.7 -27.6  88.4  88.4  88.4  4  5  3 15.6   1.3  92.6  92.6  92.6  5  6  1 12.5 -31.8  77.6  77.6  77.6  6  7  3 13.9  -5.5  94.4  94.4  94.4  7  8  1 10.6  15.9  92.8  92.8  92.8  8  9  2 37.9 -39.4  17.4  80.0  62.1  6 10  3 18.9  49.7  45.6  45.6  45.6 10 11  2 37.4  29.5  20.2  54.0  50.1  8 12  2 51.5 -20.7   6.2  18.8  12.1 14 13  3  7.6  -7.6  94.2  94.2  94.2 13 14  1 22.2 -21.8  64.4  64.4  64.4 14 15  3 25.1  28.0  47.6  47.6  47.6 15 16  3  8.5 -54.1  56.4  56.4  56.4 16 17  2 33.3  21.9  23.8  72.8  67.6  8 18  3 21.7   8.6  72.8  72.8  72.8 18 19  2 31.7  31.1  27.6  73.6  68.3  8 20  3  3.5  48.9  68.2  68.2  68.2 20 
8.93 18.29 4.89 67.89 
 1  1  6.5 -22.1  90.6  90.6  90.6  1  2  3  4.4  15.0  92.8  92.8  92.8  2  3  2 52.6   1.6   6.0   8.4   7.9  8  4  2 45.2  17.1   7.4  18.6  15.4 10  5  1 23.2 -15.1  67.4  67.4  67.4  5  6  3  1.3  -5.3  94.8  94.8  94.8  6  7  1 15.3  30.2  69.0  69.0  69.0  7  8  1  4.9 -10.1  94.2  94.2  94.2  8  9  2 29.3 -12.6  40.8  77.0  71.6 15 10  1 19.7   8.0  82.6  82.6  82.6 10 11  3  0.1  18.9  94.0  94.0  94.0 11 12  2 43.5   2.4   6.0  14.8  12.2 10 13  3  0.9  30.9  86.6  86.6  86.6 13 14  2 31.0 -35.9  31.6  73.6  66.7  1 15  1 11.6  -3.9  93.0  93.0  93.0 15 16  2 33.2  23.6  23.8  77.0  63.6 10 17  3  0.6  -3.1  94.8  94.8  94.8 17 18  2 34.2  33.7  23.2  89.4  61.7  7 19  2 39.4 -10.1   8.2  67.8  45.7  5 20  2 31.7  47.1  29.6  91.4  63.1  7 
8.86 6.37 10.91 5.75 9.79 9.27 49.05 
 1  3  7.2  21.6  90.6  90.6  90.6  1  2  1 15.1 -11.8  89.6  89.6  89.6  2  3  2 44.3 -39.3  15.2  39.8  33.0 18  4  2 41.2  12.6   9.0  34.8  23.5  5  5  1 24.7  -1.9  67.4  67.4  67.4  5  6  3  5.4  -2.4  95.4  95.4  95.4  6  7  2 38.9  20.7  12.2  41.4  35.4 19  8  3  7.4  37.5  77.2  77.2  77.2  8  9  3  4.1   1.6  96.4  96.4  96.4  9 10  3  5.6  -4.6  95.2  95.2  95.2 10 11  2 35.4 -47.1  22.0  74.0  61.3 18 12  2 29.3  -5.7  43.8  88.2  79.0  2 13  3  0.1  -1.3  95.8  95.8  95.8 13 14  3  1.2   3.0  94.8  94.8  94.8 14 15  3  8.0   2.9  94.2  94.2  94.2 15 16  2 32.0 -43.0  22.6  78.2  64.7 18 17  3 27.9   1.7  47.8  47.8  47.8 17 18  1  5.7 -33.2  82.8  82.8  82.8 18 19  1 12.4  26.9  85.4  85.4  85.4 19 20  3  4.0  -0.7  95.6  95.6  95.6 20 
9.36 5.04 13.42 6.70 65.48 
 1  2 31.4   9.9  25.8  76.2  71.9 15  2  2 33.2  -7.4  20.2  76.2  65.2 18  3  2 30.6  27.1  30.0  73.6  69.5 15  4  1 16.3 -15.2  85.6  85.6  85.6  4  5  3  1.4  -4.5  96.4  96.4  96.4  5  6  3 27.1  -4.2  57.2  57.2  57.2  6  7  3  2.6   1.2  95.8  95.8  95.8  7  8  3 17.9 -40.5  54.8  54.8  54.8  8  9  3  2.3  -0.3  95.2  95.2  95.2  9 10  2 50.8  26.3   8.4  13.2  12.5 15 11  3 23.0  38.1  46.6  46.6  46.6 11 12  2 46.3 -31.9   7.2  32.2  27.6  4 13  2 29.4  -9.3  37.0  92.8  79.4 18 14  3  5.1  13.5  93.8  93.8  93.8 14 15  1 12.6   9.2  94.4  94.4  94.4 15 16  2 31.4 -33.0  31.6  82.6  70.7  4 17  2 40.8  43.4  17.4  36.6  34.6 15 18  1 16.9 -13.1  85.6  85.6  85.6 18 19  2 34.6 -29.1  23.2  72.8  62.3  4 20  3  0.1  -6.6  95.4  95.4  95.4 20 
13.04 14.98 12.20 59.79 
 1  3  3.4  22.2  93.8  93.8  93.8  1  2  3 26.0   3.6  54.2  54.2  54.2  2  3  1 13.0 -12.9  92.8  92.8  92.8  3  4  3 16.9   4.3  89.6  89.6  89.6  4  5  3  3.8  14.0  93.8  93.8  93.8  5  6  3 18.1  53.2  45.6  45.6  45.6  6  7  2 51.5  -2.8   5.4   7.2   6.8 20  8  3 23.4  -4.3  72.8  72.8  72.8  8  9  1 23.9 -16.0  67.0  67.0  67.0  9 10  3  5.9 -33.4  85.4  85.4  85.4 10 11  3 20.5  21.0  73.4  73.4  73.4 11 12  3  6.5 -14.8  94.0  94.0  94.0 12 13  2 53.4 -26.0   6.6  21.4  14.3  9 14  3 10.4  -3.5  93.2  93.2  93.2 14 15  3 18.2  48.4  46.6  46.6  46.6 15 16  3  0.1  -2.0  95.4  95.4  95.4 16 17  3  9.4  17.6  92.4  92.4  92.4 17 18  2 35.3 -27.7  17.6  91.8  61.5  9 19  2 27.4 -27.3  39.8  87.0  80.7  3 20  1 10.1  -0.4  94.2  94.2  94.2 20 
10.77 8.87 6.27 74.09 
 1  3 16.9  40.3  58.2  58.2  58.2  1  2  3  4.2 -11.4  95.8  95.8  95.8  2  3  3 11.6  -5.7  93.2  93.2  93.2  3  4  2 40.4 -42.5  17.4  73.6  56.8 16  5  2 35.0   6.7  15.0  67.8  61.8  6  6  1 17.1   6.3  91.2  91.2  91.2  6  7  2 47.1 -34.0  12.4  56.0  37.4 15  8  2 31.9  43.3  22.6  84.6  70.0 17  9  3  6.8   9.1  94.2  94.2  94.2  9 10  3  0.1   0.1 100.0 100.0 100.0 10 11  2 38.1 -19.3  11.2  55.4  37.0 15 12  3  8.8 -51.3  56.4  56.4  56.4 12 13  3  5.6   4.3  95.2  95.2  95.2 13 14  3  0.1   2.3  95.2  95.2  95.2 14 15  1 17.5 -31.3  66.8  66.8  66.8 15 16  1 12.7 -34.0  77.2  77.2  77.2 16 17  1  8.4  29.8  82.8  82.8  82.8 17 18  3  0.4  -0.0 100.0 100.0 100.0 18 19  3 18.6  36.9  59.0  59.0  59.0 19 20  2 31.9  46.9  29.6  85.2  70.5 17 
8.35 7.71 7.31 12.19 64.44 
 1  3  0.2 -11.2  93.8  93.8  93.8  1  2  3  8.6  12.1  92.8  92.8  92.8  2  3  3  3.3  -0.0  94.4  94.4  94.4  3  4  2 36.3   4.3  13.2  67.8  59.9 19  5  3 18.4  42.9  54.8  54.8  54.8  5  6  3 23.5  19.8  64.4  64.4  64.4  6  7  3  1.4   0.8  93.2  93.2  93.2  7  8  2 31.7 -50.3  29.6  62.2  57.8 16  9  2 29.7   4.7  32.2  95.0  84.0 19 10  3  2.5  19.8  91.4  91.4  91.4 10 11  3 10.0   3.1  94.2  94.2  94.2 11 12  3 21.2  31.0  59.0  59.0  59.0 12 13  3  1.7  34.5  83.0  83.0  83.0 13 14  3 15.8  42.2  62.6  62.6  62.6 14 15  3  5.7  -7.2  93.8  93.8  93.8 15 16  1  2.3 -21.3  93.0  93.0  93.0 16 17  3  8.5  -1.3  93.8  93.8  93.8 17 18  3  2.2 -51.0  68.2  68.2  68.2 18 19  1 20.2  -1.7  88.4  88.4  88.4 19 20  3  2.5  16.3  92.8  92.8  92.8 20 
8.30 12.78 78.91 
 1  1  9.0 -11.9  94.0  94.0  94.0  1  2  3 19.7 -12.2  81.0  81.0  81.0  2  3  1  8.8 -24.3  87.0  87.0  87.0  3  4  2 46.1 -19.0   7.4  34.8  23.5 14  5  2 42.6 -25.2  11.8  61.6  41.5 14  6  3 23.9 -12.9  66.2  66.2  66.2  6  7  1 12.4  19.2  89.0  89.0  89.0  7  8  3 55.3   5.5   7.8   7.8   7.8  8  9  2 44.4   2.9   6.2  11.4   7.7 14 10  2 28.8  33.6  36.8  91.2  77.9 19 11  3 21.0 -52.8  45.6  45.6  45.6 11 12  3 28.3  11.8  44.8  44.8  44.8 12 13  2 42.1 -22.0  10.8  65.0  43.8 14 14  1 23.6 -13.5  67.4  67.4  67.4 14 15  2 49.6  11.8   5.4   6.2   5.8  1 16  3  9.7  21.3  91.4  91.4  91.4 16 17  2 25.9 -36.0  37.6  91.2  79.3  3 18  2 50.2  30.2   6.8  20.0  17.8  7 19  1  9.5  29.9  85.4  85.4  85.4 19 20  3 15.1 -20.9  84.6  84.6  84.6 20 
6.94 11.56 7.42 12.78 11.35 49.95 
 1  3 11.6  13.6  92.8  92.8  92.8  1  2  3 14.8 -25.9  80.8  80.8  80.8  2  3  3 14.5  51.4  51.4  51.4  51.4  3  4  3 25.4 -16.2  58.6  58.6  58.6  4  5  3 14.3  -8.5  92.6  92.6  92.6  5  6  3 19.2 -25.7  69.0  69.0  69.0  6  7  3 23.0  25.6  60.4  60.4  60.4  7  8  3  5.4 -24.2  91.4  91.4  91.4  8  9  3  0.1   0.9  95.2  95.2  95.2  9 10  3 20.1 -37.1  53.2  53.2  53.2 10 11  3 23.8 -18.9  60.4  60.4  60.4 11 12  3 19.0  12.7  82.6  82.6  82.6 12 13  3  1.7  -3.5  95.8  95.8  95.8 13 14  3 21.5   0.8  81.0  81.0  81.0 14 15  3 10.8   9.0  95.0  95.0  95.0 15 16  3  2.7  11.9  97.4  97.4  97.4 16 17  2 36.4  32.5  20.2  73.6  60.8 18 18  1 16.7  16.7  82.6  82.6  82.6 18 19  3  3.1  -0.9  94.4  94.4  94.4 19 20  3 15.4 -16.4  86.2  86.2  86.2 20 
8.73 91.27 
 1  2 30.9   4.6  23.8  72.0  67.1  2  2  1 12.5  -3.9  93.2  93.2  93.2  2  3  3 16.7 -47.7  54.8  54.8  54.8  3  4  2 30.3  25.8  30.0  81.0  75.2  8  5  2 45.9  17.1   8.2  34.8  19.9  7  6  2 30.0  37.0  36.8  75.6  70.2  8  7  1 27.5   5.8  57.2  57.2  57.2  7  8  1 10.4  15.4  92.8  92.8  92.8  8  9  2 40.1   9.9   8.2  73.2  41.9  7 10  3 10.4  58.3  51.4  51.4  51.4 10 11  3 18.2  42.5  54.8  54.8  54.8 11 12  3 49.8   1.2   7.2   7.2   7.2 12 13  3 26.1  33.4  44.4  44.4  44.4 13 14  2 35.6  -3.0  15.0  87.0  49.8  7 15  3 23.1  38.8  46.6  46.6  46.6 15 16  3 25.3 -15.8  58.6  58.6  58.6 16 17  3  3.9  51.8  67.8  67.8  67.8 17 18  3  3.1  -2.6  95.6  95.6  95.6 18 19  3 13.2 -56.6  48.2  48.2  48.2 19 20  3  4.2   4.2  95.4  95.4  95.4 20 
10.57 11.13 15.71 62.59 
 1  2 46.4 -18.2   8.2  29.6  16.9  6  2  2 50.5  22.7   5.8  15.0  10.9 12  3  1 17.8  -8.2  89.4  89.4  89.4  3  4  2 46.2 -13.8   6.0  29.6  16.9  6  5  2 29.6 -12.9  37.0  94.2  84.2  3  6  1 27.7  -2.8  57.2  57.2  57.2  6  7  3 49.2   0.5   7.2   7.2   7.2  7  8  3 15.8  54.9  45.6  45.6  45.6  8  9  3  2.8  -3.6  96.4  96.4  96.4  9 10  2 37.2 -20.6  15.0  61.6  55.1  3 11  1 13.7   3.3  94.0  94.0  94.0 11 12  1 23.9  -1.0  72.8  72.8  72.8 12 13  3 11.8 -10.9  94.4  94.4  94.4 13 14  2 48.4  12.4   6.2  10.2   9.6 11 15  3 22.3  55.4  38.2  38.2  38.2 15 16  3  7.4 -38.3  77.2  77.2  77.2 16 17  2 41.5  -7.8   7.4  64.2  36.7  6 18  3 14.6 -54.0  51.4  51.4  51.4 18 19  2 40.4   8.1   7.8  60.6  34.7  6 20  2 33.8   4.2  19.0  91.6  66.7 12 
16.48 11.71 7.47 10.84 53.50 
 1  2 44.0  13.8   7.4  18.6  15.1 13  2  3 11.3  -8.3  95.0  95.0  95.0  2  3  1 13.5 -32.6  77.6  77.6  77.6  3  4  3 25.9  -9.5  54.2  54.2  54.2  4  5  2 28.0  43.4  36.8  79.4  71.9  7  6  3  2.3  39.6  77.2  77.2  77.2  6  7  1  8.9  19.3  90.6  90.6  90.6  7  8  3  5.4 -20.1  94.2  94.2  94.2  8  9  3 13.3  -7.4  94.4  94.4  94.4  9 10  2 38.6 -42.1  20.2  80.0  62.1  3 11  3 15.0  -9.7  92.8  92.8  92.8 11 12  3  0.5   9.5  95.2  95.2  95.2 12 13  1 21.4   3.3  81.0  81.0  81.0 13 14  2 31.5  31.4  31.6  73.6  66.7  7 15  3 20.2  37.2  53.2  53.2  53.2 15 16  3 21.1 -36.4  53.2  53.2  53.2 16 17  3  0.1   0.4 100.0 100.0 100.0 17 18  3  7.3 -21.2  90.6  90.6  90.6 18 19  2 38.8  37.7  17.4  54.0  48.9  7 20  3 14.4  12.6  89.6  89.6  89.6 20 
7.90 15.73 5.43 70.94 
 1  3 13.6 -40.8  65.4  65.4  65.4  1  2  3  1.0   7.9  95.6  95.6  95.6  2  3  1 12.4 -23.7  85.6  85.6  85.6  3  4  3 14.1 -27.1  79.4  79.4  79.4  4  5  3 14.9 -28.1  77.6  77.6  77.6  5  6  3 14.3 -49.6  54.8  54.8  54.8  6  7  2 40.2  -5.8   7.8  17.6  16.4 16  8  2 41.7  24.5  11.8  57.2  42.3  9  9  1 16.1  27.5  74.0  74.0  74.0  9 10  2 35.1  45.3  22.0  85.6  63.3  9 11  3  3.1   2.5  95.8  95.8  95.8 11 12  2 32.4  -2.8  21.4  55.4  51.5 16 13  1 13.4  10.3  92.6  92.6  92.6 13 14  3  3.8  28.6  87.0  87.0  87.0 14 15  2 41.1   0.7   7.4  11.8  10.9 13 16  1 10.2  -7.2  93.0  93.0  93.0 16 17  3 22.4  28.8  59.0  59.0  59.0 17 18  3 13.2 -14.4  89.6  89.6  89.6 18 19  2 35.5 -39.2  22.0  80.0  68.5  3 20  3  8.0  -0.9  92.0  92.0  92.0 20 
9.35 10.91 6.28 9.77 63.69 
 1  3 11.0 -35.5  77.2  77.2  77.2  1  2  3  6.9 -36.3  77.2  77.2  77.2  2  3  3  4.0   6.2  95.2  95.2  95.2  3  4  1  4.9   5.6  95.2  95.2  95.2  4  5  3  9.8 -13.9  92.6  92.6  92.6  5  6  3 14.3  41.8  59.2  59.2  59.2  6  7  1 20.7  13.5  80.0  80.0  80.0  7  8  2 43.8  23.5  10.8  61.6  40.8 18  9  3  1.7  56.1  58.0  58.0  58.0  9 10  3  2.5 -23.8  90.6  90.6  90.6 10 11  3  3.0  -0.7  94.8  94.8  94.8 11 12  2 34.3  -1.1  16.0  56.2  45.0  7 13  2 43.3  11.6   8.2  55.0  30.7 15 14  3  5.0 -18.6  91.4  91.4  91.4 14 15  1 25.9  14.3  55.8  55.8  55.8 15 16  3  2.2 -13.1  92.2  92.2  92.2 16 17  2 55.5  10.0   5.2   7.2   6.9  4 18  1 22.8  17.9  66.2  66.2  66.2 18 19  2 32.4  -1.2  21.4  72.0  57.6  7 20  3 12.4   4.8  93.2  93.2  93.2 20 
6.46 11.55 5.47 6.77 69.75 
 1  3  7.6  10.3  93.0  93.0  93.0  1  2  3 13.6 -36.3  68.6  68.6  68.6  2  3  3 10.9 -20.1  91.4  91.4  91.4  3  4  3  5.6  -2.7  94.6  94.6  94.6  4  5  3 10.4  20.1  91.4  91.4  91.4  5  6  1 15.2   4.1  92.6  92.6  92.6  6  7  1 13.9   3.9  94.4  94.4  94.4  7  8  3  8.6  36.4  77.2  77.2  77.2  8  9  2 30.5   7.3  34.4  88.2  81.7  6 10  3  0.8 -24.8  91.4  91.4  91.4 10 11  3  7.4  10.8  93.0  93.0  93.0 11 12  2 48.5  17.3   6.0   8.6   8.0  6 13  2 51.6  -3.3   5.4   7.2   6.7 14 14  1 12.7 -11.3  92.8  92.8  92.8 14 15  3 26.8 -25.4  47.6  47.6  47.6 15 16  2 46.7  -2.8   6.4   7.4   7.0  7 17  2 37.5 -43.3  15.8  64.4  58.9 19 18  3  8.4 -54.5  56.4  56.4  56.4 18 19  1 11.7 -19.9  91.4  91.4  91.4 19 20  3  7.1  -6.7  97.4  97.4  97.4 20 
11.41 6.35 6.23 9.41 66.61 
 1  3 11.2   3.9  93.0  93.0  93.0  1  2  2 28.4  22.7  35.4  81.0  76.1 14  3  2 47.1 -15.0   6.0  20.4  14.9 19  4  3 20.9  43.9  46.6  46.6  46.6  4  5  3 11.9  46.6  59.2  59.2  59.2  5  6  2 30.0  30.1  33.4  80.0  74.2 15  7  2 40.3 -32.2  15.2  67.0  53.2 17  8  2 27.9  37.6  36.8  78.2  72.6 15  9  3  5.3 -11.0  92.2  92.2  92.2  9 10  3 59.6   0.9   7.0   7.0   7.0 10 11  3  5.3   1.9  96.2  96.2  96.2 11 12  2 31.3  23.3  30.0  72.8  68.4 14 13  3 12.1  -4.6  93.2  93.2  93.2 13 14  1 11.0   9.6  94.0  94.0  94.0 14 15  1  7.1  19.1  92.8  92.8  92.8 15 16  3  2.1 -11.7  96.0  96.0  96.0 16 17  1 12.8 -27.6  79.4  79.4  79.4 17 18  2 23.8  51.8  38.2  77.2  71.6 15 19  1 23.0  -5.8  72.8  72.8  72.8 19 20  2 33.7  -9.6  20.2  91.6  66.7 19 
12.44 16.23 6.91 8.05 56.37 
 1  2 55.0 -17.0   4.4  10.2   8.3 11  2  2 36.5 -26.3  16.0  77.0  62.4 11  3  3  9.1  58.2  51.4  51.4  51.4  3  4  3 13.9  -1.7  94.0  94.0  94.0  4  5  3  4.5  -3.6  96.2  96.2  96.2  5  6  3  6.1 -22.3  90.6  90.6  90.6  6  7  2 29.0   7.7  41.4  88.4  83.4 13  8  3 15.8 -30.3  69.0  69.0  69.0  8  9  3 13.3 -57.1  48.2  48.2  48.2  9 10  2 28.6   7.4  45.6  88.4  83.4 13 11  1 18.9 -14.9  81.0  81.0  81.0 11 12  2 54.2 -25.1   4.8  18.0  12.4 18 13  1 11.9  10.2  94.4  94.4  94.4 13 14  3 17.2  36.0  62.2  62.2  62.2 14 15  2 51.4 -26.6   8.4  26.0  17.9 18 16  3  4.8  40.0  77.2  77.2  77.2 16 17  3  2.6  17.8  94.0  94.0  94.0 17 18  1 19.2 -25.4  69.0  69.0  69.0 18 19  3  0.1   0.1 100.0 100.0 100.0 19 20  2 49.6  18.8   4.8   8.2   7.7 13 
9.61 17.04 6.29 67.05 
 1  3  5.7  54.8  56.4  56.4  56.4  1  2  2 33.6  13.2  20.0  91.8  74.4  5  3  3 20.9 -36.6  53.2  53.2  53.2  3  4  3 23.2  38.1  46.6  46.6  46.6  4  5  1 20.4  10.9  81.0  81.0  81.0  5  6  1 14.9   2.2  92.6  92.6  92.6  6  7  3  1.6  -1.6  95.2  95.2  95.2  7  8  3  3.6 -28.1  88.4  88.4  88.4  8  9  3 25.9 -28.8  47.6  47.6  47.6  9 10  3 15.2  -7.1  93.2  93.2  93.2 10 11  2 28.4  12.6  44.8  88.4  81.9  6 12  3  0.6  14.7  93.8  93.8  93.8 12 13  1 10.8 -14.2  92.8  92.8  92.8 13 14  2 27.0  28.2  39.8  94.2  81.2 18 15  3 18.7  50.1  45.6  45.6  45.6 15 16  2 51.5  -4.5   5.2   7.2   6.7 13 17  3  6.0 -11.1  92.2  92.2  92.2 17 18  1 13.4  19.8  86.2  86.2  86.2 18 19  2 53.1  -3.9   6.0   8.4   7.8 20 20  1  5.5 -14.4  92.8  92.8  92.8 20 
9.35 10.50 5.99 10.08 6.05 58.03 
 1  2 34.3 -39.8  22.6  86.2  66.9 16  2  2 34.5 -16.1  17.8  88.2  71.4  9  3  3  5.0  -3.1  95.4  95.4  95.4  3  4  3 14.1 -52.6  51.4  51.4  51.4  4  5  3  2.1   0.1  94.0  94.0  94.0  5  6  3  1.2   2.1  95.2  95.2  95.2  6  7  3 17.5  56.7  45.6  45.6  45.6  7  8  2 31.4  26.6  30.0  52.2  50.8 18  9  1 21.1  -8.1  81.0  81.0  81.0  9 10  3 24.4 -17.9  60.4  60.4  60.4 10 11  2 37.7  26.0  16.0  52.4  30.0 15 12  3  1.1   2.7  95.8  95.8  95.8 12 13  3 10.2  42.3  68.2  68.2  68.2 13 14  3 10.6 -40.7  68.6  68.6  68.6 14 15  1 27.5  -1.5  57.2  57.2  57.2 15 16  1 13.7 -32.1  77.6  77.6  77.6 16 17  3 14.5 -14.3  91.4  91.4  91.4 17 18  1  3.6   9.6  97.4  97.4  97.4 18 19  3 13.9 -19.5  82.6  82.6  82.6 19 20  3 20.5 -51.2  45.6  45.6  45.6 20 
9.26 5.30 8.78 9.01 67.65 
 1  3 15.3  28.8  74.0  74.0  74.0  1  2  3 10.3  15.8  92.8  92.8  92.8  2  3  1 10.6  20.3  91.4  91.4  91.4  3  4  2 43.6 -18.8  10.8  39.8  26.8  7  5  2 47.0 -18.1   8.2  18.6  12.5  7  6  3 17.2  37.0  62.2  62.2  62.2  6  7  1 24.9  -2.8  67.4  67.4  67.4  7  8  2 37.6   8.5  13.2  67.8  56.0 13  9  3 10.5   7.4  95.4  95.4  95.4  9 10  3  4.5  36.8  77.2  77.2  77.2 10 11  2 40.1   5.9   7.8  55.0  37.1  7 12  2 32.8  15.0  23.8  88.2  72.9 13 13  1 20.3   4.6  82.6  82.6  82.6 13 14  3  5.0  21.3  93.8  93.8  93.8 14 15  3  4.3   9.4  93.8  93.8  93.8 15 16  3 24.3 -41.1  46.6  46.6  46.6 16 17  3 15.7 -25.0  77.6  77.6  77.6 17 18  3 14.7 -15.3  89.0  89.0  89.0 18 19  2 32.7  33.1  23.6  80.0  73.1  3 20  3  8.3 -11.5  92.8  92.8  92.8 20 
9.72 8.49 12.49 69.30 
 1  2 56.0  18.6   4.8  10.2   7.9 13  2  2 38.6 -17.9  11.8  39.8  36.8 18  3  3  4.3  -9.6  93.8  93.8  93.8  3  4  3 13.8  49.6  54.8  54.8  54.8  4  5  2 49.3  23.3   8.4  39.8  21.5  8  6  2 50.7  27.6   9.4  41.4  22.4  8  7  2 29.2  17.9  40.8  93.2  72.3 13  8  1 24.3  23.5  54.0  54.0  54.0  8  9  3  5.0   9.3  93.8  93.8  93.8  9 10  2 30.8   1.6  29.6  61.6  57.8 12 11  3 15.1 -29.2  74.0  74.0  74.0 11 12  1  9.2  -3.6  93.8  93.8  93.8 12 13  1 15.8  25.1  77.6  77.6  77.6 13 14  3 16.5 -27.6  74.0  74.0  74.0 14 15  3 10.3  -6.1  92.2  92.2  92.2 15 16  3  3.9  37.2  80.0  80.0  80.0 16 17  3  0.9   1.3  92.4  92.4  92.4 17 18  1 12.3 -14.7  92.4  92.4  92.4 18 19  3  0.0  32.0  86.6  86.6  86.6 19 20  3  3.9 -19.2  91.4  91.4  91.4 20 
6.16 9.54 9.94 8.13 66.22 
 1  3  9.3 -23.8  87.0  87.0  87.0  1  2  3  5.5  23.6  91.4  91.4  91.4  2  3  1 23.0   7.0  72.8  72.8  72.8  3  4  3  2.4   6.3  93.6  93.6  93.6  4  5  3 24.7  -6.0  67.4  67.4  67.4  5  6  2 34.7  12.2  15.0  82.4  68.1  9  7  3 13.1 -57.8  48.2  48.2  48.2  7  8  3  3.1  12.8  92.2  92.2  92.2  8  9  1 19.2   9.2  82.6  82.6  82.6  9 10  3  5.2 -15.1  92.8  92.8  92.8 10 11  1 14.1  10.3  92.8  92.8  92.8 11 12  3 10.7  -3.6  95.0  95.0  95.0 12 13  3  0.4  -1.3  95.8  95.8  95.8 13 14  1 16.8 -21.1  78.2  78.2  78.2 14 15  3 10.3 -10.4  94.0  94.0  94.0 15 16  2 34.1 -39.5  22.6  84.6  66.2 14 17  3 25.5  18.9  54.0  54.0  54.0 17 18  2 38.3  39.3  17.4  54.0  44.6  9 19  2 57.8   8.6   6.0   7.2   6.7 11 20  2 34.6   5.9  18.0  91.6  66.7  3 
8.01 11.21 5.71 8.29 66.79 
 1  2 33.5  17.6  20.6  88.2  69.0  9  2  2 52.0  28.1   8.4  20.0  15.6  9  3  3 18.4 -33.3  66.8  66.8  66.8  3  4  2 35.2  -7.6  15.0  76.2  67.4  7  5  2 54.5   0.9   6.4   8.4   7.8 15  6  2 31.7 -13.1  25.8  88.2  78.0  7  7  1 20.1  -1.2  88.4  88.4  88.4  7  8  2 50.5 -27.3   9.4  32.6  21.0 17  9  1 17.0  20.2  78.2  78.2  78.2  9 10  2 33.7 -12.9  20.0  76.2  67.4  7 11  2 34.0  26.7  23.4  87.0  68.0  9 12  2 40.7  -2.4  10.2  33.2  29.3  7 13  3  9.6   8.4  93.0  93.0  93.0 13 14  3  1.0   4.8  96.0  96.0  96.0 14 15  1 16.4   0.9  93.2  93.2  93.2 15 16  3 15.6  49.7  51.4  51.4  51.4 16 17  1 21.2 -26.0  64.4  64.4  64.4 17 18  3 10.8  25.7  84.6  84.6  84.6 18 19  3  6.6 -25.0  91.6  91.6  91.6 19 20  2 46.2  -5.0   7.4   9.4   8.3  7 
20.27 13.81 6.05 5.11 54.76 
 1  3  0.9   1.0  95.8  95.8  95.8  1  2  2 34.2  34.4  23.2  60.4  54.1  8  3  3  4.5  -9.7  93.8  93.8  93.8  3  4  3  8.8  -4.5  93.8  93.8  93.8  4  5  3  5.0  -9.7  93.8  93.8  93.8  5  6  2 41.5  -0.4   6.6  28.2  19.0 13  7  3  7.3  10.6  93.0  93.0  93.0  7  8  1 16.4   7.3  89.6  89.6  89.6  8  9  2 38.3  25.7  16.0  57.2  51.3  8 10  3 27.2  12.8  47.6  47.6  47.6 10 11  2 41.0  36.0  15.6  60.4  40.7 13 12  3  1.5   3.1  94.8  94.8  94.8 12 13  1 24.1  10.2  67.4  67.4  67.4 13 14  3 18.5 -29.0  69.0  69.0  69.0 14 15  2 33.0   7.7  20.2  76.2  68.3  8 16  3 24.3 -43.0  46.6  46.6  46.6 16 17  1  2.2   7.2  95.2  95.2  95.2 17 18  3  4.3 -17.5  94.0  94.0  94.0 18 19  3  0.1  -0.1 100.0 100.0 100.0 19 20  2 55.2  14.3   5.0   6.0   5.7 17 
15.93 7.69 6.11 70.27 
 1  3 12.0  25.9  84.6  84.6  84.6  1  2  3 15.4  45.8  54.8  54.8  54.8  2  3  3 17.8 -26.4  69.0  69.0  69.0  3  4  3 11.9   6.6  94.8  94.8  94.8  4  5  3  7.8  41.8  73.0  73.0  73.0  5  6  3  0.7   8.9  97.2  97.2  97.2  6  7  3 13.1 -37.2  68.6  68.6  68.6  7  8  3 20.3 -32.2  59.0  59.0  59.0  8  9  3  9.8   9.6  93.2  93.2  93.2  9 10  3  1.7 -10.8  93.8  93.8  93.8 10 11  3  2.2  -9.7  95.4  95.4  95.4 11 12  1  9.0  -0.3  93.8  93.8  93.8 12 13  3  5.5  10.8  92.2  92.2  92.2 13 14  3  0.5  57.3  58.0  58.0  58.0 14 15  3  0.0  -1.0  95.8  95.8  95.8 15 16  2 56.9   7.7   6.0   8.4   7.9 12 17  3  0.7   1.4  92.4  92.4  92.4 17 18  3 16.4  55.9  45.6  45.6  45.6 18 19  3  8.3  15.8  91.4  91.4  91.4 19 20  3 11.7  29.3  79.4  79.4  79.4 20 
6.57 93.43 
 1  3 19.9  40.1  54.8  54.8  54.8  1  2  3  6.7  -2.2  95.2  95.2  95.2  2  3  1 10.8 -28.6  85.4  85.4  85.4  3  4  3  2.5  -9.8  95.4  95.4  95.4  4  5  2 45.2 -21.2  10.8  18.0  15.4  3  6  2 28.5  47.8  33.6  84.6  71.6 14  7  3  6.3  -7.9  93.8  93.8  93.8  7  8  2 32.4  42.0  22.6  84.6  71.6 14  9  1 20.6  10.9  81.0  81.0  81.0  9 10  3  1.9 -22.9  93.8  93.8  93.8 10 11  3 10.2  12.7  94.4  94.4  94.4 11 12  3 12.5  50.5  51.4  51.4  51.4 12 13  2 44.5  -1.1   6.2  10.4   8.4  9 14  1 13.4  23.3  84.6  84.6  84.6 14 15  3 17.1 -39.0  60.0  60.0  60.0 15 16  2 38.8  41.3  17.4  66.2  56.0 14 17  3  2.4  10.2  93.8  93.8  93.8 17 18  3  7.4  12.7  92.8  92.8  92.8 18 19  2 28.0 -26.4  39.8  89.6  76.5  3 20  2 30.1 -38.1  36.8  89.0  76.0  3 
13.86 4.89 15.53 65.72 
 1  1 17.5  26.0  74.0  74.0  74.0  1  2  3 10.1 -21.6  91.4  91.4  91.4  2  3  3 10.4  26.8  84.6  84.6  84.6  3  4  3 14.2  57.9  48.2  48.2  48.2  4  5  3  1.5 -36.2  86.6  86.6  86.6  5  6  2 52.5 -21.3   6.8   9.8   7.9  7  7  1 14.8 -25.4  80.8  80.8  80.8  7  8  1 26.1   3.3  54.2  54.2  54.2  8  9  3 14.6 -44.0  62.6  62.6  62.6  9 10  3  5.5 -44.3  71.8  71.8  71.8 10 11  3  5.5  26.0  88.4  88.4  88.4 11 12  3  0.3   3.2  94.8  94.8  94.8 12 13  3  4.8  -2.2  94.8  94.8  94.8 13 14  2 43.0  21.0   7.8  39.8  29.5  1 15  3  8.3 -38.4  77.2  77.2  77.2 15 16  3  1.2  -1.5  95.4  95.4  95.4 16 17  3  4.1 -33.2  82.8  82.8  82.8 17 18  2 43.0  -4.2   6.0  32.2  17.5  8 19  3  3.0  -5.9  93.6  93.6  93.6 19 20  3  0.4  13.0  95.8  95.8  95.8 20 
6.96 5.97 4.82 82.25 
