 1  2 31.7 -14.5  25.8  88.2  64.2 14  2  3  4.2  -0.0  95.6  95.6  95.6  2  3  1 12.4  18.7  91.4  91.4  91.4  3  4  3  1.4  -1.5  95.0  95.0  95.0  4  5  3  1.7 -24.3  90.6  90.6  90.6  5  6  2 32.0 -23.1  26.8  77.0  65.9  9  7  2 27.8 -20.5  40.8  89.4  76.5  9  8  2 30.5  50.0  28.2  77.2  70.6  3  9  1 11.0 -24.1  85.6  85.6  85.6  9 10  2 25.7  39.0  37.6  91.4  79.5 17 11  1 14.4  31.0  74.0  74.0  74.0 11 12  3  1.2   0.2  96.4  96.4  96.4 12 13  3  1.8 -30.7  86.6  86.6  86.6 13 14  1 24.4   0.6  72.8  72.8  72.8 14 15  3 10.3   8.2  93.2  93.2  93.2 15 16  3 11.2   8.0  94.8  94.8  94.8 16 17  1  8.6  24.9  87.0  87.0  87.0 17 18  2 44.5  32.6  12.4  51.6  38.2 11 19  3  3.7  18.8  94.0  94.0  94.0 19 20  3  0.6 -17.1  95.2  95.2  95.2 20 
7.93 11.17 5.49 6.71 8.15 60.54 
 1  2 31.9  37.5  31.6  89.6  61.5  4  2  3  1.9   0.9  93.6  93.6  93.6  2  3  1 23.5  20.1  60.4  60.4  60.4  3  4  1 12.7  37.1  68.6  68.6  68.6  4  5  2 30.1  33.8  36.8  92.8  63.7  4  6  1 10.2 -13.4  94.4  94.4  94.4  6  7  3  4.9 -35.8  80.0  80.0  80.0  7  8  2 24.7 -47.2  33.6  77.2  72.9  6  9  2 29.9  24.4  35.4  96.4  58.2  3 10  3 18.5 -43.4  54.8  54.8  54.8 10 11  1 18.8 -22.7  75.2  75.2  75.2 11 12  3 24.0  -3.5  72.8  72.8  72.8 12 13  2 52.3  -5.7   5.2   7.2   6.8  6 14  3 11.8 -40.8  68.6  68.6  68.6 14 15  3 49.6   1.0   7.2   7.2   7.2 15 16  3  0.2  -0.6  99.8  99.8  99.8 16 17  3  2.9  -5.0  95.6  95.6  95.6 17 18  3 23.2  22.9  60.4  60.4  60.4 18 19  2 44.6 -25.5  10.8  41.4  31.1 11 20  3 13.0  -9.1  92.6  92.6  92.6 20 
7.36 12.02 10.80 6.60 63.24 
 1  2 44.0 -21.8   7.8  67.8  36.6 17  2  2 28.6  51.5  30.4  74.8  69.4 11  3  2 23.7 -53.1  38.2  77.2  70.6 13  4  2 28.1  20.2  40.8  88.4  82.0 11  5  3  7.9 -11.6  95.4  95.4  95.4  5  6  1 16.6  -5.6  89.6  89.6  89.6  6  7  2 35.4 -19.6  19.4  61.6  55.2  6  8  3  8.3  33.4  79.4  79.4  79.4  8  9  3  5.8  10.5  92.2  92.2  92.2  9 10  2 52.8  22.8   4.8  10.8  10.2 19 11  1  8.3  18.4  92.8  92.8  92.8 11 12  3  5.6  -7.0  94.2  94.2  94.2 12 13  1  4.0 -19.3  91.4  91.4  91.4 13 14  3  5.8   3.6  95.2  95.2  95.2 14 15  2 46.0   5.1   6.2   7.8   7.0  6 16  2 47.5   2.6   5.4   7.0   6.3  6 17  1 25.4 -24.5  54.0  54.0  54.0 17 18  3  2.1   4.3  96.0  96.0  96.0 18 19  1  6.1   9.8  94.2  94.2  94.2 19 20  3  2.4 -46.5  68.2  68.2  68.2 20 
9.20 14.22 9.43 5.28 6.08 55.78 
 1  3  3.2  28.3  88.4  88.4  88.4  1  2  2 50.3 -26.0   8.4  26.0  17.9  6  3  3 26.2   8.4  54.2  54.2  54.2  3  4  2 38.1  33.9  20.2  73.6  58.4  5  5  1 12.7  29.5  79.4  79.4  79.4  5  6  1 22.6 -13.0  69.0  69.0  69.0  6  7  3  1.5  -0.2  95.2  95.2  95.2  7  8  3 15.1 -26.2  79.4  79.4  79.4  8  9  2 52.3  -5.5   5.2   7.2   6.9 12 10  2 54.0  -7.4   5.4   7.2   6.7 20 11  3  6.7 -15.8  94.4  94.4  94.4 11 12  1  7.2   3.4  95.6  95.6  95.6 12 13  3  0.0   0.0 100.0 100.0 100.0 13 14  3 18.6  -4.3  89.4  89.4  89.4 14 15  1 16.7 -27.1  74.0  74.0  74.0 15 16  2 39.8 -29.9  16.0  72.8  53.9 15 17  3  7.4 -39.7  77.2  77.2  77.2 17 18  3 10.3 -53.8  51.4  51.4  51.4 18 19  3  3.8 -45.2  71.8  71.8  71.8 19 20  1 10.0   1.6  93.6  93.6  93.6 20 
9.18 5.79 6.83 8.52 6.69 62.99 
 1  3 22.5  25.2  60.4  60.4  60.4  1  2  1 18.2   1.9  89.4  89.4  89.4  2  3  3  9.7 -44.2  66.2  66.2  66.2  3  4  3 23.6 -32.6  47.6  47.6  47.6  4  5  3  2.1 -56.4  58.0  58.0  58.0  5  6  1  3.1  28.9  88.4  88.4  88.4  6  7  1 15.6  26.9  77.6  77.6  77.6  7  8  2 46.7  -8.1   6.2   7.8   7.0  2  9  3  1.0  34.3  83.0  83.0  83.0  9 10  2 27.7  36.7  36.8  84.6  74.8  6 11  2 55.2  -2.0   4.6   8.4   7.5  2 12  3  5.0 -11.6  92.2  92.2  92.2 12 13  3 22.6 -28.7  59.0  59.0  59.0 13 14  3 14.1  24.1  78.2  78.2  78.2 14 15  2 31.5 -19.5  26.8  66.2  59.2  2 16  3  8.9   8.3  92.2  92.2  92.2 16 17  3 19.6 -35.6  59.0  59.0  59.0 17 18  3  0.8   0.7  95.0  95.0  95.0 18 19  3  2.3 -13.4  92.2  92.2  92.2 19 20  2 42.9  34.2  15.2  67.0  52.0  7 
10.59 10.60 8.42 70.39 
 1  3  6.3   3.7  95.6  95.6  95.6  1  2  2 58.4  -8.4   6.0   8.4   7.8 20  3  2 35.1  -5.9  15.0  95.0  55.3 10  4  3  0.9 -16.1  92.8  92.8  92.8  4  5  1 10.9  23.5  87.0  87.0  87.0  5  6  3 10.8  54.8  51.4  51.4  51.4  6  7  2 30.4  -2.0  35.2  96.0  55.9 10  8  3  3.8   0.8  94.4  94.4  94.4  8  9  3  0.9  39.5  80.0  80.0  80.0  9 10  1 25.7  -8.0  58.2  58.2  58.2 10 11  3  5.6  -6.8  94.2  94.2  94.2 11 12  3 18.9  42.5  54.8  54.8  54.8 12 13  3 26.4  17.8  51.6  51.6  51.6 13 14  3  2.7  -4.5  94.8  94.8  94.8 14 15  3  1.5 -54.0  58.0  58.0  58.0 15 16  2 26.4 -44.9  33.6  79.4  73.4 20 17  3  2.0  -2.7  94.8  94.8  94.8 17 18  3 11.7  36.6  77.2  77.2  77.2 18 19  2 42.2  32.6  15.2  47.6  41.4  5 20  1  8.4 -19.1  92.4  92.4  92.4 20 
7.81 10.30 10.55 71.34 
 1  3 12.0  22.5  85.6  85.6  85.6  1  2  2 31.2 -24.5  30.0  96.0  70.7 11  3  3  5.5  18.6  93.8  93.8  93.8  3  4  3 12.5 -33.6  77.2  77.2  77.2  4  5  3 11.8   4.4  93.2  93.2  93.2  5  6  3  8.9  -7.1  93.2  93.2  93.2  6  7  3 12.5   0.3  93.2  93.2  93.2  7  8  2 42.5   5.2   8.2  17.8  15.9 18  9  3  2.5 -15.0  93.8  93.8  93.8  9 10  3 15.9  -3.2  93.2  93.2  93.2 10 11  1 18.3 -22.3  73.6  73.6  73.6 11 12  3  3.4  12.8  92.2  92.2  92.2 12 13  3 17.5  12.0  85.6  85.6  85.6 13 14  3 13.6 -35.8  74.8  74.8  74.8 14 15  2 40.7 -19.2   8.4  76.2  44.3 16 16  1 24.2 -16.9  58.2  58.2  58.2 16 17  2 30.1 -21.6  35.4  93.6  68.9 11 18  1 18.8   3.7  89.4  89.4  89.4 18 19  3 10.8  14.6  92.8  92.8  92.8 19 20  3  8.5  -0.8  94.2  94.2  94.2 20 
11.95 5.75 5.90 76.40 
 1  1 15.2  45.0  54.8  54.8  54.8  1  2  3 24.9  -3.2  67.4  67.4  67.4  2  3  2 29.6 -33.1  36.8  82.6  75.5  4  4  1 12.4 -17.5  91.4  91.4  91.4  4  5  2 25.9  50.8  33.6  96.0  52.6  1  6  2 32.7  31.0  23.6  84.2  46.1  1  7  3  1.0   0.6  94.0  94.0  94.0  7  8  3 15.0 -42.8  62.6  62.6  62.6  8  9  2 26.9  47.6  33.6  96.0  52.6  1 10  1 20.7  -2.9  82.6  82.6  82.6 10 11  3  3.8   1.9  95.6  95.6  95.6 11 12  3 15.2  49.0  54.8  54.8  54.8 12 13  3  1.9  -5.3  95.6  95.6  95.6 13 14  2 31.2  10.6  25.8  77.0  63.6 10 15  3  2.8 -54.9  58.0  58.0  58.0 15 16  3  8.9 -30.0  82.8  82.8  82.8 16 17  3  0.9   3.0  94.8  94.8  94.8 17 18  1 26.2   3.9  54.2  54.2  54.2 18 19  2 37.3  18.2  13.2  76.2  41.3 18 20  3 10.6 -11.6  94.4  94.4  94.4 20 
11.80 9.56 8.37 5.47 64.80 
 1  3 16.1 -33.6  67.6  67.6  67.6  1  2  3  4.5  -1.4  96.0  96.0  96.0  2  3  2 37.1  11.2  13.2  91.2  53.1  9  4  3  6.0   8.7  93.8  93.8  93.8  4  5  2 37.0  -3.4  13.2  67.8  39.5  9  6  2 49.7  30.3   6.8  32.2  22.2 15  7  2 27.7  29.0  39.8  82.6  77.6 19  8  1 10.8 -16.7  92.4  92.4  92.4  8  9  1 25.6  10.1  58.2  58.2  58.2  9 10  3  1.0   1.1  95.2  95.2  95.2 10 11  2 30.4  -7.7  34.4  76.2  62.9 14 12  2 58.3 -11.3   5.2   7.2   6.8 18 13  2 43.4  -1.5   6.0  10.2   9.4  8 14  1 15.0 -18.5  82.6  82.6  82.6 14 15  1 17.8  30.7  69.0  69.0  69.0 15 16  2 34.4   0.2  16.0  87.0  50.6  9 17  3  9.7 -28.9  82.8  82.8  82.8 17 18  1  8.0  -3.6  93.8  93.8  93.8 18 19  1  9.3  14.8  94.0  94.0  94.0 19 20  3 11.3 -27.9  85.4  85.4  85.4 20 
6.15 12.17 8.79 5.51 6.08 10.37 50.93 
 1  3 13.3  36.6  68.6  68.6  68.6  1  2  3  1.4  44.2  72.6  72.6  72.6  2  3  2 36.3 -22.4  15.4  57.2  53.1 11  4  3  0.2   6.3  95.4  95.4  95.4  4  5  2 53.9  20.1   6.2  12.8   9.4  6  6  1 22.6  11.7  73.6  73.6  73.6  6  7  2 31.9  10.5  26.0  95.2  70.1  6  8  3  3.5   4.8  95.4  95.4  95.4  8  9  3 27.3   9.9  52.4  52.4  52.4  9 10  3  8.5  -3.5  97.4  97.4  97.4 10 11  1  9.7 -15.8  92.8  92.8  92.8 11 12  3  1.5  -7.7  95.2  95.2  95.2 12 13  3  9.5 -18.3  92.4  92.4  92.4 13 14  2 37.1 -14.2  12.8  32.2  29.9 11 15  3  1.3 -30.9  86.6  86.6  86.6 15 16  3  5.2  47.5  68.2  68.2  68.2 16 17  2 29.1 -18.7  40.8  84.2  78.1 11 18  3  0.6   4.0  95.8  95.8  95.8 18 19  3  1.4 -14.8  93.8  93.8  93.8 19 20  3 51.7 -17.3   6.2   6.2   6.2 20 
9.18 15.23 75.59 
 1  1 16.0  -4.5  93.2  93.2  93.2  1  2  3  1.0  21.7  93.0  93.0  93.0  2  3  3 46.8  -2.2   6.4   6.4   6.4  3  4  3 25.1   9.2  67.0  67.0  67.0  4  5  3  0.1  -3.4  94.8  94.8  94.8  5  6  3  1.9   2.2  95.8  95.8  95.8  6  7  3 23.1  21.9  60.4  60.4  60.4  7  8  2 29.0 -35.7  36.8  64.4  60.0  1  9  2 35.0 -11.7  15.0  72.0  62.6 13 10  2 41.1 -38.0  15.6  64.4  38.1 11 11  1 11.5 -45.5  59.2  59.2  59.2 11 12  2 28.9 -34.9  36.8  64.4  60.0  1 13  1 19.6  -0.9  87.0  87.0  87.0 13 14  2 31.3   1.5  25.8  90.4  78.6 13 15  3 18.8  33.9  62.2  62.2  62.2 15 16  2 29.5  -8.3  37.0  91.8  85.6  1 17  2 37.9 -12.0  13.2  48.0  41.8 13 18  3  2.1  13.7  93.6  93.6  93.6 18 19  3 51.2 -29.2   9.4   9.4   9.4 19 20  3  2.1  -4.7  94.8  94.8  94.8 20 
16.88 5.50 15.25 62.37 
 1  2 40.5 -10.2   9.0  34.8  18.8 15  2  2 44.5  32.9  12.4  54.2  36.6  8  3  3 29.1  -2.7  43.0  43.0  43.0  3  4  2 29.1  -8.6  37.0  76.2  72.4  6  5  3  0.0   0.3 100.0 100.0 100.0  5  6  1 11.3  -0.5  95.0  95.0  95.0  6  7  3 16.8 -43.6  54.8  54.8  54.8  7  8  1 15.8  33.1  67.6  67.6  67.6  8  9  2 41.8 -22.6  11.8  76.2  41.1 15 10  2 42.1 -27.4  11.8  72.8  43.0 19 11  2 38.2 -15.5  12.6  76.2  41.1 15 12  3  1.9   4.5  96.0  96.0  96.0 12 13  2 48.1   4.8   5.4   6.2   6.0 14 14  1  0.6  -8.1  97.2  97.2  97.2 14 15  1 24.1 -24.3  54.0  54.0  54.0 15 16  3 26.3  22.3  47.6  47.6  47.6 16 17  3  0.9  -0.2  95.8  95.8  95.8 17 18  2 41.1 -38.2  15.6  82.6  48.7 19 19  1 20.7 -30.5  59.0  59.0  59.0 19 20  3 25.0 -31.3  47.6  47.6  47.6 20 
11.36 7.08 7.01 10.53 10.23 53.80 
 1  2 29.3   5.0  43.8  88.2  81.7  5  2  3  0.9   1.7  95.0  95.0  95.0  2  3  3  3.4 -22.1  93.8  93.8  93.8  3  4  3 14.7  15.5  89.0  89.0  89.0  4  5  1 14.0   8.7  92.6  92.6  92.6  5  6  3  6.1  14.6  94.0  94.0  94.0  6  7  2 38.5 -22.6  15.6  43.8  40.6 10  8  1  7.9   0.5  92.0  92.0  92.0  8  9  2 47.7  -6.9   5.4   6.2   5.7  8 10  1  9.8 -15.4  92.8  92.8  92.8 10 11  3  9.5  18.3  92.4  92.4  92.4 11 12  3  5.7 -39.1  77.2  77.2  77.2 12 13  3  2.3   0.2  95.2  95.2  95.2 13 14  2 30.9 -34.5  31.6  73.6  68.3 10 15  3 12.4  39.5  68.6  68.6  68.6 15 16  2 55.2   7.2   6.0   8.4   7.8 10 17  3  1.1  -3.5  94.4  94.4  94.4 17 18  3 17.9  37.2  59.0  59.0  59.0 18 19  3  5.8 -43.1  71.8  71.8  71.8 19 20  3 21.9 -45.8  46.6  46.6  46.6 20 
10.48 5.88 12.60 71.04 
 1  3  8.6   9.8  93.0  93.0  93.0  1  2  3 12.7  44.9  59.2  59.2  59.2  2  3  1 17.8 -12.0  85.6  85.6  85.6  3  4  3  0.9  -1.2  95.2  95.2  95.2  4  5  3 11.4 -48.7  59.2  59.2  59.2  5  6  1 21.0   5.9  84.2  84.2  84.2  6  7  2 46.9   6.3   5.4  14.8  10.0 18  8  2 47.5  23.1   8.4  21.4  18.0  6  9  2 38.7  12.3  13.2  55.0  46.3  6 10  2 32.3  -5.1  21.4  82.4  70.5  3 11  2 26.4 -47.1  33.6  77.2  66.1  3 12  3  4.0   4.4  95.4  95.4  95.4 12 13  3  0.3   5.4  94.8  94.8  94.8 13 14  3  0.9  -1.9  95.0  95.0  95.0 14 15  1 10.0  16.7  92.8  92.8  92.8 15 16  3  3.6   9.3  95.4  95.4  95.4 16 17  3 13.1 -58.4  48.2  48.2  48.2 17 18  1 24.9  -1.7  67.4  67.4  67.4 18 19  2 33.1  30.9  25.8  69.0  64.0 15 20  2 30.9  27.9  30.0  81.0  75.2 15 
12.59 8.41 13.14 4.38 61.48 
 1  2 32.7 -36.5  25.8  43.8  41.3 20  2  3 25.0  20.0  54.0  54.0  54.0  2  3  3 22.2  25.3  60.4  60.4  60.4  3  4  3 20.0   5.8  82.6  82.6  82.6  4  5  3 12.8  30.4  77.6  77.6  77.6  5  6  3  1.3  -0.2  96.4  96.4  96.4  6  7  3  2.2  44.1  72.6  72.6  72.6  7  8  2 36.5 -34.3  20.2  35.4  33.3 20  9  2 41.4  28.3  11.8  72.8  48.6 17 10  3  1.9   0.6  95.0  95.0  95.0 10 11  2 42.1 -35.0  15.2  23.2  21.9 20 12  3  4.4  -3.6  96.2  96.2  96.2 12 13  2 42.8  27.9  11.8  72.8  48.6 17 14  3 17.5  26.0  74.0  74.0  74.0 14 15  3  0.2  -1.0  95.8  95.8  95.8 15 16  3  7.1  -3.1  95.6  95.6  95.6 16 17  1 20.4  29.2  66.8  66.8  66.8 17 18  3  5.7  42.9  71.8  71.8  71.8 18 19  3  0.0   2.2  95.2  95.2  95.2 19 20  1 10.3  -2.4  94.2  94.2  94.2 20 
10.15 11.80 78.04 
 1  3  2.2 -25.9  91.4  91.4  91.4  1  2  3 19.0   7.1  87.0  87.0  87.0  2  3  3 26.5  -6.5  54.2  54.2  54.2  3  4  2 41.5  20.4  10.8  67.8  45.7 15  5  2 37.2 -25.9  16.0  54.2  50.1 14  6  2 47.1 -36.4  12.4  54.0  33.2  9  7  3 11.9  -2.6  93.0  93.0  93.0  7  8  3 22.2   3.5  77.0  77.0  77.0  8  9  1 16.0 -39.4  61.4  61.4  61.4  9 10  3  3.9  -9.0  95.4  95.4  95.4 10 11  3 12.8 -14.6  89.6  89.6  89.6 11 12  3 16.0 -45.8  54.8  54.8  54.8 12 13  3  3.8 -12.6  92.2  92.2  92.2 13 14  1 11.0 -16.3  92.4  92.4  92.4 14 15  1 23.2  15.1  67.4  67.4  67.4 15 16  3 21.0   2.7  84.2  84.2  84.2 16 17  3  4.4   0.3  96.4  96.4  96.4 17 18  3  5.5  29.8  88.0  88.0  88.0 18 19  3 14.9   6.9  92.6  92.6  92.6 19 20  3 26.3  21.6  47.6  47.6  47.6 20 
5.83 8.78 6.97 78.42 
 1  1 23.7  -9.3  67.4  67.4  67.4  1  2  3  4.8 -14.1  93.8  93.8  93.8  2  3  3 53.9  15.6   6.0   6.0   6.0  3  4  3 21.4 -43.1  46.6  46.6  46.6  4  5  2 42.3 -17.3   7.8  55.0  37.1  1  6  3  0.7   3.6  94.4  94.4  94.4  6  7  2 44.0  32.0  12.4  23.8  22.3 18  8  2 27.2 -28.4  39.8  92.6  78.3 13  9  2 41.2  39.2  13.2  36.0  33.8 18 10  2 28.0 -16.9  44.8  93.2  83.5 11 11  1 16.8  -7.3  89.6  89.6  89.6 11 12  3  5.3  -0.1  96.2  96.2  96.2 12 13  1 14.9 -20.4  84.6  84.6  84.6 13 14  3 17.3 -13.6  82.6  82.6  82.6 14 15  2 40.7 -31.0  12.8  66.2  53.0 20 16  2 57.6 -12.9   6.4   7.4   6.6 11 17  3  3.2  -0.2  94.4  94.4  94.4 17 18  1  4.5  20.9  93.8  93.8  93.8 18 19  2 29.5  52.2  28.2  68.6  64.3 18 20  1 19.7 -15.3  80.0  80.0  80.0 20 
6.19 10.65 9.66 12.70 7.88 52.92 
 1  3 21.1  53.5  45.6  45.6  45.6  1  2  2 40.4  15.9  10.8  22.4  20.8 10  3  3 17.0  49.0  51.4  51.4  51.4  3  4  1 19.2 -24.9  69.0  69.0  69.0  4  5  3  2.3  -2.2  94.8  94.8  94.8  5  6  3  0.7 -57.6  58.0  58.0  58.0  6  7  1 11.3 -38.7  74.8  74.8  74.8  7  8  3  3.8   1.2  95.8  95.8  95.8  8  9  2 47.5 -34.6   8.2  52.2  36.0  4 10  1 11.5  13.5  92.8  92.8  92.8 10 11  2 51.4  24.7   8.4  13.2  12.2 10 12  3  5.6  -8.8  93.8  93.8  93.8 12 13  3  0.0  -0.0 100.0 100.0 100.0 13 14  3 21.8 -48.0  45.6  45.6  45.6 14 15  3 50.0  10.1   6.0   6.0   6.0 15 16  3  8.8 -18.1  92.4  92.4  92.4 16 17  3  2.6   5.3  96.2  96.2  96.2 17 18  3  3.6 -37.5  80.0  80.0  80.0 18 19  3 10.9  21.4  89.0  89.0  89.0 19 20  2 37.2 -41.4  15.8  78.2  58.5  7 
7.29 9.25 8.74 74.72 
 1  2 35.4 -28.3  17.6  72.8  56.2 16  2  3  0.5   3.3  94.8  94.8  94.8  2  3  2 40.1  14.1   9.8  48.0  34.9  9  4  3  7.1   8.4  94.2  94.2  94.2  4  5  3 11.8 -58.5  48.2  48.2  48.2  5  6  2 29.7   8.8  37.2  88.2  82.2  8  7  3 10.0  30.7  79.4  79.4  79.4  7  8  1 16.3   0.5  93.2  93.2  93.2  8  9  1 22.6   2.3  72.8  72.8  72.8  9 10  3 18.2  24.8  75.2  75.2  75.2 10 11  3 27.3  14.5  47.6  47.6  47.6 11 12  3 27.9  -3.3  47.8  47.8  47.8 12 13  3  9.1   1.7  93.0  93.0  93.0 13 14  3  9.3   8.9  93.0  93.0  93.0 14 15  2 38.7   1.7   8.2  64.2  46.7  9 16  1 13.5 -33.8  77.2  77.2  77.2 16 17  3  8.2  -7.3  94.2  94.2  94.2 17 18  3 12.2  50.6  56.4  56.4  56.4 18 19  2 30.4   8.8  34.4  88.2  82.2  8 20  3 58.0   7.2   7.8   7.8   7.8 20 
15.34 9.20 7.94 67.52 
 1  2 42.6  36.7  15.2  81.0  47.8 19  2  3  1.5  15.3  93.8  93.8  93.8  2  3  2 37.2  40.1  15.8  86.2  52.9 17  4  2 33.3   2.6  20.2  82.4  60.6  9  5  2 43.7  -7.4   6.4  10.2   9.6  7  6  2 37.2  17.3  13.2  82.4  60.6  9  7  1  6.9  -4.8  94.2  94.2  94.2  7  8  2 57.5 -10.3   5.2   7.2   6.8 18  9  1 22.1  12.6  73.6  73.6  73.6  9 10  3  2.4   3.9  96.4  96.4  96.4 10 11  3  5.5  -3.5  93.6  93.6  93.6 11 12  2 51.4  27.6   8.4  26.0  15.3 19 13  2 34.2   0.6  16.0  69.8  51.4  9 14  1 13.8 -25.6  78.2  78.2  78.2 14 15  2 31.7 -22.2  26.8  88.4  69.1 14 16  3  4.2 -12.4  92.2  92.2  92.2 16 17  1 16.5  38.3  61.4  61.4  61.4 17 18  1 12.5   7.9  94.4  94.4  94.4 18 19  1 19.7  32.5  59.0  59.0  59.0 19 20  3  9.7  56.8  51.4  51.4  51.4 20 
6.34 15.05 9.00 6.99 6.18 7.46 48.98 
 1  2 32.7 -19.0  26.8  72.8  67.3 14  2  3 11.3  28.7  85.4  85.4  85.4  2  3  2 33.3   2.7  20.2  48.0  45.2 13  4  2 44.1 -39.5  15.2  73.6  49.2  5  5  1 19.0 -32.5  66.8  66.8  66.8  5  6  3  7.2 -50.6  59.2  59.2  59.2  6  7  1 15.0 -25.3  79.0  79.0  79.0  7  8  3  0.3   1.2  94.0  94.0  94.0  8  9  3  4.9 -13.8  93.8  93.8  93.8  9 10  3 16.4  28.6  69.0  69.0  69.0 10 11  3  2.8  -5.4  95.4  95.4  95.4 11 12  3 12.4  25.6  84.6  84.6  84.6 12 13  1 10.0   3.2  94.2  94.2  94.2 13 14  1 11.4 -15.9  92.4  92.4  92.4 14 15  3  3.9   5.3  93.6  93.6  93.6 15 16  1 15.9  20.2  84.6  84.6  84.6 16 17  3 12.8 -41.2  65.4  65.4  65.4 17 18  3 23.6 -39.5  46.6  46.6  46.6 18 19  2 52.8  17.7   4.8   7.8   6.6 16 20  2 38.7 -23.7  15.6  61.6  48.7  7 
7.08 7.79 8.51 9.75 5.57 61.30 
 1  3 14.7   6.3  92.6  92.6  92.6  1  2  2 41.8  22.3  11.8  41.4  30.6 10  3  2 31.7 -19.0  26.8  67.0  61.8 14  4  2 41.1  -3.2   7.4  60.6  32.8 18  5  3  2.1 -41.8  77.2  77.2  77.2  5  6  2 32.9 -45.2  22.6  84.6  65.3  8  7  3  3.1   6.5  95.2  95.2  95.2  7  8  1  7.7 -35.6  77.2  77.2  77.2  8  9  3 24.3 -16.5  58.2  58.2  58.2  9 10  1 16.5  27.2  74.0  74.0  74.0 10 11  3 12.5   4.6  94.8  94.8  94.8 11 12  3 11.9  43.3  66.2  66.2  66.2 12 13  3  5.5  14.5  92.8  92.8  92.8 13 14  1  8.3  -8.6  92.2  92.2  92.2 14 15  3  6.8  51.8  58.0  58.0  58.0 15 16  3  1.6  -0.2  93.2  93.2  93.2 16 17  3  0.7   2.0  93.6  93.6  93.6 17 18  1 26.1  -2.9  54.2  54.2  54.2 18 19  3  3.8   1.0  95.8  95.8  95.8 19 20  3  2.2 -58.7  56.4  56.4  56.4 20 
8.62 6.33 9.32 5.27 70.46 
 1  2 35.9  25.0  15.8  72.8  62.8 17  2  1 13.3  21.1  85.6  85.6  85.6  2  3  3  3.1   6.4  95.2  95.2  95.2  3  4  1 12.2 -33.6  77.2  77.2  77.2  4  5  3  0.2   0.2 100.0 100.0 100.0  5  6  2 55.6   9.1   5.4   7.2   6.7  8  7  2 41.4   2.7   6.6  13.2  12.2 11  8  1 13.6  -9.0  92.6  92.6  92.6  8  9  3 22.0 -39.5  46.6  46.6  46.6  9 10  2 33.3 -21.2  23.8  72.8  67.4  8 11  1 14.6   8.7  92.8  92.8  92.8 11 12  2 32.0   2.4  26.0  69.8  64.8 11 13  3  3.4   1.2  94.4  94.4  94.4 13 14  2 27.8  29.7  39.8  93.2  79.8  2 15  2 27.3 -48.2  33.6  93.8  72.4  4 16  2 28.0  -0.5  41.4  88.2  81.8 11 17  1 14.9  16.4  86.2  86.2  86.2 17 18  2 44.6 -32.2  12.4  40.8  31.5  4 19  3  0.3   0.6  98.6  98.6  98.6 19 20  2 47.1  29.8   7.8  25.8  22.2 17 
8.83 9.67 8.90 13.44 9.14 50.01 
 1  1 18.6   6.4  89.4  89.4  89.4  1  2  2 28.9  14.4  40.8  91.8  85.2 14  3  3 10.8 -49.1  59.2  59.2  59.2  3  4  3  9.2 -11.3  92.8  92.8  92.8  4  5  3  0.7   0.9  94.0  94.0  94.0  5  6  2 33.5  14.4  20.0  82.4  73.7  1  7  3  7.1 -31.5  82.8  82.8  82.8  7  8  3 12.0   6.4  94.8  94.8  94.8  8  9  2 55.1   3.4   6.4   8.4   8.0 19 10  3  9.2  55.4  51.4  51.4  51.4 10 11  3  1.9 -29.3  88.4  88.4  88.4 11 12  2 31.5  27.6  27.8  73.6  68.3 14 13  2 29.4  -9.7  37.0  77.0  73.1 19 14  1 14.2   9.5  92.8  92.8  92.8 14 15  3  0.1  -0.6  99.8  99.8  99.8 15 16  3 12.1  12.7  92.8  92.8  92.8 16 17  3  6.3 -39.5  77.2  77.2  77.2 17 18  1  8.4   4.0  97.4  97.4  97.4 18 19  1 13.5   0.0  95.0  95.0  95.0 19 20  2 52.4   5.0   5.4   7.2   7.0 18 
8.87 13.40 5.68 9.58 62.47 
 1  2 38.9  21.2  12.2  61.6  50.9 19  2  3 13.0 -10.1  92.6  92.6  92.6  2  3  3  6.2 -12.9  93.8  93.8  93.8  3  4  2 37.6 -25.8  16.0  66.2  57.1  7  5  2 51.1 -26.6   8.4  15.0  12.2 14  6  3  4.2  -9.0  95.4  95.4  95.4  6  7  1 14.3 -17.7  86.2  86.2  86.2  7  8  3  5.7   1.0  95.4  95.4  95.4  8  9  3  9.0 -55.4  56.4  56.4  56.4  9 10  2 46.6 -12.4   6.0  14.0  11.3 14 11  2 34.5  27.0  21.4  72.8  60.1 19 12  3 17.7  44.3  54.8  54.8  54.8 12 13  2 32.7  10.8  21.4  91.8  75.8 19 14  1 21.6  -2.4  81.0  81.0  81.0 14 15  3  5.3   8.1  95.4  95.4  95.4 15 16  2 45.1 -28.2   7.2  32.2  27.8  7 17  2 50.1 -20.5   4.8  13.2  11.4  7 18  3 19.1 -41.3  54.8  54.8  54.8 18 19  1 19.2  10.1  82.6  82.6  82.6 19 20  3  2.4 -29.7  86.8  86.8  86.8 20 
11.48 6.58 16.96 64.97 
 1  3  6.0  12.7  93.8  93.8  93.8  1  2  2 23.2 -54.0  38.2  91.6  75.8 14  3  2 40.8  39.2  13.2  47.6  43.6  7  4  3  8.8 -58.2  51.4  51.4  51.4  4  5  3  3.6   1.8  95.6  95.6  95.6  5  6  3  2.2 -11.5  96.0  96.0  96.0  6  7  1  6.3  24.6  91.6  91.6  91.6  7  8  1 16.6 -27.6  74.0  74.0  74.0  8  9  1  7.6 -26.7  87.0  87.0  87.0  9 10  2 30.7 -21.6  30.0  93.2  69.0  8 11  1 25.9  15.5  54.0  54.0  54.0 11 12  2 28.5 -38.0  36.8  82.6  71.9  9 13  3  3.4  42.5  72.6  72.6  72.6 13 14  1  4.2 -33.9  82.8  82.8  82.8 14 15  3  9.4  -0.2  93.0  93.0  93.0 15 16  2 33.9  16.1  20.0  95.2  51.4 11 17  2 53.1 -16.3   4.4  10.2   7.5  8 18  3 10.5 -58.0  51.4  51.4  51.4 18 19  2 39.8  17.3  10.6  88.2  47.6 11 20  3  7.0  -8.8  94.2  94.2  94.2 20 
7.63 8.50 8.97 8.64 8.96 57.30 
 1  3 26.4 -27.0  47.6  47.6  47.6  1  2  1 22.5  -7.4  72.8  72.8  72.8  2  3  2 27.2  39.2  36.8  78.2  71.5 11  4  2 42.8 -30.8  12.4  47.6  34.7  2  5  2 46.8  -1.5   6.4  11.4   7.7  7  6  3 26.7  32.6  43.8  43.8  43.8  6  7  1 24.9  -4.0  67.4  67.4  67.4  7  8  3 19.3  33.5  59.0  59.0  59.0  8  9  3  4.0   2.5  96.0  96.0  96.0  9 10  3  6.1 -22.0  90.6  90.6  90.6 10 11  1  1.6  26.2  91.4  91.4  91.4 11 12  1 23.9   5.1  72.8  72.8  72.8 12 13  3 10.0 -13.1  94.4  94.4  94.4 13 14  3  4.1 -13.3  93.0  93.0  93.0 14 15  3  8.6 -43.4  68.2  68.2  68.2 15 16  3  4.3 -52.6  58.0  58.0  58.0 16 17  2 40.2 -23.1  11.8  61.6  44.8  2 18  3  2.1   0.4  94.0  94.0  94.0 18 19  3 15.5  29.4  74.0  74.0  74.0 19 20  2 32.5  13.7  26.0  92.8  67.6 12 
9.67 4.77 10.34 8.91 66.32 
 1  3 10.4  34.5  77.2  77.2  77.2  1  2  1 11.7  -4.7  93.2  93.2  93.2  2  3  3 15.2   1.4  92.6  92.6  92.6  3  4  3  1.4  39.1  80.0  80.0  80.0  4  5  3  2.6  19.6  91.4  91.4  91.4  5  6  3 17.0  26.4  74.0  74.0  74.0  6  7  3  7.3  -1.8  95.6  95.6  95.6  7  8  1 14.7  22.8  84.6  84.6  84.6  8  9  2 58.7 -10.3   5.4   7.2   6.7  2 10  1 22.3  -8.8  72.8  72.8  72.8 10 11  3  3.0   2.3  94.4  94.4  94.4 11 12  3 12.0 -12.9  92.8  92.8  92.8 12 13  3 17.4 -28.2  69.0  69.0  69.0 13 14  2 30.2 -32.5  35.8  80.0  71.7 15 15  1 14.9 -12.0  89.6  89.6  89.6 15 16  3  3.8 -29.4  86.8  86.8  86.8 16 17  2 37.2   6.1  13.2  48.2  35.1 10 18  3  8.1  44.5  68.2  68.2  68.2 18 19  2 25.7  32.7  44.4  94.4  79.9  8 20  3  5.6  -6.0  97.2  97.2  97.2 20 
5.72 9.42 6.18 9.24 69.44 
 1  2 40.8   8.7   7.8  55.0  40.5 14  2  3  0.9   0.1  95.8  95.8  95.8  2  3  2 40.3 -22.5  11.8  26.0  24.8 10  4  3  0.6  19.9  94.0  94.0  94.0  4  5  3  8.7 -17.3  92.8  92.8  92.8  5  6  3 20.7  41.0  54.8  54.8  54.8  6  7  3 14.3  18.1  86.2  86.2  86.2  7  8  3 13.1   1.0  93.2  93.2  93.2  8  9  3  2.0 -33.7  83.0  83.0  83.0  9 10  1  9.7  -9.0  95.4  95.4  95.4 10 11  3  0.0   9.8  93.4  93.4  93.4 11 12  3 18.9  14.7  81.0  81.0  81.0 12 13  3  0.8  -0.9  94.0  94.0  94.0 13 14  1 22.9  10.9  73.6  73.6  73.6 14 15  3  0.1  -0.2 100.0 100.0 100.0 15 16  3  2.6   0.5  96.0  96.0  96.0 16 17  3  7.0   8.9  94.2  94.2  94.2 17 18  3 11.6  -3.2  93.0  93.0  93.0 18 19  3  9.4 -34.8  77.2  77.2  77.2 19 20  3 13.4   3.8  94.0  94.0  94.0 20 
6.98 6.62 86.40 
 1  2 38.1  -4.1   9.8  87.0  47.2 20  2  1  5.5   5.1  95.6  95.6  95.6  2  3  2 42.1  30.4  12.4  54.2  42.4 15  4  3 29.1   3.0  43.0  43.0  43.0  4  5  1 10.0 -13.2  94.4  94.4  94.4  5  6  3  8.8 -16.5  92.8  92.8  92.8  6  7  2 38.1 -12.1  13.2  84.0  45.5 20  8  2 29.4  -5.8  37.0  72.0  68.0  5  9  3  2.1  26.6  91.6  91.6  91.6  9 10  3  4.5  19.0  91.4  91.4  91.4 10 11  2 28.0 -19.3  40.8  88.4  83.4  5 12  3  0.4   0.8  95.8  95.8  95.8 12 13  2 32.6   6.2  21.4  61.6  55.2 16 14  2 55.6   7.8   6.0   6.8   6.5  2 15  1 13.7  25.4  78.2  78.2  78.2 15 16  1 12.2  15.5  89.6  89.6  89.6 16 17  2 47.9   5.5   5.4   7.4   7.1  2 18  3  0.0  -8.6  97.2  97.2  97.2 18 19  3  4.3  -1.9  96.0  96.0  96.0 19 20  1 26.2  -5.3  54.2  54.2  54.2 20 
6.31 14.21 6.97 8.37 8.49 55.66 
 1  3 19.5  32.6  62.2  62.2  62.2  1  2  3  0.0   8.8  97.2  97.2  97.2  2  3  2 31.6 -12.2  25.8  76.2  62.9  4  4  1 13.6 -20.0  82.6  82.6  82.6  4  5  3  0.1   3.2  94.8  94.8  94.8  5  6  3  6.9   4.4  97.2  97.2  97.2  6  7  3  4.8  22.9  90.6  90.6  90.6  7  8  1 25.0  11.4  67.0  67.0  67.0  8  9  3 17.8   9.0  89.4  89.4  89.4  9 10  2 48.0 -18.5   6.4  33.2  17.9 20 11  3  3.2 -36.3  86.6  86.6  86.6 11 12  3 11.3   3.4  93.0  93.0  93.0 12 13  3  6.4   5.7  94.2  94.2  94.2 13 14  2 40.8  21.3  11.8  69.8  46.8  8 15  3  7.6 -38.4  77.2  77.2  77.2 15 16  3  9.5 -18.2  92.4  92.4  92.4 16 17  3  2.4   2.4  94.8  94.8  94.8 17 18  3 25.2  -0.3  66.2  66.2  66.2 18 19  3 25.8  -9.8  54.2  54.2  54.2 19 20  1 25.3 -19.8  54.0  54.0  54.0 20 
8.83 6.90 4.36 79.91 
 1  3 10.1  -4.9  93.2  93.2  93.2  1  2  3  4.8  56.6  56.4  56.4  56.4  2  3  3 10.5 -21.5  91.4  91.4  91.4  3  4  3  5.4   6.3  97.2  97.2  97.2  4  5  2 29.4 -13.7  40.8  97.0  70.6  8  6  3  1.4  -1.2  94.0  94.0  94.0  6  7  2 32.6   4.5  21.4  84.0  61.2  8  8  1 22.8  -6.8  72.8  72.8  72.8  8  9  3 11.3  44.2  66.2  66.2  66.2  9 10  1  8.8  -4.2  93.8  93.8  93.8 10 11  3  9.7 -26.3  85.6  85.6  85.6 11 12  3 25.6 -24.8  47.6  47.6  47.6 12 13  3  2.4  -4.5  94.8  94.8  94.8 13 14  1 16.5  24.8  77.6  77.6  77.6 14 15  2 42.8  18.5   7.8  32.2  25.0 14 16  3  7.0   3.9  95.6  95.6  95.6 16 17  2 36.6  20.7  16.0  69.8  54.2 14 18  2 49.3   7.4   6.2   7.4   6.9 10 19  3 24.1 -19.2  60.4  60.4  60.4 19 20  3  0.1  -0.3 100.0 100.0 100.0 20 
12.31 6.06 9.43 72.20 
 1  3 22.5  44.5  46.6  46.6  46.6  1  2  1  4.2  18.4  94.0  94.0  94.0  2  3  3  2.7 -35.8  86.6  86.6  86.6  3  4  1 21.2  18.5  69.0  69.0  69.0  4  5  2 39.3  -4.2   8.2  20.4  19.3 15  6  3 15.0   4.4  92.6  92.6  92.6  6  7  3  0.8  17.1  95.2  95.2  95.2  7  8  3 19.2  36.8  59.0  59.0  59.0  8  9  3  4.3  58.3  56.4  56.4  56.4  9 10  1 15.0  -7.9  92.8  92.8  92.8 10 11  2 39.2 -33.0  16.0  66.2  56.0 20 12  2 45.3 -29.5   7.2  32.2  27.2 20 13  2 43.8 -24.7  10.8  26.0  24.1 10 14  2 44.6   6.8   6.0  10.2   9.6 15 15  1 12.1  -9.7  94.4  94.4  94.4 15 16  3 14.8  54.9  48.2  48.2  48.2 16 17  2 43.7  26.0  11.8  61.6  42.5  4 18  2 31.5  39.5  31.6  64.4  60.5  2 19  3 25.4 -39.1  46.6  46.6  46.6 19 20  1 12.2 -25.7  84.6  84.6  84.6 20 
10.70 7.72 8.09 8.53 11.62 53.34 
 1  3  1.1  -3.2  94.8  94.8  94.8  1  2  2 36.4  -7.1  13.2  76.2  62.9 13  3  2 34.8   6.3  15.0  69.8  57.7 13  4  3  9.9  20.2  91.4  91.4  91.4  4  5  3  0.4   1.3  95.8  95.8  95.8  5  6  3  8.5  -4.3  93.0  93.0  93.0  6  7  3 28.0 -11.9  47.6  47.6  47.6  7  8  3 14.9 -44.8  54.8  54.8  54.8  8  9  2 40.2  21.7  11.8  39.8  33.7 19 10  2 35.6 -43.3  22.0  74.0  63.2 15 11  3 19.4  43.6  54.8  54.8  54.8 11 12  1 25.7  -9.0  54.2  54.2  54.2 12 13  1 20.4  -3.0  82.6  82.6  82.6 13 14  3  4.3  -6.7  95.6  95.6  95.6 14 15  1  7.1 -32.9  85.4  85.4  85.4 15 16  3  7.8   9.7  92.2  92.2  92.2 16 17  3  4.1   5.8  95.2  95.2  95.2 17 18  2 45.8  -5.3   6.2  16.2   8.8 12 19  1 12.3  24.5  84.6  84.6  84.6 19 20  2 40.2  16.7   8.4  29.0  24.0 13 
3.88 14.00 9.16 7.29 65.67 
 1  1  9.5  -5.1  94.2  94.2  94.2  1  2  3  0.5   1.7  94.0  94.0  94.0  2  3  3  6.3   4.5  95.6  95.6  95.6  3  4  3  1.8 -18.9  94.0  94.0  94.0  4  5  2 43.8  -2.6   6.0   7.8   7.3  1  6  2 39.4  24.5  12.2  88.2  47.6 17  7  3  8.5  -2.7  93.8  93.8  93.8  7  8  3 22.2 -42.3  46.6  46.6  46.6  8  9  3  9.7   1.9  93.6  93.6  93.6  9 10  3  6.8  42.5  73.0  73.0  73.0 10 11  3  0.6   4.7  96.4  96.4  96.4 11 12  1  0.7  23.6  93.8  93.8  93.8 12 13  3 24.1  42.6  46.6  46.6  46.6 13 14  3 28.1  14.8  44.8  44.8  44.8 14 15  2 22.7  52.1  38.2  77.2  72.4 12 16  3  7.9  17.3  92.8  92.8  92.8 16 17  1 23.6  25.4  54.0  54.0  54.0 17 18  3  5.7  -9.9  94.2  94.2  94.2 18 19  3  5.8 -22.8  91.4  91.4  91.4 19 20  3 59.9   1.7   7.0   7.0   7.0 20 
6.51 10.65 6.51 76.33 
 1  3  4.0  -3.9  95.6  95.6  95.6  1  2  3 24.3  -9.9  67.4  67.4  67.4  2  3  3 13.9  12.5  92.4  92.4  92.4  3  4  3 14.4  17.6  86.2  86.2  86.2  4  5  3  2.2 -59.7  56.4  56.4  56.4  5  6  2 33.5 -40.0  22.6  91.2  70.4 12  7  3 11.9 -55.6  51.4  51.4  51.4  7  8  3 12.2   9.2  94.4  94.4  94.4  8  9  3  1.1   2.7  95.8  95.8  95.8  9 10  2 38.2 -32.1  20.2  72.8  56.2 12 11  2 34.0  23.5  20.6  91.8  67.6 16 12  1 15.1 -32.4  77.2  77.2  77.2 12 13  3 11.9  -4.9  93.2  93.2  93.2 13 14  3 15.8  27.9  74.0  74.0  74.0 14 15  3  2.7   1.9  94.8  94.8  94.8 15 16  1 21.2  14.9  73.6  73.6  73.6 16 17  3  5.1  10.3  94.2  94.2  94.2 17 18  3 15.7 -11.8  91.2  91.2  91.2 18 19  2 50.0  25.7   8.4  26.0  19.1 16 20  2 41.0 -30.1  12.2  66.2  51.1 12 
14.43 9.07 76.50 
 1  2 36.5  43.4  21.6  69.0  63.1  6  2  2 41.1 -22.4  11.8  69.8  46.8 14  3  3 49.3  -4.0   7.2   7.2   7.2  3  4  3 13.7 -42.0  59.2  59.2  59.2  4  5  3  8.9 -46.8  66.2  66.2  66.2  5  6  1 10.2  22.1  91.4  91.4  91.4  6  7  3  1.7  -7.6  95.2  95.2  95.2  7  8  3  3.4   8.9  93.8  93.8  93.8  8  9  2 46.3 -16.0   6.4  33.2  22.2 14 10  3  1.8  -0.3  94.0  94.0  94.0 10 11  2 29.1 -14.8  40.8  88.4  80.6 18 12  3  5.0 -49.2  68.2  68.2  68.2 12 13  2 43.2  37.0  15.2  73.6  50.6 16 14  1 24.7 -12.3  67.0  67.0  67.0 14 15  3  3.8   1.8  95.6  95.6  95.6 15 16  1 20.6  23.6  68.8  68.8  68.8 16 17  3 10.0   6.2  92.2  92.2  92.2 17 18  1 17.9  -0.8  91.2  91.2  91.2 18 19  2 32.6  48.6  22.6  74.0  67.6  6 20  3  2.3  -9.6  95.4  95.4  95.4 20 
12.71 7.78 6.84 9.83 62.84 
 1  3  1.6   0.5  94.0  94.0  94.0  1  2  1 19.4  17.3  80.0  80.0  80.0  2  3  3  7.2   4.7  94.2  94.2  94.2  3  4  3  9.2 -47.6  66.2  66.2  66.2  4  5  3  0.1   0.1 100.0 100.0 100.0  5  6  3  4.7  -3.3  95.4  95.4  95.4  6  7  1 22.5 -11.6  73.6  73.6  73.6  7  8  3 10.7   9.2  95.0  95.0  95.0  8  9  3 18.9 -54.2  45.6  45.6  45.6  9 10  1 15.9 -15.6  86.2  86.2  86.2 10 11  3 28.9  -5.6  45.6  45.6  45.6 11 12  1 15.5   4.3  92.6  92.6  92.6 12 13  2 28.4 -19.7  40.8  96.0  82.8 10 14  2 30.6  -6.3  34.4  76.2  70.6 12 15  2 48.6 -33.0   7.2  40.8  30.0  7 16  3 10.3  38.3  74.8  74.8  74.8 16 17  2 44.6  24.2   7.8  41.4  33.1  2 18  3  2.8  -4.4  94.8  94.8  94.8 18 19  3 22.8  11.2  73.6  73.6  73.6 19 20  3  0.3  -2.5  95.2  95.2  95.2 20 
6.50 5.96 9.71 9.38 68.45 
 1  3  9.9  45.9  66.2  66.2  66.2  1  2  3  0.0  -0.1 100.0 100.0 100.0  2  3  3 20.5 -10.6  81.0  81.0  81.0  3  4  2 31.6  25.1  30.0  88.4  75.7  6  5  3  2.2   0.9  95.2  95.2  95.2  5  6  1 13.0  22.6  85.6  85.6  85.6  6  7  3  6.7  -8.1  93.8  93.8  93.8  7  8  2 29.5 -18.8  40.8  88.4  82.0 14  9  3  7.3  -8.8  94.2  94.2  94.2  9 10  3  2.0 -22.9  93.8  93.8  93.8 10 11  2 44.7  28.4   7.2  32.2  27.6  6 12  3  0.1  -0.1 100.0 100.0 100.0 12 13  3  3.9 -40.6  77.2  77.2  77.2 13 14  1 13.2 -10.6  92.8  92.8  92.8 14 15  3 17.2 -46.2  54.8  54.8  54.8 15 16  3  3.9 -17.2  94.0  94.0  94.0 16 17  3 22.7   5.9  72.8  72.8  72.8 17 18  3  2.0 -57.0  58.0  58.0  58.0 18 19  3 23.7  44.2  46.6  46.6  46.6 19 20  3 11.0 -52.3  56.4  56.4  56.4 20 
10.90 10.09 79.01 
 1  3 10.7  27.0  84.6  84.6  84.6  1  2  3  8.0  -5.5  95.2  95.2  95.2  2  3  1 23.4   9.8  69.0  69.0  69.0  3  4  2 47.3  21.2   8.4  32.2  22.2  3  5  2 31.9 -23.0  26.8  72.8  68.7 14  6  2 55.8  14.9   5.0   6.2   5.9 15  7  3  7.9 -22.4  91.4  91.4  91.4  7  8  3 14.6  19.9  85.6  85.6  85.6  8  9  3 17.9  43.2  54.8  54.8  54.8  9 10  2 48.4  24.2   8.4  28.8  19.9  3 11  3  6.9 -39.6  77.2  77.2  77.2 11 12  3  2.0  10.1  95.4  95.4  95.4 12 13  3  3.5 -18.9  94.0  94.0  94.0 13 14  1 11.5 -11.5  94.4  94.4  94.4 14 15  1 12.8  -5.3  95.0  95.0  95.0 15 16  2 40.6 -11.3   9.0  20.4  19.4 15 17  3  9.2 -16.1  92.8  92.8  92.8 17 18  3 10.6  57.5  51.4  51.4  51.4 18 19  3 20.3 -47.6  46.6  46.6  46.6 19 20  3 25.8  26.7  47.6  47.6  47.6 20 
7.68 11.27 8.31 72.74 
 1  1 11.0  36.8  77.2  77.2  77.2  1  2  1 17.3   6.4  91.2  91.2  91.2  2  3  3  4.9   4.9  95.2  95.2  95.2  3  4  2 55.5  14.3   5.0   7.4   6.0 15  5  3  0.9  49.4  68.2  68.2  68.2  5  6  3  4.5  -7.9  94.2  94.2  94.2  6  7  1 18.7  14.4  82.6  82.6  82.6  7  8  1 13.9 -24.0  78.2  78.2  78.2  8  9  3 10.9 -42.9  66.2  66.2  66.2  9 10  2 47.9  21.5   8.4  22.0  18.2  7 11  2 57.7   9.4   5.4   6.2   5.7  2 12  2 28.5  32.8  38.0  92.4  71.3  1 13  3  6.4 -36.8  77.2  77.2  77.2 13 14  3  7.4 -50.0  66.2  66.2  66.2 14 15  1 21.9   5.8  81.0  81.0  81.0 15 16  2 36.7  39.5  15.8  78.2  60.4  1 17  2 26.0 -39.5  36.6  92.4  72.3  8 18  2 54.2   6.1   6.0   8.4   8.0 20 19  3 24.6   5.8  67.4  67.4  67.4 19 20  1  4.0   1.4  95.6  95.6  95.6 20 
13.71 6.36 6.61 9.87 5.71 6.80 50.94 
 1  3  0.6  -2.4  95.2  95.2  95.2  1  2  1 14.8   6.7  92.6  92.6  92.6  2  3  3  6.1   8.9  93.8  93.8  93.8  3  4  3 26.8 -16.9  47.6  47.6  47.6  4  5  2 43.8   5.0   6.0  10.4   9.6  2  6  3 22.5  50.3  45.6  45.6  45.6  6  7  3  1.8   0.2  94.0  94.0  94.0  7  8  2 29.9  39.4  36.8  86.2  72.9 10  9  2 49.0  13.6   6.2   7.8   7.2  2 10  1 10.2  26.2  84.6  84.6  84.6 10 11  1 21.9  -3.9  81.0  81.0  81.0 11 12  3  1.3  -4.3  96.0  96.0  96.0 12 13  3  2.2   9.9  95.4  95.4  95.4 13 14  2 39.0 -10.2   9.8  55.0  44.6 11 15  2 35.3   3.0  15.0  76.2  61.7 11 16  2 33.1  22.6  23.8  91.8  71.8 19 17  3  4.6 -26.6  88.4  88.4  88.4 17 18  2 41.7 -22.8  11.8  40.0  32.4 11 19  1 16.6  21.8  78.2  78.2  78.2 19 20  3  1.1 -53.7  67.8  67.8  67.8 20 
6.59 9.49 13.23 9.03 61.66 
 1  3  1.5  -2.9  94.8  94.8  94.8  1  2  1 12.0  11.2  92.6  92.6  92.6  2  3  1 19.6   8.6  82.6  82.6  82.6  3  4  2 44.6  14.5   8.2  18.6  15.4  3  5  1  7.8  -8.2  94.2  94.2  94.2  5  6  1 18.9 -15.4  81.0  81.0  81.0  6  7  3 24.6  33.6  47.6  47.6  47.6  7  8  2 47.9  13.4   6.0  10.2   9.4  2  9  3 26.6 -19.1  47.6  47.6  47.6  9 10  2 43.9 -32.7  12.4  51.6  41.8  6 11  2 35.8 -41.8  22.0  64.4  58.3 15 12  2 37.1   0.6  13.2  76.2  61.7 18 13  2 53.5  11.1   6.4   7.4   6.9  2 14  3 11.5 -52.4  51.4  51.4  51.4 14 15  1 10.2 -18.0  90.6  90.6  90.6 15 16  2 59.8   2.0   7.0   8.0   7.5  5 17  2 53.0   7.0   5.2   7.2   6.8  5 18  1 21.8   0.7  81.0  81.0  81.0 18 19  3 17.6 -43.6  54.8  54.8  54.8 19 20  3  9.3 -17.4  92.8  92.8  92.8 20 
8.21 7.38 8.18 9.26 11.23 10.76 44.99 
 1  3  0.2 -24.5  90.6  90.6  90.6  1  2  2 41.0   7.3  10.2  29.6  26.5 14  3  2 46.1   8.2   6.2  10.4   9.3 14  4  3  8.8 -37.2  77.2  77.2  77.2  4  5  2 33.1 -11.1  20.2  76.2  70.7  8  6  2 38.4  44.1  15.8  85.6  51.7 12  7  2 31.0   7.2  25.8  88.2  82.2 15  8  1 16.5  -5.2  92.8  92.8  92.8  8  9  3 11.7   0.9  93.0  93.0  93.0  9 10  3 12.2  -4.3  93.2  93.2  93.2 10 11  3  5.5 -25.7  91.6  91.6  91.6 11 12  1 21.8  26.1  60.4  60.4  60.4 12 13  2 37.1  40.6  15.8  86.2  52.1 12 14  1 18.5   4.1  89.4  89.4  89.4 14 15  1 15.8   5.9  93.2  93.2  93.2 15 16  2 35.7  10.2  15.0  67.8  60.6 14 17  3 12.3   4.7  93.2  93.2  93.2 17 18  3  7.1  -7.5  93.8  93.8  93.8 18 19  3  0.6   0.8  95.0  95.0  95.0 19 20  3 24.7  18.7  54.0  54.0  54.0 20 
8.97 9.00 10.19 9.62 62.22 
 1  2 44.0  -4.6   6.0  15.8  11.6 18  2  3  0.3  -8.3  97.2  97.2  97.2  2  3  3  0.3   0.1 100.0 100.0 100.0  3  4  2 36.0 -25.9  20.2  88.4  65.1 18  5  3 25.3  41.6  46.6  46.6  46.6  5  6  3  8.8  32.7  79.4  79.4  79.4  6  7  3  2.5  -2.2  94.8  94.8  94.8  7  8  3 15.5 -11.6  91.2  91.2  91.2  8  9  3 16.0 -53.7  48.2  48.2  48.2  9 10  2 38.8  33.3  16.0  73.6  49.3 16 11  2 32.0  26.0  28.8  93.2  62.4 16 12  3  9.3   3.7  93.6  93.6  93.6 12 13  2 37.7 -15.5  13.2  82.4  60.6 18 14  3  4.4   1.9  96.0  96.0  96.0 14 15  2 33.6   1.8  19.0  88.2  59.1 16 16  1 24.5  12.5  67.0  67.0  67.0 16 17  3 15.7  36.7  66.8  66.8  66.8 17 18  1 22.5 -13.2  73.6  73.6  73.6 18 19  3  1.8   0.3  94.0  94.0  94.0 19 20  3  2.4 -26.4  91.6  91.6  91.6 20 
13.54 12.01 74.45 
 1  3 11.2   7.0  93.2  93.2  93.2  1  2  2 28.8  37.3  36.8  84.6  77.3 15  3  3 13.2  11.4  92.8  92.8  92.8  3  4  3  1.8  -2.9  94.8  94.8  94.8  4  5  1 13.4 -39.7  67.6  67.6  67.6  5  6  3 20.8  32.2  59.0  59.0  59.0  6  7  3  2.4  38.8  80.0  80.0  80.0  7  8  2 37.2  37.6  17.4  64.4  58.9 15  9  3  2.8   9.5  95.4  95.4  95.4  9 10  2 37.7  13.4  13.2  55.4  50.5 13 11  3 22.8  -2.9  72.8  72.8  72.8 11 12  3  6.0 -41.2  77.2  77.2  77.2 12 13  1 17.4   5.6  91.2  91.2  91.2 13 14  3 24.7  30.1  47.6  47.6  47.6 14 15  1 11.7  18.1  91.4  91.4  91.4 15 16  2 35.3 -41.9  22.0  89.0  60.2  5 17  1 17.4  15.6  82.6  82.6  82.6 17 18  2 34.5  21.5  20.0  84.2  69.5 17 19  3  4.0  45.0  71.8  71.8  71.8 19 20  3 11.5  -3.3  93.0  93.0  93.0 20 
6.93 7.69 12.35 8.25 64.78 
 1  3  0.8   3.0  94.8  94.8  94.8  1  2  3 17.1  -8.0  89.4  89.4  89.4  2  3  3  5.2  18.2  91.4  91.4  91.4  3  4  3 10.8 -27.5  79.4  79.4  79.4  4  5  3  0.4  -3.3  94.8  94.8  94.8  5  6  3  1.7   5.4  95.6  95.6  95.6  6  7  3  3.1  14.0  93.8  93.8  93.8  7  8  2 45.1  13.1   6.4  12.4  11.6 12  9  3  9.2 -51.3  56.4  56.4  56.4  9 10  1 13.5  34.9  77.2  77.2  77.2 10 11  3  9.1  17.8  92.8  92.8  92.8 11 12  1 15.9   3.5  93.2  93.2  93.2 12 13  3  1.9  -0.2  95.4  95.4  95.4 13 14  3 11.0 -51.0  56.4  56.4  56.4 14 15  3 13.9  -5.3  94.4  94.4  94.4 15 16  2 43.0  40.5  15.6  68.8  53.1 10 17  3  7.6   0.5  95.6  95.6  95.6 17 18  2 32.0  -0.3  26.0  82.4  76.8 12 19  3 11.6  19.6  91.4  91.4  91.4 19 20  3  2.5 -47.0  68.2  68.2  68.2 20 
7.48 10.42 82.11 
 1  3 12.8   9.4  92.6  92.6  92.6  1  2  3  1.2  -8.4  97.2  97.2  97.2  2  3  3  0.7   1.9  95.0  95.0  95.0  3  4  1 14.9   9.0  92.8  92.8  92.8  4  5  2 26.6 -46.6  33.6  77.2  72.6 13  6  3  9.8   0.1  93.8  93.8  93.8  6  7  2 59.0   5.9   4.6   8.4   7.8  4  8  3  7.3   3.0  95.6  95.6  95.6  8  9  1  3.1  27.9  88.4  88.4  88.4  9 10  1 21.7   4.8  81.0  81.0  81.0 10 11  2 38.3   9.5   9.8  67.8  54.9 10 12  3 10.2  51.4  56.4  56.4  56.4 12 13  1  3.4 -17.4  94.0  94.0  94.0 13 14  3 14.4   7.8  92.6  92.6  92.6 14 15  3  1.5  -4.6  96.0  96.0  96.0 15 16  3 10.5   3.7  95.0  95.0  95.0 16 17  2 26.3  37.3  37.6  85.6  75.7  9 18  3  5.5 -54.3  58.0  58.0  58.0 18 19  2 38.6   2.7   8.2  55.0  44.6 10 20  3 25.0 -18.4  54.0  54.0  54.0 20 
5.61 9.15 10.06 9.29 65.89 
 1  2 36.5  15.5  15.0  76.2  51.1  9  2  2 34.9   8.1  15.0  91.6  61.4  9  3  1  2.7   2.5  94.4  94.4  94.4  3  4  3 53.5   1.4   7.8   7.8   7.8  4  5  3 23.6  52.1  38.2  38.2  38.2  5  6  3  4.6  -9.8  93.8  93.8  93.8  6  7  3  3.9   2.1  96.4  96.4  96.4  7  8  3 56.8  17.1   6.0   6.0   6.0  8  9  1 25.7   1.1  67.0  67.0  67.0  9 10  2 31.7 -32.7  31.6  68.8  64.7 14 11  3  4.6  55.2  58.0  58.0  58.0 11 12  1 13.6  50.5  51.4  51.4  51.4 12 13  2 51.3  26.6   8.4   9.4   8.9  3 14  1  6.1 -16.7  94.0  94.0  94.0 14 15  2 42.6   2.0   6.0  43.8  29.3  9 16  3 54.0  -3.2   7.8   7.8   7.8 16 17  3 11.1 -51.3  56.4  56.4  56.4 17 18  2 46.7 -17.0   6.4   9.0   8.5 14 19  3  1.2   1.7  93.6  93.6  93.6 19 20  2 33.8  42.6  22.6  91.4  47.0 12 
7.91 15.98 7.53 12.79 55.79 
 1  1  7.1   1.1  92.2  92.2  92.2  1  2  1  5.9 -24.0  91.4  91.4  91.4  2  3  2 47.7  -3.9   5.4   7.4   6.8  1  4  3  6.9  13.5  92.8  92.8  92.8  4  5  2 33.6 -10.6  20.2  67.8  62.8 13  6  3  1.5  -1.6  95.2  95.2  95.2  6  7  2 40.6   5.3  10.2  25.8  14.4 11  8  2 45.5 -19.9  10.8  50.8  28.3 11  9  2 28.9  30.5  36.0  87.0  79.5 10 10  1 14.0  15.8  91.4  91.4  91.4 10 11  1 26.0 -13.6  55.8  55.8  55.8 11 12  3  1.7  17.0  95.2  95.2  95.2 12 13  1 14.3  -7.0  92.6  92.6  92.6 13 14  2 26.2 -37.7  37.6  85.6  78.2  2 15  3  9.9 -33.6  79.4  79.4  79.4 15 16  3 26.9 -17.9  47.6  47.6  47.6 16 17  3  7.8  58.9  51.4  51.4  51.4 17 18  2 41.9  19.4  10.8  32.2  29.4 10 19  1 21.4 -27.9  60.4  60.4  60.4 19 20  2 41.1 -23.8  11.8  72.0  43.5 19 
6.07 10.40 12.28 6.04 9.52 6.37 49.32 
 1  1 17.1  11.4  89.4  89.4  89.4  1  2  2 52.5 -11.3   5.0   7.4   6.9  7  3  3 25.7 -15.9  54.0  54.0  54.0  3  4  1  4.9 -33.4  82.8  82.8  82.8  4  5  2 39.2 -26.6  12.8  82.2  54.4 13  6  3 20.5  -4.8  82.6  82.6  82.6  6  7  1 12.3   4.7  93.2  93.2  93.2  7  8  2 34.1 -35.7  25.8  69.0  57.1  4  9  3  2.1   4.0  96.4  96.4  96.4  9 10  3  1.8   4.6  96.0  96.0  96.0 10 11  3  4.2  18.1  94.0  94.0  94.0 11 12  2 50.3  10.0   5.0   7.4   6.6  1 13  1 23.2 -16.5  66.2  66.2  66.2 13 14  3 12.9  14.6  89.6  89.6  89.6 14 15  3 27.6   0.6  57.2  57.2  57.2 15 16  2 37.9  14.0  12.6  55.4  49.5  1 17  2 28.7  19.1  40.8  94.2  84.2  1 18  3 13.2 -48.8  54.8  54.8  54.8 18 19  3  3.6   2.8  96.4  96.4  96.4 19 20  3 12.6  -9.2  94.4  94.4  94.4 20 
13.80 8.41 6.01 7.25 64.53 
 1  1 14.0   0.1  94.0  94.0  94.0  1  2  3  7.7 -17.4  92.8  92.8  92.8  2  3  3  5.4  16.1  94.4  94.4  94.4  3  4  3 10.2 -11.0  94.0  94.0  94.0  4  5  3  1.6  -7.2  95.2  95.2  95.2  5  6  2 36.6 -16.4  15.0  39.8  37.8  8  7  3  0.6  16.7  92.8  92.8  92.8  7  8  1  9.2 -11.7  95.0  95.0  95.0  8  9  3 26.8 -21.1  47.6  47.6  47.6  9 10  3  3.1   0.0  94.8  94.8  94.8 10 11  2 45.3  19.7  10.8  18.0  16.7 13 12  3  2.1  -0.7  95.2  95.2  95.2 12 13  1 13.5   8.6  92.6  92.6  92.6 13 14  3  7.2 -16.6  94.0  94.0  94.0 14 15  3  8.7 -38.8  77.2  77.2  77.2 15 16  3  5.3 -37.2  77.2  77.2  77.2 16 17  2 42.1   7.2   6.6  20.4  18.2 20 18  3  5.6  15.6  94.0  94.0  94.0 18 19  2 57.6  15.9   5.0   6.2   5.8  1 20  1 17.9   1.8  89.4  89.4  89.4 20 
6.33 8.42 6.93 6.82 71.50 
 1  2 32.3 -21.2  26.8  91.8  75.8  2  2  1 16.5 -18.1  82.6  82.6  82.6  2  3  3 11.7 -10.5  94.4  94.4  94.4  3  4  3 15.8 -33.0  67.6  67.6  67.6  4  5  3 21.7 -31.1  59.0  59.0  59.0  5  6  3 22.8  39.5  46.6  46.6  46.6  6  7  3 10.1   9.8  94.8  94.8  94.8  7  8  1 12.5  12.0  92.8  92.8  92.8  8  9  3  1.0  -0.9  95.8  95.8  95.8  9 10  3  6.1 -16.4  94.0  94.0  94.0 10 11  3  3.3 -21.0  94.2  94.2  94.2 11 12  2 29.7 -25.2  35.4  93.2  77.0  2 13  2 32.1  17.3  26.8  76.2  70.7  8 14  2 41.8  17.6   7.8  21.4  19.9  8 15  3 51.6  12.2   6.0   6.0   6.0 15 16  2 31.6 -43.4  28.2  80.8  66.7  2 17  3  4.5  -1.3  96.0  96.0  96.0 17 18  3 24.6 -19.8  54.0  54.0  54.0 18 19  3  1.3   2.3  96.0  96.0  96.0 19 20  2 33.0  34.6  25.8  68.8  63.8  8 
16.59 13.57 69.84 
 1  3 22.6  46.8  45.6  45.6  45.6  1  2  1 24.8   3.6  67.4  67.4  67.4  2  3  2 44.2  -5.5   6.0  14.0  12.2 11  4  3  1.9  -3.7  95.6  95.6  95.6  4  5  2 41.4 -39.9  13.2  60.4  51.1  9  6  2 38.9 -13.8  13.2  39.8  35.4 16  7  3  1.7  15.5  93.8  93.8  93.8  7  8  2 44.1   2.7   6.0  22.0  14.8  2  9  1 10.6 -26.7  84.6  84.6  84.6  9 10  3 13.8  50.4  51.4  51.4  51.4 10 11  1 19.2  -2.6  87.0  87.0  87.0 11 12  3  9.9  32.2  79.4  79.4  79.4 12 13  3 11.7  -9.0  94.0  94.0  94.0 13 14  3  5.1   6.3  97.2  97.2  97.2 14 15  3  2.5 -14.0  93.6  93.6  93.6 15 16  1 13.5 -17.1  89.0  89.0  89.0 16 17  3 26.7  31.5  43.8  43.8  43.8 17 18  3  1.9   1.4  95.2  95.2  95.2 18 19  3 11.8  39.6  68.6  68.6  68.6 19 20  3 14.7   5.2  92.6  92.6  92.6 20 
5.46 9.01 6.59 8.26 70.68 
 1  3 11.4  30.6  79.4  79.4  79.4  1  2  2 36.4 -26.8  20.2  72.8  62.8 11  3  2 29.7 -43.5  28.2  80.8  69.6 11  4  2 40.9  34.7  15.6  58.2  46.6  7  5  3  6.9  50.9  59.2  59.2  59.2  5  6  3 12.5  39.0  68.6  68.6  68.6  6  7  1 19.8  14.4  80.0  80.0  80.0  7  8  3  1.6   2.4  95.8  95.8  95.8  8  9  3  5.8  13.1  93.8  93.8  93.8  9 10  3  0.3   0.8  95.2  95.2  95.2 10 11  1 15.2 -17.2  86.2  86.2  86.2 11 12  2 50.2  21.1   4.8  16.0  12.8  7 13  1 12.6 -13.1  92.8  92.8  92.8 13 14  2 51.2  -9.3   6.2   7.4   6.9 13 15  3  5.6   6.9  94.2  94.2  94.2 15 16  3 14.5  11.7  89.6  89.6  89.6 16 17  3 17.4 -18.0  78.2  78.2  78.2 17 18  3  9.3   8.6  93.0  93.0  93.0 18 19  3 13.2  44.1  59.2  59.2  59.2 19 20  3  6.9  12.8  92.8  92.8  92.8 20 
8.42 13.21 6.02 72.35 
 1  2 41.6  40.8  13.2  64.4  50.4  9  2  3  8.2   2.4  94.2  94.2  94.2  2  3  2 41.3 -30.7  15.2  88.4  47.0 15  4  3 25.0  38.3  46.6  46.6  46.6  4  5  3 15.1  43.0  62.6  62.6  62.6  5  6  3 26.5   7.7  54.2  54.2  54.2  6  7  3 12.6  19.3  89.0  89.0  89.0  7  8  3  6.3   1.1  93.6  93.6  93.6  8  9  1 15.0  22.8  78.2  78.2  78.2  9 10  3  1.1  -8.8  97.2  97.2  97.2 10 11  3  8.1  15.7  94.0  94.0  94.0 11 12  1  8.0 -21.4  91.4  91.4  91.4 12 13  2 25.4 -49.3  33.6  85.4  78.1 12 14  3  8.8   7.6  95.0  95.0  95.0 14 15  1 23.3 -31.7  53.2  53.2  53.2 15 16  3 17.3  16.1  82.6  82.6  82.6 16 17  3  4.7  10.6  94.2  94.2  94.2 17 18  3  1.2  -1.5  95.4  95.4  95.4 18 19  2 36.2  31.7  20.2  81.0  63.3  9 20  3 17.6   6.6  89.4  89.4  89.4 20 
10.73 9.48 5.60 74.19 
 1  3  2.0  30.7  86.6  86.6  86.6  1  2  2 53.6  21.1   6.8  13.2  10.7  7  3  3  1.8  10.9  93.8  93.8  93.8  3  4  3 11.1  -4.7  93.0  93.0  93.0  4  5  3 25.9 -29.9  47.6  47.6  47.6  5  6  2 43.3   9.4   8.2  25.8  20.9  7  7  1 22.1   4.2  81.0  81.0  81.0  7  8  2 45.3 -37.2  11.4  23.2  21.8 14  9  3  0.8   1.9  93.6  93.6  93.6  9 10  3  9.2  17.4  92.8  92.8  92.8 10 11  2 34.9  17.5  17.8  76.2  61.7  7 12  3  1.8   1.5  95.2  95.2  95.2 12 13  3  6.0  -5.4  97.2  97.2  97.2 13 14  1  5.4 -13.3  93.8  93.8  93.8 14 15  3 23.5 -45.9  46.6  46.6  46.6 15 16  2 47.4  27.6   6.8  61.6  32.8 19 17  3  0.4  -0.2 100.0 100.0 100.0 17 18  3 13.8   5.3  94.4  94.4  94.4 18 19  1 23.7  27.8  53.2  53.2  53.2 19 20  2 43.9  39.5  15.2  81.0  43.1 19 
11.24 7.45 8.32 72.98 
 1  3  0.2 -44.2  72.6  72.6  72.6  1  2  3  2.8   2.3  94.4  94.4  94.4  2  3  3 12.0  -6.4  94.8  94.8  94.8  3  4  1 24.7  13.2  67.0  67.0  67.0  4  5  2 27.4 -46.5  33.6  84.6  67.7 15  6  2 30.3  12.1  32.2  96.6  79.8 20  7  3  3.3  -0.8  94.8  94.8  94.8  7  8  2 40.5  25.2  12.2  76.2  51.1  4  9  3 24.8 -39.3  46.6  46.6  46.6  9 10  3 10.6  28.7  85.4  85.4  85.4 10 11  3  0.7  -1.4  92.4  92.4  92.4 11 12  3 17.7 -55.8  45.6  45.6  45.6 12 13  3  9.9  10.6  95.0  95.0  95.0 13 14  3 17.7  51.1  45.6  45.6  45.6 14 15  1 18.9 -19.2  80.0  80.0  80.0 15 16  3  3.6   1.1  94.4  94.4  94.4 16 17  3  1.4  -5.8  96.2  96.2  96.2 17 18  3 16.4 -14.8  85.6  85.6  85.6 18 19  3 14.3  27.3  79.4  79.4  79.4 19 20  1 19.1  12.5  82.6  82.6  82.6 20 
6.75 8.44 9.28 75.53 
 1  1 12.3 -26.5  85.2  85.2  85.2  1  2  3 11.9 -17.8  91.4  91.4  91.4  2  3  3 12.1  -4.1  93.2  93.2  93.2  3  4  3 11.9  -6.8  95.0  95.0  95.0  4  5  2 45.5  -5.9   6.2  24.6  14.1 14  6  3  7.6 -22.5  91.4  91.4  91.4  6  7  3 25.2 -42.4  46.6  46.6  46.6  7  8  2 28.4  13.5  40.8  72.8  69.6 19  9  3  3.8   4.8  95.4  95.4  95.4  9 10  3  2.7  -1.1  95.8  95.8  95.8 10 11  2 46.3 -32.2  12.4  32.2  27.4  1 12  1 11.7  35.0  77.2  77.2  77.2 12 13  2 45.3  38.6  15.2  54.0  41.7 12 14  1 27.4  -8.3  57.2  57.2  57.2 14 15  2 32.6 -49.1  22.6  85.4  72.9 16 16  1  5.5 -33.9  85.4  85.4  85.4 16 17  3  2.4  13.7  93.6  93.6  93.6 17 18  3  6.8  -1.7  95.2  95.2  95.2 18 19  1  7.5   2.3  95.6  95.6  95.6 19 20  2 44.5   1.9   6.2  21.4  12.2 14 
6.73 7.10 4.99 9.46 9.87 61.86 
 1  2 41.4  34.3  15.2  66.2  51.8 17  2  3  4.9  10.0  94.2  94.2  94.2  2  3  1  4.6  -3.2  95.6  95.6  95.6  3  4  3  1.6  -3.0  94.8  94.8  94.8  4  5  3  0.7  -2.8  96.0  96.0  96.0  5  6  2 29.1  28.8  35.4  93.2  79.8  9  7  2 28.4   3.1  41.4  96.6  86.4 20  8  2 55.0  -8.0   5.4   6.8   6.5  3  9  1 15.0  19.6  85.6  85.6  85.6  9 10  2 33.1 -40.3  22.6  89.0  61.2 15 11  2 35.0 -24.3  21.8  94.2  64.8 15 12  2 42.2  37.6  15.6  64.4  50.4 17 13  2 28.6  -3.6  41.4  96.6  86.4 20 14  3 24.9  -7.7  66.2  66.2  66.2 14 15  1 21.8 -21.6  68.8  68.8  68.8 15 16  2 30.5   7.9  34.4  89.8  80.3 20 17  1 15.9  23.2  78.2  78.2  78.2 17 18  3  9.1 -56.8  51.4  51.4  51.4 18 19  3 23.1 -45.9  46.6  46.6  46.6 19 20  1 18.3  -0.5  89.4  89.4  89.4 20 
5.10 8.26 9.73 9.01 17.11 50.79 
 1  2 26.0  46.8  33.6  77.2  71.5  3  2  3 18.4   4.0  89.4  89.4  89.4  2  3  1 11.1  12.9  92.6  92.6  92.6  3  4  3  3.2  -2.2  95.8  95.8  95.8  4  5  3  1.2  -3.4  94.4  94.4  94.4  5  6  2 28.5  19.9  40.8  88.4  81.9  3  7  2 36.4  34.6  20.2  87.0  57.6 20  8  3 19.8  -6.6  82.6  82.6  82.6  8  9  3 18.5  -9.7  85.6  85.6  85.6  9 10  3  0.4  -2.5  95.2  95.2  95.2 10 11  1 21.7  -9.0  72.8  72.8  72.8 11 12  2 47.5 -21.1   8.4  22.4  16.3 11 13  3  1.2  -1.0  95.2  95.2  95.2 13 14  3  2.7   9.9  95.4  95.4  95.4 14 15  2 43.7  24.0  10.8  61.6  40.8 20 16  3  0.7  -0.2  98.6  98.6  98.6 16 17  1 25.9  10.7  54.2  54.2  54.2 17 18  2 47.4  15.4   6.0  29.6  16.0 17 19  3  3.3  53.9  58.0  58.0  58.0 19 20  1 20.5  22.5  66.2  66.2  66.2 20 
14.10 5.11 4.03 9.44 67.33 
 1  2 42.1   9.3   7.4  15.2  14.1 14  2  2 20.3  48.8  45.6  91.6  83.9 10  3  3  0.4  -0.5  99.8  99.8  99.8  3  4  3 12.4 -32.0  77.6  77.6  77.6  4  5  2 26.7 -51.8  33.6  87.0  72.2  6  6  1  5.9 -31.5  83.0  83.0  83.0  6  7  3  2.2  -3.0  94.4  94.4  94.4  7  8  3 13.6  31.0  77.6  77.6  77.6  8  9  1  9.0  10.3  95.4  95.4  95.4  9 10  1  5.6  25.8  91.6  91.6  91.6 10 11  3  1.5  -5.7  95.6  95.6  95.6 11 12  3  1.7  -7.4  95.2  95.2  95.2 12 13  3  3.4  48.0  68.2  68.2  68.2 13 14  1 15.3   1.0  92.6  92.6  92.6 14 15  3 18.6  23.6  75.2  75.2  75.2 15 16  3 25.9 -17.7  52.2  52.2  52.2 16 17  3  0.4  -1.1  94.0  94.0  94.0 17 18  2 52.6  -2.4   6.0   8.4   8.0  9 19  3 26.6  -7.3  54.2  54.2  54.2 19 20  3 15.4  56.8  45.6  45.6  45.6 20 
9.41 6.27 10.65 6.47 67.20 
 1  3  6.1  -7.4  95.4  95.4  95.4  1  2  3  4.1  11.5  95.8  95.8  95.8  2  3  3  7.3  -5.3  93.8  93.8  93.8  3  4  2 40.6 -40.6  17.4  64.4  43.4  9  5  3 14.3  42.6  59.2  59.2  59.2  5  6  3  4.6 -11.5  92.2  92.2  92.2  6  7  2 34.7  19.8  17.8  72.8  48.6 13  8  1 11.3  -6.8  93.2  93.2  93.2  8  9  1 23.0 -14.0  67.4  67.4  67.4  9 10  2 29.4  48.2  28.2  77.6  71.1 19 11  2 34.5   5.5  16.0  39.8  37.1  8 12  3  8.0   3.9  93.8  93.8  93.8 12 13  1 17.7  33.4  66.8  66.8  66.8 13 14  1 10.6   3.3  93.2  93.2  93.2 14 15  3  4.3  -2.5  94.8  94.8  94.8 15 16  3  7.9 -10.1  93.0  93.0  93.0 16 17  2 29.2  12.2  40.8  76.2  71.0 14 18  2 29.4 -27.1  35.4  69.0  64.3  8 19  1  2.1  27.5  91.6  91.6  91.6 19 20  3  6.3 -11.3  92.2  92.2  92.2 20 
10.28 5.85 6.10 8.67 8.59 60.51 
 1  2 45.5  14.1   6.4  42.2  22.5 11  2  2 36.3  41.9  21.6  75.2  64.4 14  3  1 27.1   6.9  57.2  57.2  57.2  3  4  2 30.8  20.1  30.0  96.0  75.1  9  5  3 24.0  -5.6  67.4  67.4  67.4  5  6  2 44.4 -37.5  15.2  62.4  46.9 15  7  3  2.7  39.1  77.2  77.2  77.2  7  8  3  5.1  46.0  68.2  68.2  68.2  8  9  1 18.8  16.4  78.2  78.2  78.2  9 10  3  6.8   5.8  94.2  94.2  94.2 10 11  1 26.6  13.0  53.2  53.2  53.2 11 12  3 13.6 -49.1  54.8  54.8  54.8 12 13  2 40.5   3.6  10.2  68.2  39.0  3 14  1 12.0  23.9  85.6  85.6  85.6 14 15  1 18.3 -23.6  75.2  75.2  75.2 15 16  3  4.9   8.0  93.8  93.8  93.8 16 17  3 25.3 -33.4  44.4  44.4  44.4 17 18  3 12.2  -0.9  93.2  93.2  93.2 18 19  2 32.9 -23.9  26.8  93.2  70.1 15 20  3  6.6  -3.5  95.6  95.6  95.6 20 
5.75 9.16 4.52 8.96 11.48 60.14 
 1  3 16.3 -53.2  48.2  48.2  48.2  1  2  3  0.4  -1.8  94.0  94.0  94.0  2  3  3 23.6  36.2  47.4  47.4  47.4  3  4  3  4.8 -22.1  93.8  93.8  93.8  4  5  2 28.4 -20.9  40.8  88.4  81.9 19  6  3 12.3  15.5  89.6  89.6  89.6  6  7  2 51.4  -7.1   4.2   7.2   6.9 16  8  3 14.3  49.3  54.8  54.8  54.8  8  9  2 32.5   5.2  21.4  65.0  58.2 15 10  3  2.5  -0.6  95.4  95.4  95.4 10 11  2 30.4 -10.0  32.2  82.4  76.3 19 12  3  9.8 -48.5  59.2  59.2  59.2 12 13  3 26.4  21.3  47.6  47.6  47.6 13 14  3 10.1   8.4  95.4  95.4  95.4 14 15  1 14.1  13.3  89.6  89.6  89.6 15 16  1  3.2   2.2  95.8  95.8  95.8 16 17  3 16.4 -15.3  82.6  82.6  82.6 17 18  3  0.5 -15.5  93.8  93.8  93.8 18 19  1 13.9  -7.1  92.6  92.6  92.6 19 20  3  9.1  26.9  85.6  85.6  85.6 20 
8.64 6.00 14.65 70.72 
 1  2 44.6  -1.1   6.2   9.0   8.4  8  2  1 16.8  -5.4  89.6  89.6  89.6  2  3  3  4.6  10.0  93.8  93.8  93.8  3  4  3  5.3  -8.2  95.4  95.4  95.4  4  5  3  1.1   4.4  96.0  96.0  96.0  5  6  1 13.9  22.2  84.6  84.6  84.6  6  7  3 13.6   9.0  92.6  92.6  92.6  7  8  1 14.2  -1.4  93.6  93.6  93.6  8  9  3  3.0   8.3  95.8  95.8  95.8  9 10  3  1.6  28.2  91.6  91.6  91.6 10 11  3  4.4 -43.5  71.8  71.8  71.8 11 12  3 12.3  20.0  89.0  89.0  89.0 12 13  1  8.2   4.5  97.4  97.4  97.4 13 14  3  8.4  -1.4  94.2  94.2  94.2 14 15  2 52.8  12.5   5.0   7.4   7.2 13 16  3 12.5  17.0  91.4  91.4  91.4 16 17  3  8.7   3.9  93.0  93.0  93.0 17 18  2 32.1  41.3  22.6  84.6  71.6  6 19  3  9.0 -47.4  66.2  66.2  66.2 19 20  2 41.4 -15.0   9.8  29.0  26.0  2 
6.95 9.39 6.14 6.29 71.22 
 1  1 17.1 -18.6  84.6  84.6  84.6  1  2  3  9.4 -38.7  77.2  77.2  77.2  2  3  2 32.6  19.6  26.8  88.4  64.4 14  4  3 13.9 -51.3  51.4  51.4  51.4  4  5  3  7.1 -36.0  77.2  77.2  77.2  5  6  2 30.2  21.2  35.4  87.0  63.3 14  7  3  0.3 -52.6  67.8  67.8  67.8  7  8  3 21.8 -40.5  46.6  46.6  46.6  8  9  2 34.2 -29.3  23.2  88.4  74.8  1 10  3  5.8  -3.8  95.2  95.2  95.2 10 11  3  9.6   7.6  93.0  93.0  93.0 11 12  3  6.8   1.6  95.2  95.2  95.2 12 13  3 50.4   2.4   6.8   6.8   6.8 13 14  1 22.2   5.5  72.8  72.8  72.8 14 15  3  0.4 -27.2  91.6  91.6  91.6 15 16  3  4.0  -2.0  96.4  96.4  96.4 16 17  3  1.5   0.2  95.2  95.2  95.2 17 18  3 16.4 -55.3  45.6  45.6  45.6 18 19  3  7.2  -6.2  97.4  97.4  97.4 19 20  2 53.8  15.8   5.4   9.0   6.6 14 
9.89 12.84 77.27 
