0       1       1       	0.932	12.6478   
0       1       2       	0.368	4.91971   
0       1       3       	0.928	12.612    
0       1       4       	0.948	12.8527   
0       1       5       	0.676	9.20532   
0       1       6       	0.59 	8.00075   
0       1       7       	0.8  	10.8129   
0       1       8       	0.174	2.36571   
0       1       9       	0.954	12.9561   
0       1       10      	0.132	1.80014   
0       1       11      	0.728	9.85066   
0       1       12      	0.772	10.5089   
0       1       13      	0.912	12.3862   
0       1       14      	0.476	6.51524   
0       1       15      	0.914	12.4256   
0       1       16      	0.22 	3.0084    
0       1       17      	0.826	11.2526   
0       1       18      	0.2  	2.7432    
0       1       19      	0.718	9.78146   
0       1       20      	0.93 	12.6349   
