0       1       1       	0.948	13.9328   
0       1       2       	0.894	13.0482   
0       1       3       	0.914	13.3992   
0       1       4       	0.794	11.6885   
0       1       5       	0.948	13.9796   
0       1       6       	0.956	14.0928   
0       1       7       	0.938	13.7577   
0       1       8       	0.064	0.923611  
0       1       9       	0.564	8.30056   
0       1       10      	0.772	11.3178   
0       1       11      	0.928	13.6177   
0       1       12      	0.932	13.7007   
0       1       13      	0.954	14.0351   
0       1       14      	0.564	8.26074   
0       1       15      	0.944	13.8399   
0       1       16      	0.156	2.31164   
0       1       17      	0.956	14.0272   
0       1       18      	0.26 	3.7793    
0       1       19      	0.914	13.4129   
0       1       20      	0.682	9.9518    
