0       1       1       	0.894	13.0883   
0       1       2       	0.05 	0.743444  
0       1       3       	0.54 	7.89656   
0       1       4       	0.828	12.143    
0       1       5       	0.128	1.8554    
0       1       6       	0.826	12.1368   
0       1       7       	0.932	13.7115   
0       1       8       	0.258	3.77445   
0       1       9       	0.964	14.186    
0       1       10      	0.96 	14.0964   
0       1       11      	0.94 	13.8261   
0       1       12      	0.05 	0.748209  
0       1       13      	0.662	9.6389    
0       1       14      	0.896	13.1585   
0       1       15      	0.572	8.38315   
0       1       16      	0.126	1.84028   
0       1       17      	0.408	5.99821   
0       1       18      	0.548	8.05569   
0       1       19      	0.964	14.1775   
0       1       20      	0.944	13.9114   
