0       1       1       	0.93 	12.7093   
0       1       2       	0.592	8.17501   
0       1       3       	0.856	11.6375   
0       1       4       	0.952	13.0108   
0       1       5       	0.592	8.18292   
0       1       6       	0.842	11.4818   
0       1       7       	0.054	0.754243  
0       1       8       	0.084	1.12047   
0       1       9       	0.132	1.77492   
0       1       10      	0.214	2.95222   
0       1       11      	0.336	4.59366   
0       1       12      	0.954	12.9873   
0       1       13      	0.948	12.9095   
0       1       14      	0.95 	12.9833   
0       1       15      	0.928	12.6938   
0       1       16      	0.954	13.0091   
0       1       17      	0.482	6.63659   
0       1       18      	0.674	9.20114   
0       1       19      	0.258	3.53615   
0       1       20      	0.3  	4.06955   
