0       1       1       	0.772	10.7914   
0       1       2       	0.912	12.7044   
0       1       3       	0.952	13.2581   
0       1       4       	0.05 	0.723515  
0       1       5       	0.682	9.51567   
0       1       6       	0.942	13.1025   
0       1       7       	0.826	11.5456   
0       1       8       	0.782	10.8896   
0       1       9       	0.662	9.21627   
0       1       10      	0.084	1.17969   
0       1       11      	0.054	0.75654   
0       1       12      	0.38 	5.38835   
0       1       13      	0.772	10.696    
0       1       14      	0.662	9.21172   
0       1       15      	0.81 	11.2648   
0       1       16      	0.158	2.1987    
0       1       17      	0.366	5.13658   
0       1       18      	0.06 	0.839108  
0       1       19      	0.674	9.46669   
0       1       20      	0.956	13.3187   
