0       1       1       	0.94 	13.7936   
0       1       2       	0.8  	11.666    
0       1       3       	0.942	13.8175   
0       1       4       	0.662	9.66927   
0       1       5       	1    	14.6733   
0       1       6       	0.954	13.9367   
0       1       7       	0.736	10.8152   
0       1       8       	0.95 	13.9122   
0       1       9       	0.456	6.67271   
0       1       10      	0.862	12.596    
0       1       11      	0.456	6.81224   
0       1       12      	0.926	13.5224   
0       1       13      	0.408	5.89144   
0       1       14      	0.344	5.04639   
0       1       15      	0.072	1.04479   
0       1       16      	0.748	10.9442   
0       1       17      	0.078	1.11094   
0       1       18      	0.948	13.8693   
0       1       19      	0.736	10.6966   
0       1       20      	0.952	13.9395   
