0       1       1       	0.952	13.6306   
0       1       2       	0.926	13.2661   
0       1       3       	0.938	13.3885   
0       1       4       	0.476	6.78614   
0       1       5       	0.06 	0.896656  
0       1       6       	0.456	6.54785   
0       1       7       	0.94 	13.4673   
0       1       8       	0.368	5.24203   
0       1       9       	0.062	0.874807  
0       1       10      	0.846	12.0877   
0       1       11      	0.81 	11.5927   
0       1       12      	0.96 	13.7426   
0       1       13      	0.954	13.644    
0       1       14      	0.098	1.4317    
0       1       15      	0.15 	2.15709   
0       1       16      	0.238	3.44139   
0       1       17      	0.884	12.6432   
0       1       18      	0.118	1.68943   
0       1       19      	0.782	11.1646   
0       1       20      	0.678	9.71911   
