0       1       1       	0.948	12.5866   
0       1       2       	0.132	1.73533   
0       1       3       	0.15 	1.96794   
0       1       4       	0.914	12.157    
0       1       5       	0.958	12.702    
0       1       6       	0.93 	12.3276   
0       1       7       	0.476	6.32769   
0       1       8       	0.548	7.26784   
0       1       9       	0.118	1.56251   
0       1       10      	0.22 	2.81369   
0       1       11      	0.548	7.30303   
0       1       12      	0.542	7.21377   
0       1       13      	0.826	10.9481   
0       1       14      	0.956	12.6843   
0       1       15      	0.854	11.3749   
0       1       16      	0.922	12.2603   
0       1       17      	0.952	12.654    
0       1       18      	0.062	0.827318  
0       1       19      	0.846	11.2627   
0       1       20      	0.084	1.10684   
