0       1       1       	0.482	6.43509   
0       1       2       	0.94 	12.4808   
0       1       3       	0.474	6.25603   
0       1       4       	0.938	12.4419   
0       1       5       	0.408	5.41784   
0       1       6       	0.896	11.8259   
0       1       7       	0.042	0.555154  
0       1       8       	0.548	7.21178   
0       1       9       	0.214	2.81976   
0       1       10      	0.954	12.6289   
0       1       11      	0.322	4.28758   
0       1       12      	0.592	7.82665   
0       1       13      	0.476	6.32775   
0       1       14      	0.954	12.6298   
0       1       15      	0.896	11.8246   
0       1       16      	0.958	12.669    
0       1       17      	0.826	10.9829   
0       1       18      	0.938	12.48     
0       1       19      	0.926	12.2402   
0       1       20      	0.856	11.2555   
