0       1       1       	0.132	1.77171   
0       1       2       	0.942	12.9513   
0       1       3       	0.152	2.12793   
0       1       4       	0.466	6.35176   
0       1       5       	0.626	8.55879   
0       1       6       	0.542	7.48102   
0       1       7       	0.89 	12.2196   
0       1       8       	0.936	12.8536   
0       1       9       	0.782	10.6888   
0       1       10      	0.972	13.3547   
0       1       11      	0.94 	12.8932   
0       1       12      	0.914	12.5352   
0       1       13      	0.336	4.55994   
0       1       14      	0.95 	13.0309   
0       1       15      	0.532	7.29951   
0       1       16      	0.826	11.3252   
0       1       17      	0.942	12.9335   
0       1       18      	0.954	13.0985   
0       1       19      	0.202	2.76456   
0       1       20      	0.894	12.2573   
