0       1       1       	0.856	13.1686   
0       1       2       	0.3  	4.65833   
0       1       3       	0.938	14.4667   
0       1       4       	0.772	11.7933   
0       1       5       	0.932	14.387    
0       1       6       	0.932	14.3532   
0       1       7       	0.932	14.3766   
0       1       8       	0.082	1.28942   
0       1       9       	0.938	14.445    
0       1       10      	0.932	14.393    
0       1       11      	0.736	11.3277   
0       1       12      	0.922	14.2081   
0       1       13      	0.856	13.2737   
0       1       14      	0.748	11.5035   
0       1       15      	0.084	1.32454   
0       1       16      	0.582	8.98705   
0       1       17      	0.354	5.46038   
0       1       18      	0.894	13.7471   
0       1       19      	0.928	14.3465   
0       1       20      	0.942	14.4991   
