0       1       1       	0.674	9.84578   
0       1       2       	0.938	13.7435   
0       1       3       	0.06 	0.869089  
0       1       4       	0.466	6.85545   
0       1       5       	0.078	1.18536   
0       1       6       	0.944	13.8697   
0       1       7       	0.124	1.82609   
0       1       8       	0.398	5.83884   
0       1       9       	0.132	1.95398   
0       1       10      	0.448	6.59832   
0       1       11      	0.896	13.1379   
0       1       12      	0.962	14.0936   
0       1       13      	0.846	12.3906   
0       1       14      	0.826	12.1613   
0       1       15      	0.128	1.86425   
0       1       16      	0.064	0.920743  
0       1       17      	0.944	13.8466   
0       1       18      	0.938	13.7817   
0       1       19      	0.282	4.08343   
0       1       20      	0.8  	11.7379   
