0       1       1       	0.06 	0.793877  
0       1       2       	0.972	12.9435   
0       1       3       	1    	13.3371   
0       1       4       	0.202	2.70594   
0       1       5       	0.466	6.22595   
0       1       6       	0.794	10.4977   
0       1       7       	0.948	12.6534   
0       1       8       	0.912	12.0989   
0       1       9       	0.482	6.40608   
0       1       10      	0.16 	2.13241   
0       1       11      	0.288	3.82452   
0       1       12      	0.936	12.4438   
0       1       13      	0.132	1.82564   
0       1       14      	0.96 	12.7973   
0       1       15      	0.19 	2.53025   
0       1       16      	0.67 	8.95827   
0       1       17      	0.668	8.92527   
0       1       18      	0.736	9.79987   
0       1       19      	0.94 	12.517    
0       1       20      	0.916	12.2476   
