0       1       1       	0.846	12.7742   
0       1       2       	0.952	14.3341   
0       1       3       	0.69 	10.4693   
0       1       4       	0.084	1.22726   
0       1       5       	0.268	4.03297   
0       1       6       	0.05 	0.751925  
0       1       7       	0.914	13.7821   
0       1       8       	0.856	12.9344   
0       1       9       	0.548	8.26023   
0       1       10      	0.084	1.27384   
0       1       11      	0.772	11.5724   
0       1       12      	0.954	14.3626   
0       1       13      	0.94 	14.1602   
0       1       14      	0.944	14.2349   
0       1       15      	0.95 	14.2873   
0       1       16      	0.09 	1.35056   
0       1       17      	0.928	13.9808   
0       1       18      	0.514	7.67654   
0       1       19      	0.466	6.98716   
0       1       20      	0.476	7.14764   
