0       1       1       	0.726	9.07648   
0       1       2       	0.944	11.7344   
0       1       3       	0.948	11.8017   
0       1       4       	0.67 	8.41065   
0       1       5       	0.336	4.23113   
0       1       6       	0.322	4.02948   
0       1       7       	0.948	11.7878   
0       1       8       	0.122	1.55181   
0       1       9       	0.466	5.77398   
0       1       10      	0.854	10.6584   
0       1       11      	0.924	11.46     
0       1       12      	0.456	5.67836   
0       1       13      	0.95 	11.7877   
0       1       14      	0.456	5.69705   
0       1       15      	0.8  	9.99049   
0       1       16      	0.944	11.7362   
0       1       17      	0.962	11.9901   
0       1       18      	0.856	10.6629   
0       1       19      	0.794	9.9111    
0       1       20      	0.826	10.2968   
