0       1       1       	0.954	12.1328   
0       1       2       	0.958	12.169    
0       1       3       	0.938	11.9076   
0       1       4       	0.174	2.21085   
0       1       5       	0.592	7.57112   
0       1       6       	0.922	11.6965   
0       1       7       	0.178	2.27796   
0       1       8       	0.932	11.8794   
0       1       9       	0.674	8.53007   
0       1       10      	0.282	3.52057   
0       1       11      	0.16 	1.97666   
0       1       12      	0.938	11.8968   
0       1       13      	0.668	8.43642   
0       1       14      	0.932	11.8474   
0       1       15      	0.948	12.0205   
0       1       16      	0.93 	11.7648   
0       1       17      	0.408	5.0986    
0       1       18      	0.354	4.59759   
0       1       19      	0.916	11.634    
0       1       20      	0.922	11.699    
