0       1       1       	0.846	13.0357   
0       1       2       	0.772	11.9474   
0       1       3       	0.268	4.05659   
0       1       4       	0.514	7.9293    
0       1       5       	0.772	11.9567   
0       1       6       	0.354	5.52517   
0       1       7       	0.678	10.3541   
0       1       8       	0.466	7.14789   
0       1       9       	0.232	3.59122   
0       1       10      	0.952	14.6712   
0       1       11      	0.93 	14.31     
0       1       12      	0.952	14.6381   
0       1       13      	0.068	1.06788   
0       1       14      	0.728	11.189    
0       1       15      	0.916	14.0976   
0       1       16      	0.964	14.8734   
0       1       17      	0.952	14.6374   
0       1       18      	0.456	6.9992    
0       1       19      	0.974	14.989    
0       1       20      	0.054	0.840758  
