0       1       1       	0.062	0.889862  
0       1       2       	0.896	13.1332   
0       1       3       	0.938	13.7682   
0       1       4       	0.954	13.9943   
0       1       5       	0.96 	14.086    
0       1       6       	0.846	12.434    
0       1       7       	0.926	13.5739   
0       1       8       	0.936	13.7563   
0       1       9       	0.958	14.036    
0       1       10      	0.916	13.4585   
0       1       11      	0.718	10.5029   
0       1       12      	0.89 	13.0256   
0       1       13      	0.974	14.3173   
0       1       14      	0.942	13.8609   
0       1       15      	0.05 	0.74003   
0       1       16      	0.914	13.419    
0       1       17      	0.93 	13.6721   
0       1       18      	0.226	3.39615   
0       1       19      	0.662	9.69718   
0       1       20      	0.098	1.44148   
