0       1       1       	0.794	10.7111   
0       1       2       	0.202	2.78905   
0       1       3       	0.282	3.85856   
0       1       4       	0.156	2.09511   
0       1       5       	0.592	8.0642    
0       1       6       	0.686	9.33834   
0       1       7       	0.8  	10.8775   
0       1       8       	0.958	13.0371   
0       1       9       	0.938	12.7455   
0       1       10      	0.952	12.9758   
0       1       11      	0.862	11.7129   
0       1       12      	0.048	0.668648  
0       1       13      	0.928	12.6156   
0       1       14      	0.062	0.807975  
0       1       15      	0.942	12.8327   
0       1       16      	0.896	12.1802   
0       1       17      	0.782	10.6171   
0       1       18      	0.93 	12.6425   
0       1       19      	0.592	8.0325    
0       1       20      	0.928	12.6272   
