0       1       1       	0.604	7.99609   
0       1       2       	0.894	11.9156   
0       1       3       	0.662	8.80509   
0       1       4       	0.476	6.33884   
0       1       5       	0.58 	7.76402   
0       1       6       	0.884	11.8188   
0       1       7       	0.776	10.388    
0       1       8       	0.062	0.802214  
0       1       9       	0.83 	11.0213   
0       1       10      	0.368	4.87106   
0       1       11      	0.046	0.588294  
0       1       12      	0.922	12.2376   
0       1       13      	0.59 	7.92093   
0       1       14      	0.782	10.3964   
0       1       15      	0.268	3.54159   
0       1       16      	0.922	12.2624   
0       1       17      	0.59 	7.81045   
0       1       18      	0.95 	12.6616   
0       1       19      	0.922	12.2583   
0       1       20      	0.152	2.08054   
