0       1       1       	0.064	0.96266   
0       1       2       	0.216	3.25539   
0       1       3       	0.572	8.59297   
0       1       4       	0.3  	4.57491   
0       1       5       	0.674	10.1785   
0       1       6       	0.152	2.32403   
0       1       7       	0.772	11.7176   
0       1       8       	0.682	10.2833   
0       1       9       	0.782	11.8117   
0       1       10      	0.942	14.2579   
0       1       11      	0.532	8.14406   
0       1       12      	0.548	8.2441    
0       1       13      	0.102	1.50968   
0       1       14      	0.856	12.8987   
0       1       15      	0.752	11.4369   
0       1       16      	0.938	14.1937   
0       1       17      	0.444	6.67164   
0       1       18      	0.932	14.1087   
0       1       19      	0.268	4.03783   
0       1       20      	0.956	14.4714   
