0       1       1       	0.942	12.2692   
0       1       2       	0.94 	12.2252   
0       1       3       	0.956	12.4685   
0       1       4       	0.94 	12.2561   
0       1       5       	0.06 	0.785963  
0       1       6       	0.122	1.58894   
0       1       7       	0.938	12.2475   
0       1       8       	0.466	6.06338   
0       1       9       	0.936	12.1565   
0       1       10      	0.73 	9.47978   
0       1       11      	0.964	12.5757   
0       1       12      	0.938	12.207    
0       1       13      	0.466	6.05129   
0       1       14      	0.448	5.85822   
0       1       15      	0.382	5.01653   
0       1       16      	0.928	12.0687   
0       1       17      	0.54 	7.01696   
0       1       18      	0.942	12.2349   
0       1       19      	0.914	11.8791   
0       1       20      	0.07 	0.889198  
