0        	1       	0.258	0.0324014   	87.6714      	0.141605   2.44882   	
0        	2       	0.956	0.00298211  	95.5403      	0.00405055 0.000609  	
0        	3       	0.914	0.00344471  	0            	0          0.000312  	
0        	4       	0.95 	0.00237443  	0            	0          0.000378  	
0        	5       	0.906	0.00668912  	0            	0          0.000624  	
0        	6       	0.268	0.0408505   	88.585       	0.114466   1.57043   	
0        	7       	0.408	0.0105867   	0            	0          0.00041   	
0        	8       	0.282	0.00408994  	0            	0          0.001296  	
0        	9       	0.856	0.0275899   	86.6675      	0.158866   2.77067   	
0        	10      	0.376	0.00504478  	0            	0          0.000312  	
0        	11      	0.74 	0.0535826   	91.1864      	0.0883796  1.60849   	
0        	12      	0.964	0.00372152  	0            	0          0.000312  	
0        	13      	0.866	0.0438469   	90.755       	0.0847489  1.49776   	
0        	14      	0.728	0.0499257   	90.3103      	0.0946538  1.53541   	
0        	15      	0.932	0.030698    	86.6784      	0.152128   2.02476   	
0        	16      	0.948	0.00417559  	0            	0          0.000444  	
0        	17      	0.87 	0.0147576   	94.4827      	0.0198035  0.151162  	
0        	18      	0.124	0.0507466   	91.074       	0.085922   1.45863   	
0        	19      	0.94 	0.0255116   	88.5831      	0.119638   1.83721   	
0        	20      	0.952	0.0425163   	90.4298      	0.0993018  1.68834   	
