0        	1       	0.316	0.0777291   	93.4453      	0.0531882  0.975297  	
0        	2       	0.936	0.0285232   	86.3654      	0.156754   2.64211   	
0        	3       	0.604	0.0876606   	93.1131      	0.0551214  0.941921  	
0        	4       	0.686	0.0484766   	91.1794      	0.070598   0.937242  	
0        	5       	0.368	0.0499157   	90.1961      	0.076147   1.0843    	
0        	6       	0.944	0.0440247   	89.8506      	0.103004   1.46511   	
0        	7       	0.8  	0.0358829   	91.1766      	0.0662749  0.788769  	
0        	8       	0.336	0.0422131   	91.7491      	0.0814529  1.64545   	
0        	9       	0.354	0.0587654   	91.436       	0.0770902  1.2626    	
0        	10      	0.548	0.044791    	95.3148      	0.0172759  0.149819  	
0        	11      	0.752	0.002482    	0            	0          0.000444  	
0        	12      	0.728	0.0293806   	87.9222      	0.0720202  0.524846  	
0        	13      	0.052	0.0376201   	93.2565      	0.0554768  1.19741   	
0        	14      	0.686	0.0036202   	0            	0          0.000576  	
0        	15      	0.072	0.00207673  	0            	0          0.00051   	
0        	16      	0.998	0.048571    	90.8391      	0.0637192  0.566645  	
0        	17      	0.956	0.0747889   	91.6461      	0.0627484  0.866209  	
0        	18      	0.604	0.103401    	92.8389      	0.0459847  0.486643  	
0        	19      	0.108	0.0722034   	92.3321      	0.0646941  1.45851   	
0        	20      	0.926	0.0565529   	91.4059      	0.0827577  1.425     	
