0        	1       	0.078	0.00318936  	93.6178      	0.00579677 0.001209  	
0        	2       	0.304	0.0342489   	88.4189      	0.127431   2.44714   	
0        	3       	0.382	0.13013     	94.7437      	0.0162734  0.411926  	
0        	4       	0.408	0.0162467   	91.3419      	0.0846458  1.30938   	
0        	5       	0.954	0.0632219   	90.4753      	0.0491914  0.490241  	
0        	6       	0.896	0.0646373   	91.3275      	0.0731698  0.864218  	
0        	7       	0.194	0.044588    	95.4477      	0.0214731  0.449027  	
0        	8       	0.794	0.0303901   	87.5485      	0.137489   1.94898   	
0        	9       	0.922	0.0179992   	94.6123      	0.0221869  0.225463  	
0        	10      	0.048	0.00418335  	0            	0          0.00051   	
0        	11      	0.928	0.0991342   	91.0677      	0.0498394  0.450623  	
0        	12      	0.942	0.0488208   	91.5667      	0.0823799  1.39158   	
0        	13      	0.914	0.0658553   	91.2503      	0.0738208  1.23476   	
0        	14      	0.952	0.00219656  	0            	0          0.000756  	
0        	15      	0.062	0.0279824   	91.3013      	0.0813523  1.86682   	
0        	16      	0.054	0.115179    	93.1643      	0.0381647  0.67347   	
0        	17      	0.54 	0.0510352   	89.9019      	0.087165   1.27398   	
0        	18      	0.96 	0.0374142   	88.9283      	0.117197   1.73439   	
0        	19      	0.942	0.0269252   	86.6424      	0.0929102  0.637883  	
0        	20      	0.682	0.0348599   	86.2637      	0.10989    0.897901  	
