0        	1       	0.884	0.0960359   	93.7689      	0.0468267  0.900706  	
0        	2       	0.084	0.0558173   	92.0459      	0.0754375  1.75761   	
0        	3       	0.542	0.0239966   	89.2163      	0.119073   1.76186   	
0        	4       	0.202	0.0377659   	94.1245      	0.0363913  0.674016  	
0        	5       	0.794	0.0575364   	91.958       	0.0762707  1.53457   	
0        	6       	0.69 	0.0445911   	90.1282      	0.102549   1.94782   	
0        	7       	0.952	0.0353159   	89.897       	0.073172   0.562987  	
0        	8       	0.794	0.0901036   	93.5098      	0.0423504  0.82466   	
0        	9       	0.052	0.112033    	93.7519      	0.0415383  0.860607  	
0        	10      	0.054	0.0598293   	91.648       	0.0736946  1.34606   	
0        	11      	0.944	0.0342526   	88.1338      	0.131957   2.14801   	
0        	12      	0.956	0.0379952   	88.2437      	0.113166   1.2796    	
0        	13      	1    	0.106025    	93.872       	0.0407401  0.603596  	
0        	14      	0.894	0.0892444   	93.7508      	0.0476554  0.750933  	
0        	15      	0.74 	0.113394    	94.7452      	0.0247867  0.336809  	
0        	16      	0.16 	0.00392837  	0            	0          0.001002  	
0        	17      	0.772	0.00551697  	0            	0          0.000624  	
0        	18      	0.514	0.196566    	93.4048      	0.0204186  0.299503  	
0        	19      	0.718	0.00370374  	0            	0          0.000444  	
0        	20      	0.936	0.0519413   	88.6691      	0.0906473  0.864047  	
