0        	1       	0.604	0.0032139   	0            	0          0.00069   	
0        	2       	0.894	0.0307082   	93.2275      	0.0557155  0.937941  	
0        	3       	0.662	0.0296599   	92.0636      	0.0732869  1.34515   	
0        	4       	0.476	0.0017135   	0            	0          0.000444  	
0        	5       	0.58 	0.0599638   	92.3525      	0.0593979  0.860324  	
0        	6       	0.884	0.10489     	94.7125      	0.0320842  0.473745  	
0        	7       	0.776	0.0490467   	90.696       	0.0882394  1.46065   	
0        	8       	0.062	0.0583429   	92.7339      	0.0597491  1.19823   	
0        	9       	0.83 	0.0533088   	89.4369      	0.08686    0.974887  	
0        	10      	0.368	0.0576967   	92.0963      	0.0693837  1.52446   	
0        	11      	0.046	0.0503138   	90.9719      	0.0827934  1.3474    	
0        	12      	0.922	0.0348036   	88.26        	0.131478   2.10679   	
0        	13      	0.59 	0.0277909   	86.0846      	0.164252   2.43559   	
0        	14      	0.782	0.00274811  	0            	0          0.000444  	
0        	15      	0.268	0.00246829  	94.5395      	0.00495958 0.000921  	
0        	16      	0.922	0.00219356  	0            	0          0.001116  	
0        	17      	0.59 	0.0744308   	93.1249      	0.0533992  1.04917   	
0        	18      	0.95 	0.0850361   	91.7228      	0.0575731  0.603731  	
0        	19      	0.922	0.0552362   	91.9905      	0.064076   0.863451  	
0        	20      	0.152	0.0866805   	93.3921      	0.054361   1.12216   	
