0        	1       	0.956	0.0515384   	89.1086      	0.0918496  1.16014   	
0        	2       	0.06 	0.042545    	89.881       	0.10845    1.85672   	
0        	3       	0.15 	0.0460019   	88.5291      	0.0943248  1.1595    	
0        	4       	0.928	0.0705087   	89.9463      	0.0635214  0.787531  	
0        	5       	0.87 	0.153338    	94.8073      	0.0289734  0.563957  	
0        	6       	0.514	0.0331458   	87.7435      	0.143476   2.09359   	
0        	7       	0.352	0.0481569   	89.9984      	0.0696043  0.748045  	
0        	8       	0.944	0.00106409  	0            	0          0.001002  	
0        	9       	0.8  	0.00278723  	0            	0          0.000624  	
0        	10      	0.582	0.0109402   	91.86        	0.0335439  0.227631  	
0        	11      	0.942	0.0402592   	85.9099      	0.118824   0.865931  	
0        	12      	0.548	0.0489241   	89.8169      	0.0708292  0.863369  	
0        	13      	0.516	0.0034594   	0            	0          0.000444  	
0        	14      	0.948	0.0641379   	93.4332      	0.0510041  0.830195  	
0        	15      	0.58 	0.0430688   	88.5632      	0.104841   1.38576   	
0        	16      	0.336	0.00634706  	0            	0          0.000378  	
0        	17      	0.948	0.00671766  	0            	0          0.00069   	
0        	18      	0.772	0.00394954  	0            	0          0.000444  	
0        	19      	0.152	0.0275644   	86.7444      	0.157218   2.32124   	
0        	20      	0.924	0.0205674   	83.3434      	0.205936   3.21424   	
