0        	1       	0.856	0.000377092 	0            	0          0.000954  	
0        	2       	0.3  	0.0454555   	92.4555      	0.0636239  1.34671   	
0        	3       	0.938	0.0464244   	92.9624      	0.0607736  1.27454   	
0        	4       	0.772	0.0922289   	94.0274      	0.0439395  0.710741  	
0        	5       	0.932	0.0535612   	93.1165      	0.0212947  0.262433  	
0        	6       	0.932	0.0382999   	88.1269      	0.11594    1.4249    	
0        	7       	0.932	0.0495467   	93.2097      	0.0542741  0.964159  	
0        	8       	0.082	0.0446467   	90.2457      	0.103252   1.79541   	
0        	9       	0.938	0.118899    	94.0545      	0.042029   0.78897   	
0        	10      	0.932	0.0369775   	87.2148      	0.123071   1.38955   	
0        	11      	0.736	0.131602    	93.4138      	0.0399888  0.452388  	
0        	12      	0.922	0.0515612   	90.3971      	0.0880652  1.23922   	
0        	13      	0.856	0.115334    	94.2445      	0.0271486  0.337013  	
0        	14      	0.748	0.0733658   	93.8391      	0.0485349  1.23495   	
0        	15      	0.084	0.105736    	94.1819      	0.0353257  0.599361  	
0        	16      	0.582	0.0992781   	93.5828      	0.0427335  0.671079  	
0        	17      	0.354	0.0450873   	90.6001      	0.0877129  1.31283   	
0        	18      	0.894	0.0932172   	93.5069      	0.0477685  0.677871  	
0        	19      	0.928	0.0605617   	92.969       	0.0607165  1.27157   	
0        	20      	0.942	0.0567846   	90.4         	0.0768362  0.937431  	
