0        	1       	0.548	0.0031376   	96.241       	0.00341413 0.000363  	
0        	2       	0.674	0.000102817 	96.213       	0.0034427  0.000183  	
0        	3       	0.368	0.000873982 	96.1773      	0.00347198 0.000363  	
0        	4       	0.914	0.00244358  	95.899       	0.00372481 0.000987  	
0        	5       	0.336	0.000968344 	96.3138      	0.00335109 0.000117  	
0        	6       	0.236	0.00239637  	0            	0          0.00051   	
0        	7       	0.94 	0.00992514  	67.0618      	0.465707   6.50667   	
0        	8       	0.626	0.00225583  	96.166       	0.00348541 0.000249  	
0        	9       	0.336	0.00438486  	0            	0          0.00051   	
0        	10      	0.826	0.000702919 	96.3534      	0.0033151  0.000117  	
0        	11      	0.956	0.00293949  	95.9953      	0.0036406  0.000249  	
0        	12      	0.548	0.0115485   	70.968       	0.400711   5.99505   	
0        	13      	0.956	0.000677744 	96.1782      	0.00347439 0.000154  	
0        	14      	0.258	0.00341882  	95.96        	0.00367269 0.000249  	
0        	15      	0.58 	0.0147444   	76.5382      	0.317624   4.97176   	
0        	16      	0.828	0.00044302  	96.0535      	0.0035877  0.000154  	
0        	17      	0.948	0.00367762  	96.0274      	0.00360815 0.000429  	
0        	18      	0.542	0.000518458 	96.0772      	0.00356621 0.000183  	
0        	19      	0.132	0.00325959  	96.1445      	0.00350496 0.000183  	
0        	20      	0.944	1.2279e-05  	96.5711      	0.00311721 0.000117  	
