0        	1       	0.676	0.0699164   	92.3798      	0.0693897  1.16034   	
0        	2       	0.96 	0.195055    	95.2157      	0.020637   0.267765  	
0        	3       	0.132	0.0657098   	95.0836      	0.012001   0.187829  	
0        	4       	0.938	0.1423      	94.3885      	0.0334616  0.640243  	
0        	5       	0.132	0.0556208   	91.645       	0.0816154  1.64508   	
0        	6       	0.068	0.0631995   	91.7598      	0.0755684  1.42101   	
0        	7       	0.398	0.0419234   	91.2873      	0.0843551  1.86084   	
0        	8       	0.924	0.0566665   	91.6123      	0.0819349  1.23752   	
0        	9       	0.582	0.0353428   	85.3204      	0.0927487  0.415883  	
0        	10      	0.952	0.0406368   	92.848       	0.058837   0.936882  	
0        	11      	0.344	0.0384667   	87.8304      	0.111558   1.2343    	
0        	12      	0.052	0.0963704   	93.2248      	0.0508906  1.04749   	
0        	13      	0.06 	0.0780745   	92.821       	0.0428339  0.636151  	
0        	14      	0.826	0.0400058   	90.1887      	0.0806777  0.862846  	
0        	15      	0.69 	0.0713117   	93.5834      	0.049838   0.974671  	
0        	16      	0.16 	0.040254    	89.4506      	0.0445434  0.302739  	
0        	17      	0.828	0.0544795   	90.4189      	0.0807995  1.04975   	
0        	18      	0.938	0.0441059   	87.4331      	0.110381   0.87691   	
0        	19      	0.94 	0.00400366  	94.8895      	0.00464166 0.000717  	
0        	20      	0.854	0.0484626   	90.6024      	0.0953743  1.64928   	
