0        	1       	0.686	0.0368283   	89.5985      	0.11306    2.0968    	
0        	2       	0.726	0.0648908   	91.1735      	0.0726129  1.04828   	
0        	3       	0.154	0.0363472   	89.0481      	0.119968   1.98372   	
0        	4       	0.954	0.0403769   	88.1212      	0.114346   1.23985   	
0        	5       	0.062	0.0831856   	95.0909      	0.0279104  0.449183  	
0        	6       	0.736	0.0654673   	91.2946      	0.0519103  0.486582  	
0        	7       	0.26 	0.0297631   	91.0803      	0.0593325  0.527106  	
0        	8       	0.954	0.0542974   	91.6842      	0.0701599  1.01547   	
0        	9       	0.524	0.0339916   	90.8818      	0.0470921  0.376316  	
0        	10      	0.974	0.0496352   	91.9049      	0.0647915  0.791744  	
0        	11      	0.928	0.0033215   	0            	0          0.000444  	
0        	12      	0.952	0.0619215   	90.2866      	0.0729963  0.715689  	
0        	13      	0.924	0.0436278   	89.8371      	0.108578   1.90632   	
0        	14      	0.128	0.0555725   	88.6217      	0.0854652  0.900387  	
0        	15      	0.866	0.0765931   	90.975       	0.060033   0.636429  	
0        	16      	0.682	0.0478402   	91.6554      	0.0753398  1.537     	
0        	17      	0.408	0.00369747  	0            	0          0.000444  	
0        	18      	0.958	0.0447801   	88.4815      	0.10744    1.16164   	
0        	19      	0.938	0.0468126   	93.0039      	0.0525762  0.971679  	
0        	20      	0.062	0.0270697   	90.8269      	0.0609849  0.59898   	
