0        	1       	0.932	0.0313178   	87.0136      	0.150809   2.18936   	
0        	2       	0.93 	0.031537    	90.1686      	0.103061   1.65158   	
0        	3       	0.064	0.0846096   	93.0447      	0.0572191  1.42121   	
0        	4       	0.67 	0.0559539   	93.0734      	0.0481785  0.978655  	
0        	5       	0.948	0.0704662   	91.3593      	0.0649351  0.675962  	
0        	6       	0.958	0.0185497   	88.2899      	0.12971    2.04565   	
0        	7       	0.604	0.039783    	89.4015      	0.113232   1.83675   	
0        	8       	0.368	0.00317425  	0            	0          0.000624  	
0        	9       	0.15 	0.148322    	94.1705      	0.0214795  0.33725   	
0        	10      	0.156	0.0798041   	93.5611      	0.0515355  1.45869   	
0        	11      	0.592	0.0721916   	92.3958      	0.0656663  1.34762   	
0        	12      	0.368	0.0958979   	93.6658      	0.0353648  0.598656  	
0        	13      	0.87 	0.00486856  	0            	0          0.000936  	
0        	14      	0.258	0.00187465  	0            	0          0.00069   	
0        	15      	0.622	0.00292505  	0            	0          0.000378  	
0        	16      	0.37 	0.0471762   	90.1511      	0.0886561  1.20006   	
0        	17      	0.132	0.0349335   	93.1931      	0.0574296  1.0882    	
0        	18      	0.936	0.0776929   	93.3297      	0.0508406  0.679581  	
0        	19      	0.094	0.00380385  	0            	0          0.00069   	
0        	20      	0.948	0.0983872   	93.1204      	0.0498522  0.749188  	
