0        	1       	0.09 	0.00442454  	0            	0          0.000624  	
0        	2       	0.124	0.0335773   	88.0149      	0.13605    2.69197   	
0        	3       	0.43 	0.088384    	88.9908      	0.0568586  0.374429  	
0        	4       	0.37 	0.0326021   	88.1531      	0.125364   1.83712   	
0        	5       	1    	0.0219413   	80.2104      	0.215041   1.72359   	
0        	6       	0.95 	0.0593106   	89.1062      	0.0788999  0.675981  	
0        	7       	0.548	0.0336042   	88.7128      	0.1273     2.31812   	
0        	8       	0.676	0.00662692  	0            	0          0.000378  	
0        	9       	0.118	0.000466293 	0            	0          0.000444  	
0        	10      	0.118	0.00308874  	0            	0          0.00069   	
0        	11      	0.126	0.0619608   	93.6824      	0.0512403  0.857558  	
0        	12      	0.96 	0.0277145   	91.7249      	0.0816919  1.39449   	
0        	13      	0.054	0.0724551   	92.423       	0.0667579  1.35741   	
0        	14      	0.972	0.0401306   	89.6923      	0.11204    2.13303   	
0        	15      	0.54 	0.0328175   	89.9774      	0.0995619  1.72123   	
0        	16      	0.476	0.00465821  	0            	0          0.00087   	
0        	17      	0.958	0.0433036   	91.1664      	0.0905387  1.35021   	
0        	18      	0.156	0.00682074  	0            	0          0.000756  	
0        	19      	0.59 	0.00443649  	0            	0          0.001002  	
0        	20      	0.476	0.00172835  	0            	0          0.00087   	
