0        	1       	0.438	0.0310903   	92.5729      	0.0602845  1.07644   	
0        	2       	0.95 	0.0747821   	93.4514      	0.0499135  0.715205  	
0        	3       	0.938	0.114394    	93.8579      	0.0342922  0.488731  	
0        	4       	0.89 	0.0601188   	92.6147      	0.0535168  0.674403  	
0        	5       	0.926	0.0399747   	89.0727      	0.117218   1.65954   	
0        	6       	0.94 	0.0413027   	89.8981      	0.10885    1.69004   	
0        	7       	0.156	0.0751496   	92.7399      	0.0626684  1.57233   	
0        	8       	0.92 	0.0451965   	92.5594      	0.059553   0.938476  	
0        	9       	0.054	0.0390521   	92.6384      	0.0621098  1.08488   	
0        	10      	0.928	0.0099258   	0            	0          0.002136  	
0        	11      	0.924	0.0396038   	89.1991      	0.117401   2.02305   	
0        	12      	0.772	0.0700382   	92.3344      	0.0427716  0.566163  	
0        	13      	0.952	0.0470895   	90.1826      	0.0959011  1.42396   	
0        	14      	0.316	0.0948847   	93.4333      	0.0309543  0.599155  	
0        	15      	0.686	0.00780231  	94.881       	0.00464943 0.00072   	
0        	16      	0.06 	0.0652991   	91.27        	0.0632283  0.972581  	
0        	17      	0.944	0.0278004   	93.2957      	0.0495148  0.754342  	
0        	18      	0.59 	0.112211    	94.8228      	0.0332839  0.711415  	
0        	19      	0.718	0.0661842   	92.4444      	0.0666667  1.45849   	
0        	20      	0.466	0.00192667  	0            	0          0.000444  	
