0        	1       	0.93 	0.0273764   	86.0705      	0.167452   2.43863   	
0        	2       	0.592	0.0507041   	91.7995      	0.0765209  1.42184   	
0        	3       	0.856	0.00467155  	0            	0          0.00051   	
0        	4       	0.952	0.0759388   	93.3031      	0.0485285  0.643258  	
0        	5       	0.592	0.0284825   	89.8181      	0.0643312  0.637563  	
0        	6       	0.842	0.0778776   	92.5939      	0.0632996  1.08912   	
0        	7       	0.054	0.0796967   	92.9563      	0.0547083  0.826887  	
0        	8       	0.084	0.0551849   	91.3113      	0.0766647  1.42161   	
0        	9       	0.132	0.00285892  	0            	0          0.000444  	
0        	10      	0.214	0.0176875   	0            	0          0.000576  	
0        	11      	0.336	0.0462245   	92.7512      	0.0374374  0.561456  	
0        	12      	0.954	0.00395953  	0            	0          0.00051   	
0        	13      	0.948	0.0795854   	94.7372      	0.01889    0.262355  	
0        	14      	0.95 	0.0690035   	91.344       	0.0760778  0.723299  	
0        	15      	0.928	0.0927747   	90.245       	0.0459831  0.413933  	
0        	16      	0.954	0.0587987   	91.2486      	0.0738352  1.12778   	
0        	17      	0.482	0.0469781   	90.7839      	0.0873705  2.15428   	
0        	18      	0.674	0.105051    	93.0902      	0.0412031  0.937368  	
0        	19      	0.258	0.0367664   	88.8291      	0.122403   1.98436   	
0        	20      	0.3  	0.0441161   	89.9484      	0.10929    1.87186   	
