0        	1       	0.258	0.0549077   	91.6198      	0.0794786  1.27248   	
0        	2       	0.54 	0.0575505   	92.6175      	0.0554795  0.903308  	
0        	3       	0.604	0.111512    	91.1853      	0.0455244  0.413459  	
0        	4       	0.826	0.0604922   	91.5155      	0.0748316  1.12692   	
0        	5       	0.776	0.0821522   	94.574       	0.0342829  0.638748  	
0        	6       	0.964	0.00478647  	0            	0          0.000444  	
0        	7       	0.726	0.0463463   	88.0838      	0.0979858  0.935081  	
0        	8       	0.202	0.0465216   	89.9585      	0.0952345  1.43612   	
0        	9       	0.118	0.0241069   	92.3371      	0.0702741  1.42147   	
0        	10      	0.95 	0.0392603   	89.6923      	0.106979   1.53811   	
0        	11      	0.152	0.106889    	94.0957      	0.0434364  0.860891  	
0        	12      	0.962	0.0342536   	88.3312      	0.132566   2.09757   	
0        	13      	0.118	0.102341    	94.1541      	0.0406835  1.08482   	
0        	14      	0.74 	0.0391679   	94.76        	0.0270801  0.56121   	
0        	15      	0.958	0.0599002   	89.0265      	0.0763269  0.528589  	
0        	16      	0.956	0.00135346  	0            	0          0.00069   	
0        	17      	0.668	0.068906    	92.4223      	0.0634499  1.28877   	
0        	18      	0.718	0.054139    	88.8352      	0.0893186  0.862152  	
0        	19      	0.952	0.0776509   	92.5973      	0.0492146  0.674137  	
0        	20      	0.942	0.0642175   	92.2216      	0.0563358  0.793881  	
