0        	1       	0.914	0.00148497  	0            	0          0.000312  	
0        	2       	0.87 	0.000225464 	0            	0          0.00069   	
0        	3       	0.542	0.00572544  	0            	0          0.000378  	
0        	4       	0.108	0.0512247   	91.4056      	0.0850935  1.68341   	
0        	5       	0.16 	0.00478933  	0            	0          0.000444  	
0        	6       	0.124	0.0479424   	88.1456      	0.0890419  0.785765  	
0        	7       	0.93 	0.0369025   	88.9456      	0.123833   2.10127   	
0        	8       	0.77 	0.0301102   	86.609       	0.134234   1.53586   	
0        	9       	0.614	0.00215106  	0            	0          0.000444  	
0        	10      	0.954	0.00259322  	0            	0          0.00051   	
0        	11      	0.896	0.0572905   	91.5464      	0.0588315  0.710621  	
0        	12      	0.548	0.0565272   	89.9899      	0.0777747  1.08459   	
0        	13      	0.922	0.00375     	0            	0          0.000558  	
0        	14      	0.924	0.00297173  	0            	0          0.000378  	
0        	15      	0.674	0.0320693   	87.4713      	0.14561    2.05844   	
0        	16      	0.842	0.0209608   	82.914       	0.213913   3.72091   	
0        	17      	0.964	0.00218395  	0            	0          0.000444  	
0        	18      	0.88 	0.0386179   	89.6799      	0.111235   2.05852   	
0        	19      	0.926	0.0279284   	84.5362      	0.169393   1.83678   	
0        	20      	0.476	0.040383    	86.5321      	0.0850932  0.525057  	
