0        	1       	0.674	0.0497753   	89.0091      	0.0764481  0.7886    	
0        	2       	0.938	0.0402688   	86.4359      	0.114389   0.904547  	
0        	3       	0.06 	0.0459758   	91.6899      	0.0762094  1.348     	
0        	4       	0.466	0.0566528   	89.8534      	0.0811727  0.975489  	
0        	5       	0.078	0.00422611  	0            	0          0.000444  	
0        	6       	0.944	0.00807018  	0            	0          0.00069   	
0        	7       	0.124	0.00623257  	0            	0          0.000444  	
0        	8       	0.398	0.0395834   	90.4798      	0.0839664  1.1243    	
0        	9       	0.132	0.00260814  	0            	0          0.000804  	
0        	10      	0.448	0.0398951   	92.7903      	0.059312   1.15947   	
0        	11      	0.896	0.0402729   	89.7446      	0.107506   1.76382   	
0        	12      	0.962	0.00492272  	0            	0          0.000444  	
0        	13      	0.846	0.00205166  	0            	0          0.000756  	
0        	14      	0.826	0.0293424   	84.9031      	0.158258   1.72441   	
0        	15      	0.128	0.0329069   	87.4138      	0.143767   2.43301   	
0        	16      	0.064	0.121725    	94.1563      	0.0413092  0.860636  	
0        	17      	0.944	0.0552087   	91.3897      	0.0841095  1.20568   	
0        	18      	0.938	0.0469592   	91.0111      	0.0874469  1.55333   	
0        	19      	0.282	0.0969191   	94.1504      	0.040709   0.935177  	
0        	20      	0.8  	0.0462286   	90.0272      	0.099969   1.53645   	
