0        	1       	0.456	0.0821463   	93.1087      	0.0566929  1.38398   	
0        	2       	0.108	0.0370051   	93.4874      	0.0480754  0.748717  	
0        	3       	0.514	0.0640344   	92.1538      	0.0521921  0.749175  	
0        	4       	0.69 	0.0691068   	93.9864      	0.0351259  0.453321  	
0        	5       	0.948	0.0751071   	90.591       	0.065445   0.49511   	
0        	6       	0.58 	0.0806048   	93.5832      	0.0464746  0.972821  	
0        	7       	0.748	0.00520907  	0            	0          0.000444  	
0        	8       	0.958	0.0269023   	85.7087      	0.165862   2.43858   	
0        	9       	0.082	0.0709571   	90.1943      	0.0619544  0.599301  	
0        	10      	0.928	0.0373432   	89.3709      	0.102354   1.42495   	
0        	11      	0.084	0.0425377   	90.9858      	0.0904132  1.46226   	
0        	12      	0.938	0.0705523   	93.5783      	0.0236787  0.300166  	
0        	13      	1    	0.0499648   	90.8084      	0.0857694  1.4669    	
0        	14      	0.456	0.0498597   	91.7654      	0.0677124  1.19894   	
0        	15      	0.06 	0.0408418   	89.4286      	0.093238   1.08645   	
0        	16      	0.924	0.134475    	93.8934      	0.0321401  0.374244  	
0        	17      	0.962	0.043361    	89.481       	0.0997248  1.24172   	
0        	18      	0.8  	0.179953    	93.4642      	0.019686   0.243216  	
0        	19      	0.89 	0.0448972   	90.0831      	0.104974   1.76402   	
0        	20      	0.158	0.00295545  	0            	0          0.000378  	
