0        	1       	0.176	0.0475669   	89.4525      	0.0701221  0.710909  	
0        	2       	0.948	0.0346205   	88.877       	0.122298   1.97222   	
0        	3       	0.098	0.00335544  	0            	0          0.00069   	
0        	4       	0.942	0.0618331   	93.1597      	0.0502964  0.714198  	
0        	5       	0.482	0.00687525  	0            	0          0.00087   	
0        	6       	0.372	0.0987274   	92.0963      	0.0333723  0.262301  	
0        	7       	0.794	0.104126    	90.5057      	0.0490346  0.375275  	
0        	8       	0.932	0.0609997   	90.5829      	0.0731429  0.865297  	
0        	9       	0.728	0.0385227   	89.9543      	0.107326   1.99032   	
0        	10      	0.752	0.0742723   	92.7505      	0.061164   1.05012   	
0        	11      	0.476	0.0695963   	92.4061      	0.0686791  1.49944   	
0        	12      	0.478	0.0566565   	91.6463      	0.0844416  1.53815   	
0        	13      	0.93 	0.0277046   	89.0221      	0.112649   1.53839   	
0        	14      	0.93 	0.033444    	87.9374      	0.127647   1.72369   	
0        	15      	0.082	0.0357916   	89.9693      	0.102478   1.71401   	
0        	16      	0.772	0.157159    	94.1113      	0.0334797  0.52386   	
0        	17      	0.942	0.0371784   	87.4826      	0.120538   1.23882   	
0        	18      	0.564	0.00268329  	0            	0          0.000624  	
0        	19      	0.344	0.00905301  	0            	0          0.000378  	
0        	20      	0.078	0.092861    	92.4719      	0.0420305  0.411596  	
