0        	1       	0.152	0.154999    	93.6805      	0.0304031  0.261917  	
0        	2       	0.938	0.00766168  	93.9896      	0.0265443  0.299897  	
0        	3       	0.158	0.0692131   	93.6099      	0.050316   0.635873  	
0        	4       	0.202	0.0306701   	87.4541      	0.141609   2.46917   	
0        	5       	0.064	0.0348885   	87.3008      	0.13681    1.68881   	
0        	6       	0.132	0.0370072   	88.8665      	0.123843   2.16889   	
0        	7       	0.942	0.0329459   	90.3749      	0.0978414  1.42657   	
0        	8       	0.052	0.0424959   	91.6356      	0.0752935  1.27199   	
0        	9       	0.736	0.032409    	88.5153      	0.122699   1.87327   	
0        	10      	0.964	0.00156022  	0            	0          0.000624  	
0        	11      	0.936	0.00417122  	0            	0          0.001089  	
0        	12      	0.084	0.049732    	92.7711      	0.0624259  1.01146   	
0        	13      	0.16 	0.00458601  	0            	0          0.000558  	
0        	14      	0.782	0.0378891   	88.8442      	0.12497    2.13515   	
0        	15      	0.268	0.0722417   	92.7156      	0.0506941  0.898791  	
0        	16      	0.922	0.0999341   	92.3891      	0.0481148  0.638027  	
0        	17      	0.614	0.00357302  	0            	0          0.00069   	
0        	18      	0.944	0.059362    	91.3702      	0.0791411  1.4999    	
0        	19      	0.59 	0.0011564   	0            	0          0.000378  	
0        	20      	0.514	0.00324528  	0            	0          0.000312  	
