0        	1       	0.268	0.0535859   	88.0354      	0.0866551  0.789787  	
0        	2       	0.854	0.046823    	90.1959      	0.0914843  1.46068   	
0        	3       	0.202	0.00508608  	0            	0          0.000444  	
0        	4       	0.152	0.0300325   	94.2446      	0.0392963  0.673496  	
0        	5       	0.668	0.0619783   	92.7104      	0.0565911  1.01262   	
0        	6       	0.592	0.0785937   	92.5885      	0.0593203  1.23476   	
0        	7       	0.79 	0.0543404   	94.6571      	0.0196866  0.337203  	
0        	8       	0.94 	0.0418711   	89.686       	0.108473   1.9809    	
0        	9       	0.938	0.125213    	93.4217      	0.0339963  0.524968  	
0        	10      	0.69 	0.0656819   	94.6127      	0.016666   0.22524   	
0        	11      	0.954	0.142755    	93.4553      	0.0344456  0.381323  	
0        	12      	0.846	0.0440828   	90.6259      	0.0972674  1.6484    	
0        	13      	0.942	0.0813366   	91.722       	0.0575782  0.940043  	
0        	14      	0.924	0.0591623   	91.8248      	0.0654324  1.08752   	
0        	15      	0.936	0.0388853   	90.6757      	0.0910581  1.91222   	
0        	16      	0.846	0.0496035   	90.6597      	0.0958773  1.42594   	
0        	17      	0.654	0.0584277   	92.1992      	0.0727912  1.34912   	
0        	18      	0.466	0.075425    	92.1757      	0.0643685  1.08564   	
0        	19      	0.048	0.0970237   	93.9993      	0.0185779  0.187326  	
0        	20      	0.156	0.111622    	93.4456      	0.0390839  0.637447  	
