0        	1       	0.926	0.0709617   	94.8924      	0.0240922  0.376601  	
0        	2       	0.118	0.126249    	93.1808      	0.0321662  0.411806  	
0        	3       	0.268	0.111023    	94.7763      	0.0220718  0.336615  	
0        	4       	0.074	0.064252    	89.4752      	0.0699708  0.674109  	
0        	5       	0.772	0.0466813   	89.3922      	0.0972804  1.20122   	
0        	6       	0.226	0.114966    	92.456       	0.0421191  0.598512  	
0        	7       	0.952	0.0333631   	86.8296      	0.139413   1.65238   	
0        	8       	0.772	0.00246647  	0            	0          0.00051   	
0        	9       	0.582	0.033031    	90.8035      	0.0611403  0.599251  	
0        	10      	0.74 	0.0391841   	89.4659      	0.114501   2.02313   	
0        	11      	0.948	0.04091     	90.9608      	0.0894969  1.57745   	
0        	12      	0.662	0.0768382   	94.0754      	0.0418585  0.862711  	
0        	13      	0.928	0.0442577   	87.2286      	0.107704   0.899734  	
0        	14      	0.922	0.0339313   	93.4252      	0.0482553  0.858491  	
0        	15      	0.58 	0.0433202   	78.9003      	0.0994601  0.26384   	
0        	16      	0.932	0.0613903   	90.0333      	0.0594318  0.450304  	
0        	17      	0.936	0.0499474   	90.6994      	0.0954698  1.57225   	
0        	18      	0.542	0.0294145   	88.7929      	0.122481   2.24643   	
0        	19      	0.958	0.046628    	91.4044      	0.0773749  1.19985   	
0        	20      	0.564	0.0277534   	94.5379      	0.021575   0.486539  	
