0        	1       	0.158	0.0438306   	91.9203      	0.0561992  0.598673  	
0        	2       	0.856	0.0370309   	87.4704      	0.12061    1.31228   	
0        	3       	0.952	0.0210066   	81.08        	0.21736    1.90989   	
0        	4       	0.772	0.0844077   	88.4481      	0.0596614  0.380403  	
0        	5       	1    	0.0157783   	78.4213      	0.28808    4.00775   	
0        	6       	0.054	0.0606927   	90.5219      	0.0758252  1.19752   	
0        	7       	0.066	0.00351171  	0            	0          0.000624  	
0        	8       	0.926	0.0451863   	92.1554      	0.0740352  1.1231    	
0        	9       	0.466	0.00863321  	0            	0          0.000312  	
0        	10      	0.238	0.0823332   	93.3803      	0.0514155  1.0126    	
0        	11      	0.928	0.00367142  	0            	0          0.000378  	
0        	12      	0.26 	0.047355    	89.4694      	0.0865926  0.864585  	
0        	13      	0.944	0.0312181   	87.2271      	0.150017   2.39965   	
0        	14      	0.398	0.0055601   	0            	0          0.000558  	
0        	15      	0.336	0.0387187   	89.8109      	0.105539   1.92974   	
0        	16      	0.414	0.00415332  	0            	0          0.000312  	
0        	17      	0.862	0.00292271  	0            	0          0.000378  	
0        	18      	0.124	0.0427928   	92.6103      	0.0665195  1.24934   	
0        	19      	0.986	0.00208387  	0            	0          0.000558  	
0        	20      	0.078	0.00184407  	0            	0          0.000312  	
