0        	1       	0.894	0.0103933   	95.0644      	0.0275558  0.336761  	
0        	2       	0.408	0.0574495   	93.0839      	0.0519751  0.824525  	
0        	3       	0.592	0.0412988   	90.1807      	0.0996545  1.79484   	
0        	4       	0.928	0.146833    	91.989       	0.0338257  0.524725  	
0        	5       	0.94 	0.00198169  	0            	0          0.00051   	
0        	6       	0.2  	0.0741645   	92.9825      	0.0466799  0.566936  	
0        	7       	0.828	0.116922    	92.4763      	0.0361963  0.300657  	
0        	8       	0.948	0.0373153   	88.5753      	0.124182   1.7631    	
0        	9       	0.064	0.0818753   	93.0922      	0.059041   1.15993   	
0        	10      	0.514	0.0758324   	92.7859      	0.0636537  1.34634   	
0        	11      	0.884	0.047038    	93.425       	0.0510676  0.713969  	
0        	12      	0.278	0.058767    	90.7229      	0.0752079  1.03017   	
0        	13      	0.37 	0.0452288   	90.8979      	0.0934326  1.8551    	
0        	14      	0.928	0.0556758   	91.7773      	0.0710076  1.09086   	
0        	15      	0.998	0.0775816   	92.6641      	0.056978   0.715347  	
0        	16      	0.928	0.132155    	92.5565      	0.0320838  0.341932  	
0        	17      	0.772	0.0515345   	92.4369      	0.0634288  1.38318   	
0        	18      	0.974	0.051508    	90.9749      	0.0915947  1.38806   	
0        	19      	0.95 	0.06692     	91.4633      	0.0641217  0.938305  	
0        	20      	0.054	0.00450343  	0            	0          0.00069   	
