0        	1       	0.122	0.0526507   	89.9241      	0.0906992  1.34901   	
0        	2       	0.926	0.00241812  	0            	0          0.000312  	
0        	3       	0.938	0.0470554   	87.1391      	0.102887   0.975981  	
0        	4       	0.16 	0.1072      	93.7845      	0.0308463  0.458083  	
0        	5       	0.084	0.0603862   	92.5628      	0.0558909  1.0847    	
0        	6       	0.954	0.00309599  	0            	0          0.00087   	
0        	7       	0.862	0.000256581 	0            	0          0.00051   	
0        	8       	0.954	0.0411828   	89.9699      	0.0951258  1.16443   	
0        	9       	0.564	0.0527291   	90.3295      	0.087015   1.53361   	
0        	10      	0.06 	0.114034    	92.7873      	0.0372509  0.673885  	
0        	11      	0.214	0.0305947   	87.4269      	0.14691    2.62135   	
0        	12      	0.548	0.113521    	94.711       	0.0340031  0.59868   	
0        	13      	0.214	0.0503469   	90.3949      	0.0924938  1.46372   	
0        	14      	0.81 	0.0532821   	92.1309      	0.0734282  1.23825   	
0        	15      	0.954	0.0486263   	91.7735      	0.069376   0.985333  	
0        	16      	0.072	0.00390933  	0            	0          0.000558  	
0        	17      	0.048	0.0335057   	88.9887      	0.11759    2.31599   	
0        	18      	0.548	0.0316984   	87.0795      	0.134065   1.53872   	
0        	19      	0.826	0.00388704  	0            	0          0.000312  	
0        	20      	0.868	0.0542491   	93.9321      	0.0338359  0.449508  	
