0        	1       	0.938	0.0565293   	91.9773      	0.074862   1.35204   	
0        	2       	0.382	0.0900085   	93.6907      	0.0426545  0.486414  	
0        	3       	0.132	0.0647969   	88.989       	0.0765877  0.490645  	
0        	4       	0.514	0.051274    	91.443       	0.0847227  1.57068   	
0        	5       	0.956	0.0707525   	92.0565      	0.0596659  0.641423  	
0        	6       	0.96 	0.0933608   	92.1097      	0.0498527  0.750234  	
0        	7       	0.916	0.0672318   	92.4222      	0.0654386  1.2767    	
0        	8       	0.74 	0.00418827  	0            	0          0.000936  	
0        	9       	0.87 	0.0461886   	90.8304      	0.0941248  1.728     	
0        	10      	0.3  	0.0640598   	92.6325      	0.0650074  1.23873   	
0        	11      	0.54 	0.152937    	94.0339      	0.025209   0.337047  	
0        	12      	0.368	0.0606988   	92.6215      	0.0603064  1.34818   	
0        	13      	0.726	0.0560985   	91.5074      	0.0829595  1.64476   	
0        	14      	0.828	0.00160765  	0            	0          0.000756  	
0        	15      	0.93 	0.116493    	93.2026      	0.0351062  0.415068  	
0        	16      	0.2  	0.0657243   	92.6424      	0.0597036  0.972335  	
0        	17      	0.044	0.0472789   	89.092       	0.0962067  1.23685   	
0        	18      	0.514	0.0346944   	89.7604      	0.0884251  1.19629   	
0        	19      	0.106	0.0367852   	95.0308      	0.0153846  0.262753  	
0        	20      	0.942	0.0418638   	89.931       	0.106583   1.7608    	
