0        	1       	0.476	0.0345017   	86.6102      	0.132526   1.38651   	
0        	2       	0.728	0.0396524   	89.3256      	0.116963   2.0639    	
0        	3       	0.368	0.0753199   	90.9812      	0.0653198  0.827846  	
0        	4       	0.124	0.0031388   	0            	0          0.000444  	
0        	5       	0.064	0.00419487  	0            	0          0.000444  	
0        	6       	0.438	0.0374558   	88.9097      	0.120744   1.8776    	
0        	7       	0.674	0.00459567  	0            	0          0.000444  	
0        	8       	0.59 	0.0052049   	0            	0          0.000624  	
0        	9       	0.96 	0.0260194   	85.2515      	0.181483   2.65886   	
0        	10      	0.906	0.0520622   	91.3902      	0.0841043  1.38639   	
0        	11      	0.914	0.00805623  	0            	0          0.00105   	
0        	12      	0.728	0.0059558   	0            	0          0.000378  	
0        	13      	0.944	0.037255    	88.7757      	0.12659    2.26603   	
0        	14      	0.93 	0.00641624  	0            	0          0.00087   	
0        	15      	0.682	0.030352    	89.2262      	0.115105   1.75786   	
0        	16      	0.58 	0.0643374   	92.2576      	0.0581553  1.19702   	
0        	17      	0.118	0.000747268 	0            	0          0.00069   	
0        	18      	0.94 	0.0741654   	92.6601      	0.0309917  0.265391  	
0        	19      	0.74 	0.0802502   	93.29        	0.0552012  1.0885    	
0        	20      	0.26 	0.0425495   	89.7633      	0.0938776  1.23478   	
