0        	1       	0.772	0.0593236   	92.6797      	0.0632151  1.08967   	
0        	2       	0.932	0.0299911   	90.6854      	0.0934038  1.38808   	
0        	3       	0.926	0.0402824   	90.4669      	0.0934326  1.59655   	
0        	4       	0.8  	0.0396074   	92.8421      	0.0608921  0.903265  	
0        	5       	0.914	0.226597    	91.8289      	0.0252781  0.188573  	
0        	6       	0.74 	0.0497955   	91.8146      	0.0784338  1.42315   	
0        	7       	0.956	0.0767348   	91.4839      	0.050782   0.525817  	
0        	8       	0.846	0.0525044   	92.2896      	0.059887   0.972985  	
0        	9       	0.054	0.086109    	92.9701      	0.0467363  0.861335  	
0        	10      	0.728	0.058991    	91.4202      	0.0813405  1.31207   	
0        	11      	0.944	0.0853094   	93.7401      	0.039574   0.674101  	
0        	12      	0.928	0.0161003   	91.2533      	0.0726022  0.675212  	
0        	13      	0.69 	0.129451    	93.8441      	0.0295958  0.300144  	
0        	14      	0.358	0.047345    	87.6038      	0.0962348  0.936293  	
0        	15      	0.896	0.0782446   	91.4413      	0.0653339  0.633009  	
0        	16      	0.868	0.060207    	92.4345      	0.0622105  1.16021   	
0        	17      	0.132	0.139771    	94.5316      	0.0351359  0.824006  	
0        	18      	0.682	0.208849    	93.4021      	0.0204113  0.262404  	
0        	19      	0.444	0.118572    	93.1793      	0.0406719  0.524041  	
0        	20      	0.972	0.0340348   	88.4656      	0.130087   1.99082   	
