0        	1       	0.078	0.0486961   	90.6179      	0.0973502  1.64596   	
0        	2       	0.958	0.061175    	92.7844      	0.0636672  1.31517   	
0        	3       	0.118	0.0719485   	92.7249      	0.0618104  1.64387   	
0        	4       	0.94 	0.00538086  	0            	0          0.000558  	
0        	5       	0.928	0.00380092  	0            	0          0.001182  	
0        	6       	0.548	0.0527729   	92.5781      	0.0469203  0.561149  	
0        	7       	0.862	0.0761196   	92.8196      	0.0633561  1.38456   	
0        	8       	0.932	0.0332546   	89.3857      	0.116304   2.13311   	
0        	9       	0.83 	0.00126661  	0            	0          0.000558  	
0        	10      	0.954	0.0293753   	87.3014      	0.144679   2.61053   	
0        	11      	0.934	0.0340967   	88.0595      	0.13282    1.9839    	
0        	12      	0.81 	0.00253402  	0            	0          0.000756  	
0        	13      	0.94 	0.0191453   	78.2288      	0.0802182  0.224717  	
0        	14      	0.736	0.00410041  	0            	0          0.000444  	
0        	15      	1    	0.0577747   	92.5907      	0.0609261  0.78729   	
0        	16      	0.96 	0.0469543   	90.8134      	0.0871262  1.45945   	
0        	17      	0.942	0.0986829   	93.0586      	0.031946   0.374581  	
0        	18      	0.93 	0.0679691   	91.0899      	0.0713147  0.939009  	
0        	19      	0.772	0.0421163   	88.8912      	0.106974   1.53393   	
0        	20      	0.94 	0.00677116  	0            	0          0.000576  	
