0        	1       	0.098	0.0558764   	93.2197      	0.0209754  0.22503   	
0        	2       	0.956	0.0530778   	90.8664      	0.0899041  1.5254    	
0        	3       	0.124	0.0404291   	89.3995      	0.108692   2.19377   	
0        	4       	0.43 	0.215631    	93.3309      	0.0206313  0.248916  	
0        	5       	0.944	0.052141    	90.9611      	0.089494   1.35605   	
0        	6       	0.928	0.110377    	91.4135      	0.0443459  0.413341  	
0        	7       	0.132	0.0597565   	92.0451      	0.0617856  0.822756  	
0        	8       	0.37 	0.0695477   	92.6685      	0.0603136  1.08684   	
0        	9       	0.916	0.0977344   	94.4274      	0.0336989  0.662266  	
0        	10      	0.914	0.0604803   	89.8584      	0.0640764  0.45368   	
0        	11      	0.408	0.0671015   	92.2619      	0.0696269  1.3476    	
0        	12      	0.958	0.0351461   	88.8527      	0.115665   1.42731   	
0        	13      	0.214	0.0343417   	92.7984      	0.0402073  0.525479  	
0        	14      	0.06 	0.137966    	94.3279      	0.032228   0.449334  	
0        	15      	0.782	0.051143    	92.6314      	0.0650175  0.976261  	
0        	16      	0.896	0.0428724   	91.0043      	0.0921687  1.42719   	
0        	17      	0.054	0.0838412   	93.5634      	0.040691   0.785675  	
0        	18      	0.972	0.0857313   	93.6099      	0.0235449  0.152728  	
0        	19      	0.96 	0.0462054   	90.1709      	0.0884422  1.09106   	
0        	20      	0.542	0.0512252   	91.2469      	0.0738495  0.974159  	
