0        	1       	0.622	0.0608868   	92.9933      	0.0560797  1.01219   	
0        	2       	0.972	0.0688181   	90.4567      	0.0691187  0.67699   	
0        	3       	0.258	0.0552244   	91.0407      	0.0849704  1.53593   	
0        	4       	0.826	0.0775661   	92.8287      	0.0302801  0.375097  	
0        	5       	0.948	0.0632322   	92.2479      	0.0723371  1.05686   	
0        	6       	0.972	0.00368521  	94.6077      	0.00489764 0.000717  	
0        	7       	0.906	0.0380742   	91.3746      	0.0804856  1.31164   	
0        	8       	0.67 	0.0407528   	90.1498      	0.0994965  1.86561   	
0        	9       	0.894	0.1143      	92.3118      	0.0369374  0.300314  	
0        	10      	0.064	0.056037    	91.6435      	0.0804704  1.42103   	
0        	11      	0.866	0.103642    	94.0689      	0.0419044  1.04855   	
0        	12      	0.93 	0.0547423   	93.1314      	0.0579498  1.12546   	
0        	13      	0.942	0.0857307   	93.3086      	0.0445104  0.747193  	
0        	14      	0.118	0.0473309   	90.9052      	0.0888421  1.68275   	
0        	15      	0.772	0.0673839   	91.911       	0.0511081  0.711053  	
0        	16      	0.924	0.0858633   	90.9993      	0.0568681  0.527621  	
0        	17      	0.948	0.0498681   	89.1496      	0.0936593  1.09277   	
0        	18      	0.662	0.0420976   	93.1646      	0.0475442  0.714636  	
0        	19      	0.542	0.158353    	92.4294      	0.0319659  0.375049  	
0        	20      	0.54 	0.0997441   	92.1594      	0.0495384  0.562525  	
