0        	1       	0.932	0.00541443  	0            	0          0.000936  	
0        	2       	0.564	0.0118733   	89.7018      	0.0379449  0.187631  	
0        	3       	0.914	0.0750667   	92.7598      	0.0625234  1.01269   	
0        	4       	0.972	0.0539748   	89.3691      	0.0874168  0.900043  	
0        	5       	0.408	0.0760941   	92.7756      	0.0609521  1.30911   	
0        	6       	0.94 	0.0277617   	93.6061      	0.0496617  0.74914   	
0        	7       	0.214	0.0987785   	90.0105      	0.0421793  0.374849  	
0        	8       	0.728	0.0477387   	89.0682      	0.0943619  1.05453   	
0        	9       	0.662	0.0412795   	91.3337      	0.0858053  1.57115   	
0        	10      	0.938	0.041559    	89.6873      	0.112094   1.85309   	
0        	11      	0.856	0.0567654   	91.924       	0.0664084  0.977365  	
0        	12      	0.476	0.0561067   	91.634       	0.0783274  1.48354   	
0        	13      	0.948	0.0355814   	87.9025      	0.126816   1.65144   	
0        	14      	0.776	0.0894411   	92.7364      	0.0482897  0.601255  	
0        	15      	0.078	0.0861615   	92.9464      	0.042061   0.5241    	
0        	16      	0.956	0.00483857  	0            	0          0.000444  	
0        	17      	0.16 	0.0324407   	87.7177      	0.0816549  0.712653  	
0        	18      	0.062	0.106921    	93.6449      	0.0460511  0.860261  	
0        	19      	0.604	0.0927753   	93.6278      	0.0274662  0.300059  	
0        	20      	1    	0.0279972   	85.7208      	0.165955   2.14467   	
