0        	1       	0.466	0.078863    	92.0055      	0.0579015  0.825417  	
0        	2       	0.94 	0.0183165   	90.7023      	0.0342583  0.225677  	
0        	3       	0.866	0.0983554   	94.0542      	0.0401741  0.526569  	
0        	4       	0.69 	0.0404628   	88.1749      	0.112108   1.16762   	
0        	5       	0.082	0.0488895   	93.1127      	0.0513301  1.06594   	
0        	6       	0.926	0.0442777   	89.3123      	0.0997299  1.13108   	
0        	7       	0.952	0.0397271   	90.8902      	0.0935115  1.57979   	
0        	8       	0.59 	0.0661167   	92.5224      	0.0580783  1.16014   	
0        	9       	0.564	0.0934442   	92.2708      	0.0431262  0.449327  	
0        	10      	0.928	0.0399494   	90.8362      	0.0918914  1.72185   	
0        	11      	0.16 	0.102847    	93.2782      	0.0447127  0.860309  	
0        	12      	0.072	0.0368307   	92.8875      	0.0472851  0.599384  	
0        	13      	0.108	0.0429278   	90.1317      	0.0963632  1.57389   	
0        	14      	0.06 	0.0686875   	91.153       	0.0686813  0.786531  	
0        	15      	0.944	0.0431167   	91.5616      	0.0824302  1.42212   	
0        	16      	0.482	0.0867627   	93.9168      	0.0463894  1.12216   	
0        	17      	0.118	0.0850254   	93.1659      	0.0574566  1.03654   	
0        	18      	0.316	0.139183    	93.4142      	0.0367467  0.673729  	
0        	19      	0.466	0.213768    	94.4282      	0.0240163  0.449485  	
0        	20      	0.846	0.197783    	94.479       	0.0233281  0.267948  	
