0        	1       	0.948	0.0389028   	91.4767      	0.0795334  1.16565   	
0        	2       	0.132	0.0503528   	89.2822      	0.092554   1.27431   	
0        	3       	0.15 	0.0364877   	93.2134      	0.0243772  0.188339  	
0        	4       	0.914	0.0316582   	87.795       	0.129194   1.46378   	
0        	5       	0.958	0.0389406   	88.783       	0.116389   1.61487   	
0        	6       	0.93 	0.083974    	94.2692      	0.0296165  0.489263  	
0        	7       	0.476	0.116903    	92.5061      	0.0316422  0.301119  	
0        	8       	0.548	0.0724451   	92.1075      	0.0674572  1.04725   	
0        	9       	0.118	0.263395    	95.2041      	0.0117069  0.112781  	
0        	10      	0.22 	0.17063     	92.7543      	0.0272807  0.300168  	
0        	11      	0.548	0.0478904   	88.9578      	0.0953562  1.12183   	
0        	12      	0.542	0.0728039   	92.7345      	0.0581515  0.853111  	
0        	13      	0.826	0.0182621   	92.5424      	0.0634417  1.01265   	
0        	14      	0.956	0.0504339   	92.0356      	0.0671948  1.08998   	
0        	15      	0.854	0.0373025   	91.2382      	0.0878602  1.57173   	
0        	16      	0.922	0.0493213   	93.0199      	0.0572634  1.02797   	
0        	17      	0.952	0.0443813   	90.2395      	0.103318   1.72463   	
0        	18      	0.062	0.0802616   	90.5007      	0.0566444  0.675438  	
0        	19      	0.846	0.0337801   	92.9618      	0.0537526  0.823393  	
0        	20      	0.084	0.156304    	94.7305      	0.0277527  0.336929  	
