0        	1       	0.942	0.0534899   	92.7249      	0.0598504  0.937273  	
0        	2       	0.94 	0.0312968   	86.3045      	0.143522   1.57527   	
0        	3       	0.956	0.106243    	88.6405      	0.041855   0.263342  	
0        	4       	0.94 	0.0550041   	93.9723      	0.0452981  1.12125   	
0        	5       	0.06 	0.0741983   	91.5293      	0.0657597  0.898849  	
0        	6       	0.122	0.0619106   	92.8997      	0.0620925  1.12269   	
0        	7       	0.938	0.0340543   	89.1874      	0.0812568  0.787717  	
0        	8       	0.466	0.0553304   	93.0287      	0.0588162  1.19687   	
0        	9       	0.936	0.057152    	94.9465      	0.0261165  0.413474  	
0        	10      	0.73 	0.063563    	92.1553      	0.0746802  1.19792   	
0        	11      	0.964	0.0734518   	92.6819      	0.0530022  0.751467  	
0        	12      	0.938	0.0655395   	91.183       	0.0684814  1.31042   	
0        	13      	0.466	0.0342163   	91.1608      	0.0215765  0.115194  	
0        	14      	0.448	0.0617664   	93.1348      	0.0564777  1.16115   	
0        	15      	0.382	0.0696841   	90.8074      	0.0690481  0.786215  	
0        	16      	0.928	0.048243    	91.239       	0.0878522  1.72518   	
0        	17      	0.54 	0.0428491   	94.0161      	0.0375914  0.658299  	
0        	18      	0.942	0.0642253   	92.3559      	0.0693272  1.14574   	
0        	19      	0.914	0.0523657   	90.3832      	0.0897364  1.31221   	
0        	20      	0.07 	0.211113    	93.9313      	0.0148258  0.297273  	
