0        	1       	0.956	0.0426713   	89.9271      	0.107616   1.99114   	
0        	2       	0.674	0.0474281   	88.7597      	0.10114    1.2349    	
0        	3       	0.924	0.00288713  	0            	0          0.000444  	
0        	4       	0.862	0.0691993   	91.8097      	0.0664608  0.938453  	
0        	5       	0.564	0.00294676  	0            	0          0.000642  	
0        	6       	0.226	0.0276677   	91.7701      	0.0547445  0.598403  	
0        	7       	0.514	0.098145    	92.3655      	0.0360119  0.637259  	
0        	8       	0.944	0.0547959   	91.0314      	0.0863644  1.27315   	
0        	9       	0.958	0.0371434   	88.6307      	0.127361   1.99253   	
0        	10      	0.202	0.0442262   	84.7163      	0.101609   0.751132  	
0        	11      	0.206	0.0463832   	94.3995      	0.0230947  0.224796  	
0        	12      	0.772	0.0446382   	91.1503      	0.0876205  1.64769   	
0        	13      	0.932	0.0250237   	87.2755      	0.144631   2.39758   	
0        	14      	0.74 	0.0655238   	91.0179      	0.0674673  1.08487   	
0        	15      	0.948	0.0398724   	90.2934      	0.102747   1.79827   	
0        	16      	0.736	0.0430803   	89.7859      	0.0983582  1.49923   	
0        	17      	0.942	0.00437033  	0            	0          0.00051   	
0        	18      	0.912	0.00596752  	0            	0          0.000576  	
0        	19      	0.084	0.259276    	93.5533      	0.0204009  0.449587  	
0        	20      	0.122	0.00534229  	0            	0          0.000642  	
