0        	1       	0.216	0.0740363   	91.8436      	0.0476145  0.561545  	
0        	2       	0.118	0.0617685   	90.4707      	0.0739782  0.974711  	
0        	3       	0.072	0.0355619   	92.1322      	0.0734169  1.45768   	
0        	4       	0.592	0.0570965   	91.7122      	0.0643397  0.786296  	
0        	5       	0.662	0.0633313   	91.7516      	0.074219   1.31019   	
0        	6       	0.914	0.0786176   	92.9062      	0.0514044  0.939099  	
0        	7       	0.952	0.0321676   	85.4878      	0.14171    1.49708   	
0        	8       	0.938	0.11516     	93.2676      	0.0164339  0.078959  	
0        	9       	0.064	0.0359736   	90.4971      	0.0801755  0.972281  	
0        	10      	0.94 	0.061826    	90.3857      	0.0769509  0.788316  	
0        	11      	0.408	0.0282675   	92.6273      	0.0572462  1.04943   	
0        	12      	0.682	0.0420587   	89.7439      	0.109574   1.90833   	
0        	13      	0.152	0.0026393   	0            	0          0.00051   	
0        	14      	0.67 	0.0572234   	91.6127      	0.06713    0.898809  	
0        	15      	0.956	0.0407931   	90.1482      	0.102223   1.61759   	
0        	16      	0.688	0.070859    	93.5099      	0.0335191  0.376205  	
0        	17      	0.922	0.0422492   	90.423       	0.0993727  1.8391    	
0        	18      	0.912	0.100628    	93.1108      	0.0543026  0.749297  	
0        	19      	0.226	0.00298873  	0            	0          0.000444  	
0        	20      	0.954	0.150273    	92.7739      	0.0352983  0.419029  	
