0        	1       	0.94 	0.0407003   	88.4373      	0.117348   1.38693   	
0        	2       	0.8  	0.13357     	94.4965      	0.037207   0.637792  	
0        	3       	0.942	0.0852342   	93.1192      	0.0570758  0.892097  	
0        	4       	0.662	0.212832    	94.6006      	0.0170867  0.225235  	
0        	5       	1    	0.024282    	84.6402      	0.183804   2.25316   	
0        	6       	0.954	0.00487714  	0            	0          0.000756  	
0        	7       	0.736	0.129512    	94.8036      	0.034685   0.786386  	
0        	8       	0.95 	0.058176    	90.7487      	0.0816295  1.15942   	
0        	9       	0.456	0.0121765   	0            	0          0.001314  	
0        	10      	0.862	0.0684153   	92.9022      	0.054297   0.965789  	
0        	11      	0.456	0.0408555   	95.4277      	0.0168469  0.187487  	
0        	12      	0.926	0.0484207   	91.3482      	0.085661   1.68795   	
0        	13      	0.408	0.0962456   	94.0662      	0.0482422  1.0849    	
0        	14      	0.344	0.0612885   	91.1482      	0.0665218  0.899948  	
0        	15      	0.072	0.0444575   	89.9125      	0.103547   1.79476   	
0        	16      	0.748	0.0840608   	91.851       	0.0541761  0.748349  	
0        	17      	0.078	0.049037    	86.4379      	0.0982249  0.786185  	
0        	18      	0.948	0.00503415  	0            	0          0.00051   	
0        	19      	0.736	0.0703604   	93.0337      	0.0484803  0.822977  	
0        	20      	0.952	0.0358169   	89.0148      	0.122193   1.88065   	
