0        	1       	0.662	0.118557    	91.9192      	0.03412    0.412399  	
0        	2       	1    	0.00329409  	0            	0          0.000378  	
0        	3       	0.81 	0.01756     	91.1132      	0.0825502  1.31175   	
0        	4       	0.3  	0.0215883   	92.5606      	0.0585271  0.936097  	
0        	5       	0.952	0.0295695   	87.2929      	0.144247   2.02806   	
0        	6       	0.856	0.0462198   	91.271       	0.0840255  1.61284   	
0        	7       	0.938	0.00478606  	0            	0          0.000378  	
0        	8       	0.408	0.154942    	95.6577      	0.016349   0.299891  	
0        	9       	0.942	0.0278417   	88.1234      	0.129651   2.15201   	
0        	10      	0.938	0.0787101   	93.2451      	0.0427035  0.67571   	
0        	11      	0.072	0.0487354   	93.666       	0.0483515  0.675071  	
0        	12      	1    	0.0332764   	87.3168      	0.14208    1.83821   	
0        	13      	0.772	0.0898239   	91.6639      	0.0526997  0.637077  	
0        	14      	0.928	0.0156461   	92.7959      	0.0304183  0.337921  	
0        	15      	0.548	0.00861954  	0            	0          0.000444  	
0        	16      	0.94 	0.036051    	90.6769      	0.0822626  1.01098   	
0        	17      	0.728	0.0307265   	84.8319      	0.148116   1.23631   	
0        	18      	0.58 	0.116606    	93.8912      	0.0364485  0.748141  	
0        	19      	0.466	0.0485878   	91.3417      	0.0807619  1.60855   	
0        	20      	0.564	0.129022    	93.7444      	0.0408861  0.580775  	
