0        	1       	0.846	0.0801335   	92.5996      	0.0441287  0.676611  	
0        	2       	0.952	0.0457455   	89.4571      	0.0959539  1.13308   	
0        	3       	0.69 	0.199263    	93.9444      	0.0261017  0.225167  	
0        	4       	0.084	0.0691826   	92.4129      	0.0703924  1.60815   	
0        	5       	0.268	0.0818521   	92.8861      	0.0592827  1.04978   	
0        	6       	0.05 	0.0855732   	95.5409      	0.0108936  0.112644  	
0        	7       	0.914	0.0411208   	88.1551      	0.0706314  0.452079  	
0        	8       	0.856	0.0888739   	93.1647      	0.0547081  1.01267   	
0        	9       	0.548	0.0405715   	90.4141      	0.0827438  0.973328  	
0        	10      	0.084	0.109749    	94.8878      	0.0305027  0.785622  	
0        	11      	0.772	0.0618156   	93.4752      	0.0506778  1.01156   	
0        	12      	0.954	0.0436455   	89.9405      	0.102058   1.75188   	
0        	13      	0.94 	0.0524692   	91.6062      	0.0796077  1.27381   	
0        	14      	0.944	0.0602518   	91.6784      	0.070178   0.902891  	
0        	15      	0.95 	0.0278421   	92.1384      	0.0723742  1.16217   	
0        	16      	0.09 	0.00451159  	0            	0          0.001248  	
0        	17      	0.928	0.0607682   	92.9876      	0.04662    0.638491  	
0        	18      	0.514	0.0506142   	89.3412      	0.0920048  1.27167   	
0        	19      	0.466	0.0532141   	91.7113      	0.0746117  1.30882   	
0        	20      	0.476	0.0314899   	92.7902      	0.0602573  1.03605   	
