0        	1       	0.772	0.0527681   	92.3532      	0.0322876  0.337585  	
0        	2       	0.912	0.0271313   	85.6798      	0.163575   2.06601   	
0        	3       	0.952	0.0801014   	89.5774      	0.0621504  0.414291  	
0        	4       	0.05 	0.0520093   	90.9741      	0.0869158  1.49568   	
0        	5       	0.682	0.141719    	94.5171      	0.0258627  0.523921  	
0        	6       	0.942	0.00638924  	0            	0          0.000624  	
0        	7       	0.826	0.00439193  	0            	0          0.000312  	
0        	8       	0.782	0.0585246   	90.5274      	0.0629756  0.601196  	
0        	9       	0.662	0.00463322  	0            	0          0.000378  	
0        	10      	0.084	0.0298469   	89.2697      	0.0926226  1.08519   	
0        	11      	0.054	0.101825    	91.3558      	0.0482315  0.374309  	
0        	12      	0.38 	0.0415987   	90.3314      	0.102297   1.49899   	
0        	13      	0.772	0.0437125   	89.0132      	0.109516   1.37376   	
0        	14      	0.662	0.0614521   	91.8926      	0.0715356  1.19778   	
0        	15      	0.81 	0.110009    	92.3644      	0.050966   0.416711  	
0        	16      	0.158	0.0282247   	86.7757      	0.153665   2.65733   	
0        	17      	0.366	0.0624947   	91.8897      	0.0707649  1.23523   	
0        	18      	0.06 	0.0521092   	91.832       	0.0786544  1.72126   	
0        	19      	0.674	0.0670365   	91.6964      	0.0683112  0.823936  	
0        	20      	0.956	0.00412076  	0            	0          0.000378  	
