0        	1       	0.952	0.00279766  	0            	0          0.00069   	
0        	2       	0.926	0.00576681  	0            	0          0.000378  	
0        	3       	0.938	0.026164    	85.5824      	0.17612    2.80966   	
0        	4       	0.476	0.00160459  	0            	0          0.00069   	
0        	5       	0.06 	0.0336328   	84.0033      	0.127974   0.86106   	
0        	6       	0.456	0.00854363  	0            	0          0.001182  	
0        	7       	0.94 	0.0412823   	89.6907      	0.105504   1.84519   	
0        	8       	0.368	0.0475878   	91.0824      	0.0905032  1.79506   	
0        	9       	0.062	0.0559081   	90.8253      	0.0841381  1.57056   	
0        	10      	0.846	0.0346713   	89.1692      	0.105762   1.23869   	
0        	11      	0.81 	0.0215593   	93.707       	0.0447671  0.673319  	
0        	12      	0.96 	0.0999665   	92.6601      	0.0518859  0.451228  	
0        	13      	0.954	0.0399222   	89.3592      	0.115661   2.1375    	
0        	14      	0.098	0.00498689  	0            	0          0.000378  	
0        	15      	0.15 	0.00510293  	0            	0          0.000444  	
0        	16      	0.238	0.0482775   	89.3133      	0.0743324  0.860916  	
0        	17      	0.884	0.0289113   	86.9996      	0.151904   2.35823   	
0        	18      	0.118	0.0717353   	89.2045      	0.070685   0.601025  	
0        	19      	0.782	0.0556101   	92.2718      	0.0667379  1.08682   	
0        	20      	0.678	0.00164366  	0            	0          0.00069   	
