0        	1       	0.948	0.000889803 	94.0412      	0.00541213 0.000429  	
0        	2       	0.926	0.0888616   	94.3342      	0.035798   0.714701  	
0        	3       	0.826	0.00412372  	0            	0          0.000378  	
0        	4       	0.082	0.077288    	92.4056      	0.0607838  0.975435  	
0        	5       	0.942	0.0371172   	89.7799      	0.102448   1.3187    	
0        	6       	0.81 	0.0498463   	90.5213      	0.0912761  1.31      	
0        	7       	0.476	0.109576    	94.3016      	0.0396571  0.825313  	
0        	8       	0.06 	0.0323727   	89.6512      	0.108522   1.95778   	
0        	9       	0.476	0.0443862   	89.3018      	0.101424   1.19924   	
0        	10      	0.124	0.0574033   	91.311       	0.0781833  1.27805   	
0        	11      	0.22 	0.0782956   	93.277       	0.0538094  1.0847    	
0        	12      	0.132	0.0551271   	91.1408      	0.0826674  1.38766   	
0        	13      	0.064	0.0844543   	91.9595      	0.0479455  0.636677  	
0        	14      	0.514	0.0468457   	91.5658      	0.0787014  1.57299   	
0        	15      	0.906	0.0675142   	90.2547      	0.0706179  0.828835  	
0        	16      	0.07 	0.00449693  	0            	0          0.000444  	
0        	17      	0.052	0.0850461   	93.4564      	0.0523738  1.16131   	
0        	18      	0.81 	0.0686278   	92.4107      	0.0669643  1.09025   	
0        	19      	0.548	0.00340588  	0            	0          0.000624  	
0        	20      	0.928	0.0215929   	92.1318      	0.07249    1.09616   	
