0        	1       	0.906	0.00501377  	0            	0          0.00192   	
0        	2       	0.102	0.0613836   	92.1385      	0.050512   0.898025  	
0        	3       	0.062	0.024357    	93.6856      	0.0449193  0.635963  	
0        	4       	0.772	0.00405784  	0            	0          0.001674  	
0        	5       	0.202	0.0358361   	88.4959      	0.129746   2.3561    	
0        	6       	0.158	0.0645605   	92.0323      	0.0725833  1.34624   	
0        	7       	0.258	0.0577514   	89.8288      	0.0789617  0.897776  	
0        	8       	0.928	0.0461154   	89.6962      	0.103898   1.52423   	
0        	9       	0.93 	0.0253074   	91.3893      	0.0405891  0.377837  	
0        	10      	0.932	0.03928     	90.3511      	0.0955991  1.46123   	
0        	11      	0.916	0.00412715  	0            	0          0.000444  	
0        	12      	0.604	0.0278218   	91.6966      	0.0723873  1.20946   	
0        	13      	0.158	0.0397565   	91.5901      	0.0829927  1.42108   	
0        	14      	0.894	0.0442572   	90.5888      	0.0918993  1.27668   	
0        	15      	0.932	0.0328237   	91.3622      	0.0364719  0.301029  	
0        	16      	0.15 	0.0454289   	88.2585      	0.105693   1.16082   	
0        	17      	0.932	0.0379658   	90.054       	0.072035   0.678039  	
0        	18      	0.938	0.00417732  	0            	0          0.000756  	
0        	19      	0.95 	0.0484018   	90.7932      	0.0945064  1.46523   	
0        	20      	0.54 	0.051612    	92.5523      	0.0596094  1.16508   	
