0        	1       	0.06 	0.070299    	92.8047      	0.0521396  0.93516   	
0        	2       	0.972	0.00360881  	0            	0          0.000378  	
0        	3       	1    	0.0768388   	93.3603      	0.0441664  0.786809  	
0        	4       	0.202	0.039308    	90.3649      	0.0995175  1.77193   	
0        	5       	0.466	0.112301    	93.5039      	0.0417632  0.822911  	
0        	6       	0.794	0.034857    	88.768       	0.12123    2.16085   	
0        	7       	0.948	0.0403095   	88.4215      	0.117509   1.31488   	
0        	8       	0.912	0.00743652  	0            	0          0.000378  	
0        	9       	0.482	0.0610698   	91.7406      	0.0803983  1.30877   	
0        	10      	0.16 	0.0743427   	92.0158      	0.0620131  1.12201   	
0        	11      	0.288	0.110584    	94.5817      	0.0302511  0.561197  	
0        	12      	0.936	0.0983054   	92.2476      	0.0462556  0.488641  	
0        	13      	0.132	0.0401444   	89.6921      	0.0889759  1.08925   	
0        	14      	0.96 	0.0427137   	90.1758      	0.0986031  1.66815   	
0        	15      	0.19 	0.0931851   	90.8395      	0.0283386  0.188121  	
0        	16      	0.67 	0.0539742   	89.2125      	0.0887049  1.01273   	
0        	17      	0.668	0.00184052  	0            	0          0.001296  	
0        	18      	0.736	0.0427632   	93.0228      	0.0558439  0.861875  	
0        	19      	0.94 	0.0388983   	88.4205      	0.120216   1.55137   	
0        	20      	0.916	0.104819    	91.9849      	0.0477943  0.785761  	
