0        	1       	0.932	0.00522323  	0            	0          0.000378  	
0        	2       	0.368	0.16515     	94.2568      	0.0239799  0.436732  	
0        	3       	0.928	0.0372488   	91.802       	0.0737958  1.31235   	
0        	4       	0.948	0.00195668  	0            	0          0.00087   	
0        	5       	0.676	0.0574589   	88.5805      	0.0637168  0.523962  	
0        	6       	0.59 	0.0280599   	86.8463      	0.153721   2.63443   	
0        	7       	0.8  	0.153077    	89.2331      	0.0333084  0.262589  	
0        	8       	0.174	0.00868124  	0            	0          0.000444  	
0        	9       	0.954	0.00676164  	0            	0          0.000804  	
0        	10      	0.132	0.10537     	93.1315      	0.0434216  0.673323  	
0        	11      	0.728	0.0351235   	88.8274      	0.124278   2.24741   	
0        	12      	0.772	0.0630638   	91.9825      	0.0760387  1.30937   	
0        	13      	0.912	0.0242117   	79.4113      	0.195191   1.2728    	
0        	14      	0.476	0.062738    	92.6179      	0.0664512  1.53334   	
0        	15      	0.914	0.0436593   	89.4581      	0.106952   1.64857   	
0        	16      	0.22 	0.000614804 	0            	0          0.000378  	
0        	17      	0.826	0.0502915   	91.107       	0.0891759  1.53889   	
0        	18      	0.2  	0.0286946   	93.8671      	0.0452721  0.748774  	
0        	19      	0.718	0.0039804   	0            	0          0.000378  	
0        	20      	0.93 	0.0279676   	87.7403      	0.142485   2.43818   	
