0        	1       	0.948	0.0397147   	89.5402      	0.10861    1.98519   	
0        	2       	0.894	0.00060206  	93.7333      	0.00569184 0.000429  	
0        	3       	0.914	0.0607852   	89.739       	0.0770733  0.75261   	
0        	4       	0.794	0.0516411   	93.1456      	0.0555937  0.639889  	
0        	5       	0.948	0.173946    	94.6681      	0.0225293  0.302362  	
0        	6       	0.956	0.0310592   	86.4614      	0.138926   1.61272   	
0        	7       	0.938	0.059948    	91.5745      	0.0799254  1.47484   	
0        	8       	0.064	0.0508277   	91.0929      	0.0903968  1.72199   	
0        	9       	0.564	0.044269    	89.9783      	0.101709   2.01918   	
0        	10      	0.772	0.00147584  	0            	0          0.001002  	
0        	11      	0.928	0.0731278   	95.7578      	0.00970026 0.388937  	
0        	12      	0.932	0.0542161   	91.4711      	0.0752553  1.23464   	
0        	13      	0.954	0.0687154   	92.7936      	0.057678   1.16347   	
0        	14      	0.564	0.00379768  	0            	0          0.00069   	
0        	15      	0.944	0.0381092   	88.8105      	0.0920528  1.08581   	
0        	16      	0.156	0.0706261   	93.1471      	0.0578175  1.45802   	
0        	17      	0.956	0.0400635   	89.4574      	0.115519   1.9875    	
0        	18      	0.26 	0.0064248   	94.4983      	0.004997   0.000548  	
0        	19      	0.914	0.0131492   	0            	0          0.00051   	
0        	20      	0.682	0.076739    	93.244       	0.0607552  1.00993   	
