0        	1       	0.926	0.0715124   	92.5711      	0.0655492  1.20521   	
0        	2       	0.972	0.0237083   	84.3307      	0.187551   2.73245   	
0        	3       	0.95 	0.0410986   	93.3148      	0.0510562  0.900175  	
0        	4       	0.928	0.0332632   	91.3148      	0.0859924  1.4606    	
0        	5       	0.336	0.0583225   	92.344       	0.065436   1.15932   	
0        	6       	0.938	0.124585    	92.7218      	0.0406101  0.490261  	
0        	7       	0.046	0.0197653   	0            	0          0.000756  	
0        	8       	0.956	0.00242599  	0            	0          0.000756  	
0        	9       	0.884	0.0513055   	91.2826      	0.0813866  1.76116   	
0        	10      	0.81 	0.0613958   	92.712       	0.048479   0.934775  	
0        	11      	0.098	0.00476217  	0            	0          0.000444  	
0        	12      	0.564	0.00345803  	0            	0          0.000444  	
0        	13      	0.94 	0.0899614   	91.624       	0.0308623  0.150085  	
0        	14      	0.926	0.0891701   	93.7376      	0.0230744  0.262782  	
0        	15      	0.96 	0.0742209   	92.1383      	0.0646761  0.976889  	
0        	16      	0.95 	0.0338642   	91.4709      	0.0844467  1.6882    	
0        	17      	0.376	0.0446669   	89.426       	0.0969319  1.38686   	
0        	18      	0.58 	0.0431414   	89.6983      	0.103302   1.75749   	
0        	19      	0.082	0.0783252   	92.9276      	0.0610743  1.12245   	
0        	20      	0.54 	0.0685155   	93.2246      	0.0349926  0.486794  	
