0        	1       	0.15 	0.087947    	93.0796      	0.0537508  0.825637  	
0        	2       	0.15 	0.0661043   	91.8888      	0.0382347  0.411959  	
0        	3       	0.944	0.0491771   	91.0963      	0.089283   1.42803   	
0        	4       	0.078	0.0255869   	94.7636      	0.0231405  0.263169  	
0        	5       	0.382	0.0667168   	89.9959      	0.0724563  0.861097  	
0        	6       	0.938	0.106446    	92.5641      	0.0470085  0.711392  	
0        	7       	0.964	0.0475323   	92.1061      	0.0736603  1.42754   	
0        	8       	0.06 	0.0504951   	90.6744      	0.0822497  1.30946   	
0        	9       	0.67 	0.0636597   	91.9469      	0.064455   0.825627  	
0        	10      	0.316	0.0362777   	92.9968      	0.0566804  0.935624  	
0        	11      	0.58 	0.0196439   	86.1978      	0.0999643  0.562575  	
0        	12      	0.514	0.139505    	95.5185      	0.0211391  0.524074  	
0        	13      	0.084	0.0458172   	92.9404      	0.059535   1.23439   	
0        	14      	0.94 	0.089369    	90.3268      	0.053973   0.599828  	
0        	15      	0.06 	0.129109    	94.626       	0.0258541  0.337623  	
0        	16      	0.078	0.129936    	94.7997      	0.0273701  0.505847  	
0        	17      	0.564	0.0537137   	91.8943      	0.0693314  1.45205   	
0        	18      	0.064	0.0475896   	88.2397      	0.0912981  0.786327  	
0        	19      	0.936	0.0429142   	89.5446      	0.110673   1.61687   	
0        	20      	0.226	0.0588843   	91.9839      	0.0701562  1.52915   	
