0        	1       	0.922	0.0634377   	89.2802      	0.0677298  0.676744  	
0        	2       	0.914	0.0382183   	87.9089      	0.124114   1.72284   	
0        	3       	0.054	0.00159447  	0            	0          0.000444  	
0        	4       	0.928	0.00422247  	0            	0          0.000444  	
0        	5       	0.202	0.00745693  	0            	0          0.000444  	
0        	6       	0.952	0.025357    	85.5116      	0.176986   2.80931   	
0        	7       	0.102	0.0317841   	85.1277      	0.125421   1.12218   	
0        	8       	0.108	0.0043226   	0            	0          0.00069   	
0        	9       	0.36 	0.0486154   	90.7776      	0.0903859  1.67596   	
0        	10      	0.914	0.0636011   	92.0876      	0.0738325  1.46088   	
0        	11      	0.558	0.289677    	91.0865      	0.0217581  0.076078  	
0        	12      	0.952	0.0250422   	84.4791      	0.187368   2.58929   	
0        	13      	0.926	0.00689544  	0            	0          0.000822  	
0        	14      	0.376	0.0112047   	0            	0          0.00051   	
0        	15      	0.794	0.0552671   	90.9255      	0.07833    1.27453   	
0        	16      	0.476	0.11326     	92.2247      	0.0401566  0.451555  	
0        	17      	0.514	0.0387332   	88.9196      	0.122349   2.16856   	
0        	18      	0.108	0.0407873   	37.4076      	0.0568505  0.000701  	
0        	19      	0.604	0.0425642   	92.1983      	0.0697667  1.49701   	
0        	20      	0.118	0.101353    	93.8744      	0.0443881  1.15969   	
