0        	1       	0.894	0.00297196  	0            	0          0.00069   	
0        	2       	0.05 	0.00344536  	0            	0          0.000624  	
0        	3       	0.54 	0.00481654  	0            	0          0.001002  	
0        	4       	0.828	0.0164257   	0            	0.268456   0.038735  	
0        	5       	0.128	0.0218198   	83.1088      	0.214924   3.36499   	
0        	6       	0.826	0.00280058  	0            	0          0.000558  	
0        	7       	0.932	0.0223542   	83.5141      	0.204869   3.15985   	
0        	8       	0.258	0.00468895  	0            	0          0.001002  	
0        	9       	0.964	0.0010061   	0            	0          0.000624  	
0        	10      	0.96 	0.00704358  	0            	0          0.000558  	
0        	11      	0.94 	0.035214    	88.3065      	0.13281    1.94638   	
0        	12      	0.05 	0.00239386  	0            	0          0.000756  	
0        	13      	0.662	0.0302798   	87.1875      	0.147232   2.20751   	
0        	14      	0.896	0.00332079  	0            	0          0.000312  	
0        	15      	0.572	0.0387414   	89.3502      	0.113622   2.08974   	
0        	16      	0.126	0.0418942   	89.5957      	0.111157   2.0554    	
0        	17      	0.408	0.00252923  	0            	0          0.000444  	
0        	18      	0.548	0.00486292  	0            	0          0.000378  	
0        	19      	0.964	0.00597793  	0            	0          0.000312  	
0        	20      	0.944	0.0218849   	84.2612      	0.196886   3.22133   	
