0        	1       	0.94 	0.0531221   	91.4353      	0.0836639  1.35477   	
0        	2       	0.928	0.0633306   	93.6263      	0.0235018  0.300129  	
0        	3       	0.944	0.0705566   	92.2625      	0.0668181  1.19849   	
0        	4       	0.94 	0.0034568   	0            	0          0.000312  	
0        	5       	0.952	0.0347693   	87.2816      	0.129077   1.57732   	
0        	6       	0.15 	0.0896646   	93.3877      	0.0529232  1.02868   	
0        	7       	0.928	0.031799    	88.1588      	0.136071   2.17651   	
0        	8       	0.95 	0.0201172   	0            	0          0.001986  	
0        	9       	0.476	0.0788549   	92.3063      	0.0615786  0.8603    	
0        	10      	0.948	0.0361171   	89.481       	0.11526    1.87527   	
0        	11      	0.108	0.00211805  	0            	0          0.000558  	
0        	12      	0.952	0.0792027   	92.8938      	0.0534036  0.6755    	
0        	13      	0.926	0.0931315   	92.3613      	0.0455768  0.379494  	
0        	14      	0.94 	0.0442149   	87.5477      	0.107486   0.937043  	
0        	15      	0.772	0.0378001   	91.0645      	0.0884704  1.49631   	
0        	16      	0.772	0.103959    	94.05        	0.0402253  0.674523  	
0        	17      	0.066	0.0538494   	91.3445      	0.0856977  1.72013   	
0        	18      	0.94 	0.0646708   	91.9517      	0.0624805  1.04893   	
0        	19      	0.05 	0.0374616   	93.7304      	0.0421992  0.888989  	
0        	20      	0.894	0.00337636  	0            	0          0.000312  	
