0        	1       	0.268	0.00150929  	0            	0          0.00069   	
0        	2       	0.826	0.0532962   	91.2103      	0.0881405  1.64993   	
0        	3       	0.944	0.0411749   	89.7912      	0.107018   1.72738   	
0        	4       	0.676	0.0927741   	94.0269      	0.0397101  0.637079  	
0        	5       	0.59 	0.0458765   	90.0083      	0.100159   1.57312   	
0        	6       	0.466	0.0540222   	90.6447      	0.0825472  1.1593    	
0        	7       	0.948	0.31637     	93.1623      	0.0117385  0.075787  	
0        	8       	0.928	0.00226377  	0            	0          0.000312  	
0        	9       	0.958	0.0472973   	90.118       	0.100291   1.53875   	
0        	10      	0.94 	0.00503929  	0            	0          0.001002  	
0        	11      	0.942	0.0580788   	91.7074      	0.0462701  0.412436  	
0        	12      	0.354	0.0628768   	92.249       	0.0693126  1.60867   	
0        	13      	0.268	0.105127    	93.6505      	0.0429261  0.712501  	
0        	14      	0.078	0.0897011   	91.2806      	0.0560567  0.841202  	
0        	15      	0.06 	0.000514935 	0            	0          0.000444  	
0        	16      	0.282	0.0425488   	90.65        	0.0959455  1.90841   	
0        	17      	0.96 	0.00601976  	0            	0          0.000444  	
0        	18      	0.54 	0.0444694   	90.4638      	0.0904421  1.2754    	
0        	19      	0.96 	0.0462526   	90.3043      	0.102632   1.61504   	
0        	20      	0.258	0.040501    	90.9244      	0.0921065  1.60844   	
