0        	1       	0.456	0.165222    	94.1615      	0.0142518  0.1875    	
0        	2       	0.674	0.0430957   	89.7333      	0.109687   2.09463   	
0        	3       	0.06 	0.0449832   	93.4815      	0.0445297  0.637115  	
0        	4       	0.956	0.0282807   	86.1152      	0.165447   2.47375   	
0        	5       	0.132	0.0685856   	93.0718      	0.0489495  0.598914  	
0        	6       	0.132	0.0616467   	91.0998      	0.0731856  1.01232   	
0        	7       	0.938	0.0487793   	90.629       	0.0915068  1.53417   	
0        	8       	0.06 	0.0509251   	91.5055      	0.080562   1.45906   	
0        	9       	0.846	0.00741316  	0            	0          0.000756  	
0        	10      	0.514	0.0692319   	91.6972      	0.062396   0.935117  	
0        	11      	0.87 	0.0322596   	89.6805      	0.112169   1.87012   	
0        	12      	0.794	0.00915178  	0            	0          0.000444  	
0        	13      	0.94 	0.0807963   	90.8503      	0.0578095  0.715726  	
0        	14      	0.972	0.0201852   	88.5698      	0.119821   1.39012   	
0        	15      	0.936	0.100705    	93.5703      	0.0506808  0.710839  	
0        	16      	0.89 	0.0607236   	91.1602      	0.0779655  1.04992   	
0        	17      	0.438	0.00614139  	0            	0          0.000312  	
0        	18      	0.952	0.00382023  	0            	0          0.000444  	
0        	19      	0.686	0.00753959  	0            	0          0.000378  	
0        	20      	0.926	0.0451604   	90.233       	0.0994785  1.67027   	
