0        	1       	0.794	0.0667055   	92.3593      	0.0644352  1.19835   	
0        	2       	0.202	0.0516559   	93.2771      	0.0574608  1.12211   	
0        	3       	0.282	0.0174061   	92.4702      	0.0411466  0.411835  	
0        	4       	0.156	0.04851     	89.7354      	0.0923982  1.0845    	
0        	5       	0.592	0.0434566   	90.0788      	0.105019   1.94547   	
0        	6       	0.686	0.0179417   	94.5291      	0.0276482  0.374321  	
0        	7       	0.8  	0.0442827   	90.1905      	0.0682307  0.637394  	
0        	8       	0.958	0.0425059   	89.8053      	0.105782   1.54094   	
0        	9       	0.938	0.0509991   	91.4462      	0.056899   0.640053  	
0        	10      	0.952	0.0331481   	87.675       	0.143166   2.07362   	
0        	11      	0.862	0.040819    	91.9859      	0.0447161  0.490505  	
0        	12      	0.048	0.170023    	93.0103      	0.0257732  0.224854  	
0        	13      	0.928	0.0316782   	91.6423      	0.0753216  1.27777   	
0        	14      	0.062	0.0445526   	91.5132      	0.081725   1.34611   	
0        	15      	0.942	0.0479684   	88.1518      	0.0974712  0.827772  	
0        	16      	0.896	0.0575541   	88.7564      	0.0814332  0.788251  	
0        	17      	0.782	0.0227706   	93.1512      	0.0554307  0.714017  	
0        	18      	0.93 	0.0590062   	92.552       	0.0547645  0.488569  	
0        	19      	0.592	0.13793     	90.7099      	0.0342302  0.29997   	
0        	20      	0.928	0.0962864   	93.3581      	0.048105   0.978191  	
