0        	1       	0.132	0.0681685   	92.2247      	0.0699901  1.45894   	
0        	2       	0.942	0.00315909  	0            	0          0.000378  	
0        	3       	0.152	0.0666184   	90.5983      	0.0443178  0.524555  	
0        	4       	0.466	0.0873664   	92.4558      	0.0546683  0.972497  	
0        	5       	0.626	0.0380669   	89.6747      	0.109297   2.02026   	
0        	6       	0.542	0.0434434   	90.9551      	0.0843628  1.49084   	
0        	7       	0.89 	0.038958    	89.4269      	0.104685   1.45911   	
0        	8       	0.936	0.0317713   	82.8708      	0.144454   1.01294   	
0        	9       	0.782	0.0755694   	92.7981      	0.0615544  1.14459   	
0        	10      	0.972	0.00301288  	0            	0          0.000444  	
0        	11      	0.94 	0.0517454   	91.4977      	0.0779714  1.23592   	
0        	12      	0.914	0.0014555   	0            	0          0.00069   	
0        	13      	0.336	0.0854948   	92.2542      	0.0514955  0.860573  	
0        	14      	0.95 	0.00221578  	0            	0          0.000444  	
0        	15      	0.532	0.0440177   	91.3486      	0.0876318  1.60967   	
0        	16      	0.826	0.00421448  	0            	0          0.00069   	
0        	17      	0.942	0.0334234   	88.4344      	0.127333   2.05872   	
0        	18      	0.954	0.00282873  	0            	0          0.00087   	
0        	19      	0.202	0.0799218   	92.5179      	0.059857   1.19708   	
0        	20      	0.894	0.044215    	89.4956      	0.106572   1.31514   	
