0        	1       	0.866	0.0239129   	95.0089      	0.0235429  0.486547  	
0        	2       	0.068	0.070284    	91.257       	0.060813   0.713462  	
0        	3       	0.938	0.0272613   	92.6162      	0.0440296  0.528795  	
0        	4       	0.93 	0.0717043   	93.2005      	0.0510986  1.00989   	
0        	5       	0.476	0.0464792   	90.7129      	0.0942537  1.72191   	
0        	6       	0.082	0.0592829   	91.0255      	0.0697046  1.12374   	
0        	7       	0.81 	0.0331735   	91.8226      	0.0775555  1.23578   	
0        	8       	0.114	0.0607567   	90.0171      	0.069437   0.673595  	
0        	9       	0.936	0.107104    	94.3628      	0.0380674  0.56228   	
0        	10      	0.928	0.0869609   	92.4746      	0.0500584  0.863259  	
0        	11      	0.178	0.0490139   	90.3454      	0.0814193  1.04911   	
0        	12      	0.952	0.021776    	90.7704      	0.0936245  1.38636   	
0        	13      	0.972	0.0448944   	89.2177      	0.10383    1.24552   	
0        	14      	0.938	0.009087    	94.1791      	0.030082   0.300025  	
0        	15      	0.466	0.0465835   	91.3224      	0.0814087  1.89958   	
0        	16      	0.068	0.117438    	94.3927      	0.0289782  0.783727  	
0        	17      	1    	0.00441703  	0            	0          0.000444  	
0        	18      	0.944	0.0318416   	87.6735      	0.137075   2.09997   	
0        	19      	0.532	0.0506477   	86.7588      	0.0972087  0.80608   	
0        	20      	0.152	0.00670545  	0            	0          0.000642  	
