0        	1       	0.726	0.0642596   	90.5285      	0.0735294  0.860945  	
0        	2       	0.944	0.0431835   	90.0777      	0.0994335  1.77477   	
0        	3       	0.948	0.0611979   	92.1632      	0.067675   1.08963   	
0        	4       	0.67 	0.0372855   	90.3727      	0.0998939  1.57397   	
0        	5       	0.336	0.027847    	94.0645      	0.0324149  0.449225  	
0        	6       	0.322	0.036973    	89.0362      	0.0877102  0.861095  	
0        	7       	0.948	0.102943    	0            	0          0.002118  	
0        	8       	0.122	0.00543827  	0            	0          0.000378  	
0        	9       	0.466	0.0626886   	91.6851      	0.0463941  0.598787  	
0        	10      	0.854	0.0620811   	88.7862      	0.0779984  0.7511    	
0        	11      	0.924	0.044353    	86.2575      	0.10994    0.638705  	
0        	12      	0.456	0.0363717   	90.0206      	0.104612   1.58959   	
0        	13      	0.95 	0.0521318   	92.7294      	0.0613418  1.31072   	
0        	14      	0.456	0.0674284   	92.6707      	0.0667678  1.42231   	
0        	15      	0.8  	0.0687048   	92.3063      	0.0615786  1.04776   	
0        	16      	0.944	0.0452996   	89.9887      	0.0991221  1.42338   	
0        	17      	0.962	0.0726715   	91.1845      	0.0415825  0.376236  	
0        	18      	0.856	0.0145822   	0            	0          0.00051   	
0        	19      	0.794	0.062253    	92.6153      	0.0637714  1.20078   	
0        	20      	0.826	0.0347375   	88.0376      	0.111581   1.3127    	
