0        	1       	0.852	0.00681237  	0            	0          0.000378  	
0        	2       	0.914	0.0446092   	87.0588      	0.106414   0.755533  	
0        	3       	0.932	0.0340823   	89.6017      	0.113025   1.72637   	
0        	4       	0.95 	0.0505382   	91.0569      	0.0735384  0.790108  	
0        	5       	0.062	0.0561186   	90.646       	0.0867859  1.36661   	
0        	6       	0.914	0.041197    	89.711       	0.0684034  0.638069  	
0        	7       	0.466	0.00438417  	0            	0          0.000378  	
0        	8       	0.408	0.0501035   	90.8142      	0.0901181  2.02153   	
0        	9       	0.954	0.0346381   	90.931       	0.0843628  1.73796   	
0        	10      	0.958	0.00362989  	0            	0          0.000378  	
0        	11      	0.124	0.0685587   	92.1576      	0.0691973  1.1967    	
0        	12      	0.772	0.153827    	92.4795      	0.0317544  0.375303  	
0        	13      	0.152	0.0710914   	92.3236      	0.0631512  1.19676   	
0        	14      	0.572	0.063046    	88.544       	0.0761615  0.524549  	
0        	15      	0.226	0.0519871   	91.3848      	0.0817074  1.53322   	
0        	16      	0.854	0.0545374   	91.6251      	0.0794281  1.50045   	
0        	17      	0.936	0.0503507   	91.1655      	0.0874699  1.57397   	
0        	18      	0.952	0.00395101  	0            	0          0.000444  	
0        	19      	0.956	0.0690529   	90.2991      	0.07026    0.679177  	
0        	20      	0.062	0.0473679   	92.6096      	0.059151   0.863094  	
