0        	1       	0.152	0.0473072   	88.8162      	0.0919634  1.16081   	
0        	2       	0.942	0.0478682   	93.8616      	0.0342505  0.414682  	
0        	3       	0.956	0.0562418   	92.2327      	0.0724791  1.18484   	
0        	4       	0.948	0.0489499   	87.5876      	0.0992991  0.714566  	
0        	5       	0.96 	0.0552566   	89.0145      	0.0795635  0.750613  	
0        	6       	0.354	0.0507248   	92.2258      	0.0671344  1.08516   	
0        	7       	0.414	0.0382811   	91.3691      	0.0854544  1.61429   	
0        	8       	0.054	0.0628595   	93.5603      	0.0384231  0.635945  	
0        	9       	0.856	0.21265     	91.8221      	0.0252988  0.225395  	
0        	10      	0.226	0.16065     	93.7876      	0.0320847  0.412086  	
0        	11      	0.218	0.0719886   	92.7867      	0.063567   1.21613   	
0        	12      	0.156	0.0373456   	86.4579      	0.114203   1.04974   	
0        	13      	0.414	0.0877262   	93.6641      	0.0459122  0.93572   	
0        	14      	0.662	0.0384245   	91.7928      	0.051855   0.601503  	
0        	15      	0.688	0.054532    	92.3563      	0.0628821  1.15996   	
0        	16      	0.344	0.0960218   	91.9497      	0.048033   0.600264  	
0        	17      	0.782	0.03664     	89.3307      	0.115937   2.02332   	
0        	18      	0.514	0.126798    	94.1244      	0.0277151  0.449178  	
0        	19      	0.466	0.116546    	88.9922      	0.0464792  0.37506   	
0        	20      	0.894	0.0274454   	90.4573      	0.099016   1.61594   	
