0        	1       	0.336	0.0048749   	0            	0          0.000378  	
0        	2       	0.894	0.0250388   	84.7275      	0.188779   2.95047   	
0        	3       	0.926	0.00458617  	0            	0          0.000624  	
0        	4       	0.958	0.00238301  	0            	0          0.001002  	
0        	5       	0.944	0.0263974   	88.7899      	0.0528422  0.263719  	
0        	6       	0.408	0.0260902   	86.277       	0.156834   2.91549   	
0        	7       	0.202	0.00541461  	0            	0          0.000312  	
0        	8       	0.826	0.024213    	82.0862      	0.174927   1.34865   	
0        	9       	0.856	0.00374701  	0            	0          0.000378  	
0        	10      	0.952	0.00603619  	0            	0          0.000444  	
0        	11      	0.728	0.0288981   	86.5507      	0.159515   2.2439    	
0        	12      	0.084	0.0358924   	88.5034      	0.130505   2.31821   	
0        	13      	0.952	0.00727456  	0            	0          0.000624  	
0        	14      	0.954	0.00270788  	0            	0          0.00069   	
0        	15      	0.108	0.00480512  	96.3219      	0.00334068 0.000741  	
0        	16      	0.986	0.0184381   	81.6791      	0.234883   3.33152   	
0        	17      	0.542	0.0448735   	90.6095      	0.094165   1.83447   	
0        	18      	0.06 	0.0028869   	0            	0          0.00069   	
0        	19      	0.58 	0.0418243   	0            	0          0.000576  	
0        	20      	0.662	0.046804    	86.244       	0.0996299  0.823778  	
