0        	1       	0.074	0.031738    	87.4634      	0.146484   2.3939    	
0        	2       	0.456	0.00280413  	0            	0          0.000378  	
0        	3       	0.998	0.000713472 	96.4475      	0.00322956 0.000191  	
0        	4       	0.776	0.00183824  	0            	0          0.000756  	
0        	5       	0.336	0.00232324  	95.876       	0.00978793 0.037505  	
0        	6       	0.83 	0.00271011  	0            	0          0.000378  	
0        	7       	0.944	0.0013496   	0            	0          0.001428  	
0        	8       	0.776	0.00200097  	0            	0          0.00087   	
0        	9       	0.954	0.0262905   	85.644       	0.172579   2.75605   	
0        	10      	0.916	0.00312658  	0            	0          0.000312  	
0        	11      	0.956	0.00389206  	0            	0          0.000378  	
0        	12      	0.952	0.00189056  	0            	0          0.000558  	
0        	13      	0.682	0.0202395   	81.8563      	0.232041   3.55433   	
0        	14      	0.926	0.00621889  	0            	0          0.001494  	
0        	15      	0.752	0.00494657  	0            	0          0.000312  	
0        	16      	0.522	0.0230514   	83.9576      	0.193793   3.54104   	
0        	17      	0.94 	0.00341652  	0            	0          0.000312  	
0        	18      	0.06 	0.0233612   	84.4621      	0.189891   3.16773   	
0        	19      	0.542	0.00424044  	0            	0          0.000312  	
0        	20      	0.456	0.0268058   	86.8054      	0.155744   2.8789    	
