0        	1       	0.954	0.0350544   	88.3864      	0.131833   2.2094    	
0        	2       	0.958	0.0229385   	87.1372      	0.150296   2.24435   	
0        	3       	0.938	0.0171052   	79.6923      	0.268477   4.08124   	
0        	4       	0.174	0.0369168   	85.7031      	0.126096   1.27155   	
0        	5       	0.592	0.0300052   	86.917       	0.150657   2.56692   	
0        	6       	0.922	0.064072    	89.6005      	0.0667705  0.750197  	
0        	7       	0.178	0.0431337   	89.9621      	0.109971   1.95017   	
0        	8       	0.932	0.00691666  	0            	0          0.000444  	
0        	9       	0.674	0.00427589  	0            	0          0.000378  	
0        	10      	0.282	0.00747074  	0            	0          0.000378  	
0        	11      	0.16 	0.032254    	88.9965      	0.0880692  1.04639   	
0        	12      	0.938	0.00577207  	0            	0          0.000444  	
0        	13      	0.668	0.00253794  	0            	0          0.00051   	
0        	14      	0.932	0.00771812  	0            	0          0.000444  	
0        	15      	0.948	0.0381603   	86.4525      	0.12419    1.16162   	
0        	16      	0.93 	0.00358891  	0            	0          0.001362  	
0        	17      	0.408	0.0426657   	87.9637      	0.09629    1.04848   	
0        	18      	0.354	0.00549575  	0            	0          0.000444  	
0        	19      	0.916	0.00455682  	0            	0          0.000444  	
0        	20      	0.922	0.00593771  	0            	0          0.000378  	
