0        	1       	0.064	0.0757456   	91.4836      	0.0465092  0.486954  	
0        	2       	0.216	0.0665108   	92.0349      	0.0716986  1.83136   	
0        	3       	0.572	0.130836    	92.9312      	0.0372041  0.375325  	
0        	4       	0.3  	0.0339088   	87.8578      	0.121716   1.53563   	
0        	5       	0.674	0.0946129   	93.2589      	0.0488486  0.757929  	
0        	6       	0.152	0.148196    	93.687       	0.0297581  0.486846  	
0        	7       	0.772	0.1132      	92.7667      	0.0373814  0.561197  	
0        	8       	0.682	0.0749728   	92.792       	0.0607864  1.2725    	
0        	9       	0.782	0.0326707   	88.839       	0.123238   1.99256   	
0        	10      	0.942	0.0989734   	92.2807      	0.0406277  0.306376  	
0        	11      	0.532	0.081854    	91.7738      	0.0572183  0.863017  	
0        	12      	0.548	0.0904859   	93.159       	0.0432475  0.786361  	
0        	13      	0.102	0.0625588   	93.2771      	0.0544366  1.3131    	
0        	14      	0.856	0.0404      	89.9197      	0.105632   1.9473    	
0        	15      	0.752	0.0515512   	93.4118      	0.0518756  0.711655  	
0        	16      	0.938	0.122868    	92.2893      	0.0238535  0.151025  	
0        	17      	0.444	0.0348596   	91.638       	0.0394166  0.339361  	
0        	18      	0.932	0.072478    	93.0238      	0.0610072  0.944157  	
0        	19      	0.268	0.387119    	93.6446      	0.0109105  0.039513  	
0        	20      	0.956	0.0345151   	87.4138      	0.133229   1.57784   	
