0        	1       	0.482	0.0018987   	95.6363      	0.00396338 0.001032  	
0        	2       	0.94 	0.00437845  	95.5063      	0.00408147 0.000889  	
0        	3       	0.474	0.176206    	94.2629      	0.0242414  0.299601  	
0        	4       	0.938	0.0316541   	86.9983      	0.148513   2.05977   	
0        	5       	0.408	0.0038317   	0            	0          0.000936  	
0        	6       	0.896	0.00355327  	0            	0          0.001068  	
0        	7       	0.042	0.0811977   	93.0994      	0.0603464  1.34636   	
0        	8       	0.548	0.0668757   	91.2459      	0.0720173  1.0262    	
0        	9       	0.214	0.0521623   	91.3065      	0.0849217  1.68339   	
0        	10      	0.954	0.0739883   	92.6061      	0.0638508  1.0926    	
0        	11      	0.322	0.0618418   	91.799       	0.0594278  0.716118  	
0        	12      	0.592	0.0509872   	91.9626      	0.0732186  1.27198   	
0        	13      	0.476	0.0391625   	89.9209      	0.104582   1.62992   	
0        	14      	0.954	0.0425279   	89.6679      	0.102298   1.50088   	
0        	15      	0.896	0.0376986   	91.7738      	0.0740192  1.16176   	
0        	16      	0.958	0.0367704   	88.6452      	0.127199   1.98219   	
0        	17      	0.826	0.047749    	92.0418      	0.0750774  1.16351   	
0        	18      	0.938	0.00179918  	0            	0          0.000444  	
0        	19      	0.926	0.00842999  	94.4875      	0.0301395  0.405849  	
0        	20      	0.856	0.0598525   	91.3472      	0.0747217  0.977603  	
