0        	1       	0.062	0.00400571  	0            	0          0.000642  	
0        	2       	0.896	0.00964735  	0            	0          0.00051   	
0        	3       	0.938	0.0637324   	91.252       	0.0633914  0.748311  	
0        	4       	0.954	0.00511839  	0            	0          0.00069   	
0        	5       	0.96 	0.0334099   	87.9049      	0.14187    2.19057   	
0        	6       	0.846	0.0231074   	0            	0          0.000373  	
0        	7       	0.926	0.00724023  	0            	0          0.00069   	
0        	8       	0.936	0.0454961   	91.0594      	0.0896528  1.57587   	
0        	9       	0.958	0.0368733   	92.1676      	0.0667156  1.07208   	
0        	10      	0.916	0.00696522  	0            	0          0.00051   	
0        	11      	0.718	0.0453203   	90.228       	0.0979564  1.68422   	
0        	12      	0.89 	0.00684722  	0            	0          0.000576  	
0        	13      	0.974	0.0250969   	84.8715      	0.177684   2.43495   	
0        	14      	0.942	0.0392213   	90.376       	0.0940111  1.42374   	
0        	15      	0.05 	0.0449443   	90.1477      	0.0994575  1.94035   	
0        	16      	0.914	0.00512953  	95.5953      	0.00400064 0.000466  	
0        	17      	0.93 	0.0353445   	87.8704      	0.133896   1.95158   	
0        	18      	0.226	0.0222692   	94.2761      	0.0373297  0.486377  	
0        	19      	0.662	0.0389019   	88.5586      	0.121755   1.74645   	
0        	20      	0.098	0.0467903   	93.5591      	0.0500266  0.824562  	
