0        	1       	0.846	0.0493325   	90.4619      	0.0740466  0.78558   	
0        	2       	0.772	0.047678    	90.0873      	0.0908696  1.38608   	
0        	3       	0.268	0.0808695   	93.0857      	0.0576461  0.973659  	
0        	4       	0.514	0.0895962   	93.0931      	0.0518798  0.972677  	
0        	5       	0.772	0.0403759   	90.7238      	0.0904404  1.86768   	
0        	6       	0.354	0.00500565  	0            	0          0.001116  	
0        	7       	0.678	0.053281    	90.5233      	0.0869072  1.34589   	
0        	8       	0.466	0.0409758   	90.1072      	0.0872891  1.04701   	
0        	9       	0.232	0.00515866  	0            	0          0.000444  	
0        	10      	0.952	0.0391988   	89.134       	0.119982   2.10137   	
0        	11      	0.93 	0.0375275   	88.6868      	0.121902   1.61191   	
0        	12      	0.952	0.00077708  	0            	0          0.000444  	
0        	13      	0.068	0.00612598  	0            	0          0.000378  	
0        	14      	0.728	0.0196421   	77.3647      	0.181082   0.712939  	
0        	15      	0.916	0.07388     	92.7346      	0.0641065  1.16634   	
0        	16      	0.964	0.00545196  	0            	0          0.000444  	
0        	17      	0.952	0.0692602   	91.668       	0.0698541  1.03054   	
0        	18      	0.456	0.024172    	91.0029      	0.0913103  1.49564   	
0        	19      	0.974	0.00307688  	0            	0          0.000444  	
0        	20      	0.054	0.0587633   	91.8043      	0.0789218  1.79592   	
