0        	1       	0.108	0.0371449   	88.8283      	0.117502   2.20011   	
0        	2       	0.58 	0.0835939   	93.3671      	0.0239109  0.283769  	
0        	3       	0.952	0.00226627  	0            	0          0.001002  	
0        	4       	0.514	0.00511851  	0            	0          0.00069   	
0        	5       	0.268	0.0404044   	87.775       	0.100525   0.974199  	
0        	6       	0.962	0.0495997   	88.0311      	0.0984198  0.790838  	
0        	7       	0.926	0.0444183   	88.9777      	0.0654922  0.568379  	
0        	8       	0.258	0.00162499  	0            	0          0.000624  	
0        	9       	0.084	0.0296088   	86.9054      	0.155308   2.73101   	
0        	10      	0.282	0.0681791   	92.9116      	0.0493041  0.823601  	
0        	11      	0.974	0.0358488   	88.8578      	0.124817   1.88013   	
0        	12      	0.564	0.210483    	94.3686      	0.0242905  0.411714  	
0        	13      	0.152	0.00127675  	0            	0          0.00051   	
0        	14      	0.87 	0.0311765   	87.9087      	0.125461   1.5411    	
0        	15      	0.548	0.0597072   	92.453       	0.0585887  1.16389   	
0        	16      	0.958	0.0596038   	90.1992      	0.0784061  0.789671  	
0        	17      	0.736	0.081621    	92.2135      	0.0604481  0.750615  	
0        	18      	0.072	0.0289772   	92.5601      	0.0567658  0.601626  	
0        	19      	0.662	0.039424    	90.4124      	0.0933271  1.2768    	
0        	20      	0.564	0.0449056   	93.0663      	0.0584993  1.16061   	
