0        	1       	0.946	0.0763781   	93.6903      	0.0490076  0.981158  	
0        	2       	0.068	0.0709006   	93.9776      	0.0422412  0.936881  	
0        	3       	1    	0.0265842   	85.5049      	0.177067   2.88494   	
0        	4       	0.054	0.0607452   	91.5895      	0.0793441  1.08832   	
0        	5       	0.064	0.02179     	91.6733      	0.0791284  1.08511   	
0        	6       	0.564	0.103661    	94.049       	0.0422272  1.07128   	
0        	7       	0.948	0.0476552   	90.8567      	0.0789235  1.12748   	
0        	8       	0.914	0.0638916   	90.9443      	0.0703359  0.93733   	
0        	9       	0.94 	0.0728045   	92.3088      	0.0632444  0.97501   	
0        	10      	0.258	0.0726445   	93.1191      	0.0550732  1.08573   	
0        	11      	0.662	0.0820293   	92.0969      	0.0408163  0.452164  	
0        	12      	0.564	0.17253     	93.9565      	0.0147522  0.150266  	
0        	13      	0.938	0.0465693   	90.7153      	0.0893747  1.19987   	
0        	14      	0.928	0.0609351   	92.6544      	0.0687092  0.988501  	
0        	15      	0.938	0.0815129   	92.7874      	0.050195   0.676691  	
0        	16      	0.942	0.0194595   	92.8173      	0.0392499  0.411671  	
0        	17      	0.078	0.0590227   	93.3132      	0.0315415  0.375346  	
0        	18      	0.776	0.061821    	93.5014      	0.0432277  0.638829  	
0        	19      	0.322	0.197926    	94.5115      	0.020238   0.300633  	
0        	20      	0.972	0.057107    	91.0155      	0.0823605  1.09211   	
