0        	1       	0.062	0.00210033  	0            	0          0.000378  	
0        	2       	0.826	0.111044    	93.9234      	0.0408882  0.824663  	
0        	3       	0.95 	0.0403394   	90.8369      	0.0929944  1.91116   	
0        	4       	0.826	0.00219234  	0            	0          0.000378  	
0        	5       	0.954	0.0879717   	93.4854      	0.0336672  0.450231  	
0        	6       	0.956	0.0479344   	90.4866      	0.0965499  1.65512   	
0        	7       	0.048	0.0644805   	91.7143      	0.0681637  0.897628  	
0        	8       	0.062	0.132236    	93.9985      	0.0385613  0.785975  	
0        	9       	0.604	0.00117869  	0            	0          0.000378  	
0        	10      	0.938	0.0313207   	88.2349      	0.129717   2.31854   	
0        	11      	0.936	0.0390289   	91.79        	0.0657106  0.938959  	
0        	12      	0.914	0.0888454   	93.8559      	0.0444995  1.05073   	
0        	13      	0.072	0.0290976   	93.0297      	0.053234   0.972285  	
0        	14      	0.958	0.0391595   	88.5445      	0.12126    1.61635   	
0        	15      	0.954	0.00371865  	0            	0          0.000378  	
0        	16      	0.938	0.00586983  	0            	0          0.00087   	
0        	17      	0.082	0.027677    	87.4883      	0.137055   2.0236    	
0        	18      	0.06 	0.115897    	92.6334      	0.0217143  0.337031  	
0        	19      	0.59 	0.054773    	89.886       	0.0852936  1.01498   	
0        	20      	0.782	0.0398189   	91.4593      	0.0845615  1.64947   	
