0        	1       	0.95 	0.0302735   	89.6382      	0.10981    1.83555   	
0        	2       	0.476	0.0416295   	89.9011      	0.104787   1.53756   	
0        	3       	0.048	0.0607772   	94.1208      	0.0408934  0.860693  	
0        	4       	0.354	0.154519    	95.1481      	0.0233427  0.449075  	
0        	5       	0.942	0.0348622   	88.2611      	0.136067   2.21931   	
0        	6       	0.942	0.104223    	93.345       	0.0396841  0.527502  	
0        	7       	0.736	0.0712277   	88.7415      	0.0530705  0.303221  	
0        	8       	0.084	0.0722359   	94.0767      	0.041872   0.897803  	
0        	9       	0.93 	0.00458068  	0            	0          0.001182  	
0        	10      	0.548	0.0852463   	93.5933      	0.0488568  0.973247  	
0        	11      	0.772	0.101881    	92.4103      	0.0479533  0.637188  	
0        	12      	0.914	0.0703396   	91.2314      	0.0658964  0.826868  	
0        	13      	0.942	0.0398285   	92.2374      	0.071992   1.16453   	
0        	14      	0.8  	0.114044    	92.7888      	0.0402361  0.749116  	
0        	15      	0.45 	0.00675127  	0            	0          0.000756  	
0        	16      	0.952	0.0302212   	87.9905      	0.129588   2.25115   	
0        	17      	0.16 	0.125067    	94.8338      	0.00887666 0.224838  	
0        	18      	0.932	0.0414935   	92.255       	0.0560942  0.975763  	
0        	19      	0.914	0.0578457   	92.4533      	0.0665885  1.23689   	
0        	20      	0.69 	0.0533869   	91.6932      	0.0612895  0.710867  	
