0        	1       	0.846	0.0298857   	87.9671      	0.138274   2.14366   	
0        	2       	0.962	0.00591135  	0            	0          0.00051   	
0        	3       	0.772	0.00229946  	0            	0          0.000822  	
0        	4       	0.734	0.0219999   	0            	0          0.000642  	
0        	5       	0.59 	0.00767844  	0            	0          0.000444  	
0        	6       	0.288	0.0360428   	89.0471      	0.117644   2.22649   	
0        	7       	0.132	0.0433195   	89.9155      	0.108702   1.45873   	
0        	8       	0.95 	0.045239    	90.049       	0.104315   1.69001   	
0        	9       	0.956	0.0987117   	92.5125      	0.0473078  0.524693  	
0        	10      	0.938	0.0334839   	87.8006      	0.137588   1.98353   	
0        	11      	0.26 	0.0433892   	90.0231      	0.109569   1.94836   	
0        	12      	0.772	0.0900992   	93.2384      	0.0489973  1.15953   	
0        	13      	0.728	0.0297835   	86.9906      	0.154298   2.47391   	
0        	14      	0.662	0.0029146   	0            	0          0.000642  	
0        	15      	0.342	0.0356168   	93.235       	0.0516162  0.749311  	
0        	16      	0.068	0.00490315  	0            	0          0.000378  	
0        	17      	0.54 	0.0548806   	92.428       	0.0694403  1.49708   	
0        	18      	0.894	0.00507992  	0            	0          0.000444  	
0        	19      	0.936	0.0690486   	86.0276      	0.0514827  0.338228  	
0        	20      	0.772	0.00175706  	0            	0          0.001182  	
