0        	1       	0.202	0.0522243   	90.3514      	0.0915081  1.45955   	
0        	2       	0.214	0.0488709   	91.7164      	0.0745662  1.23981   	
0        	3       	0.174	0.00676229  	0            	0          0.00069   	
0        	4       	0.154	0.0597935   	91.8408      	0.0773826  1.68582   	
0        	5       	0.794	0.0303359   	87.8274      	0.100095   0.788986  	
0        	6       	0.108	0.00881164  	0            	0          0.000756  	
0        	7       	0.068	0.0802962   	94.056       	0.0453049  0.750019  	
0        	8       	0.152	0.0566807   	91.5018      	0.0779027  1.34666   	
0        	9       	1    	0.0472418   	88.2002      	0.101854   1.16254   	
0        	10      	0.678	0.00660271  	0            	0          0.000444  	
0        	11      	0.476	0.0582648   	93.3833      	0.0497249  0.825742  	
0        	12      	0.05 	0.083144    	93.028       	0.0598743  1.01008   	
0        	13      	0.828	0.222143    	92.6967      	0.0178274  0.337254  	
0        	14      	0.478	0.0559974   	88.8043      	0.0667601  0.490113  	
0        	15      	0.682	0.0536149   	91.4335      	0.0824925  1.7575    	
0        	16      	0.93 	0.030052    	90.0485      	0.102437   1.52107   	
0        	17      	0.794	0.000794184 	0            	0          0.000756  	
0        	18      	0.078	0.250628    	95.425       	0.0219953  0.412049  	
0        	19      	0.69 	0.0381473   	90.522       	0.0961908  1.65506   	
0        	20      	0.368	0.0351515   	87.9256      	0.133324   1.94766   	
