0        	1       	0.938	0.110665    	93.0221      	0.0416095  0.41874   	
0        	2       	0.938	0.0697168   	94.0952      	0.0427886  0.861531  	
0        	3       	0.948	0.0363226   	93.6334      	0.0461346  0.825827  	
0        	4       	0.83 	0.083022    	92.7417      	0.0580938  0.860202  	
0        	5       	0.884	0.102246    	90.6304      	0.0345232  0.374801  	
0        	6       	0.954	0.015252    	92.4405      	0.0595238  0.715197  	
0        	7       	0.922	0.0979976   	92.1767      	0.041148   0.266131  	
0        	8       	0.282	0.0693257   	91.1834      	0.0662573  1.12201   	
0        	9       	0.686	0.0723495   	92.6479      	0.06349    1.30956   	
0        	10      	0.674	0.0649737   	92.9102      	0.0598161  1.2365    	
0        	11      	0.054	0.0732329   	94.2326      	0.0401371  1.15956   	
0        	12      	0.954	0.0380856   	89.18        	0.121164   2.08403   	
0        	13      	0.726	0.0297361   	91.4117      	0.0687063  0.972509  	
0        	14      	0.156	0.0460076   	92.5645      	0.044338   0.711899  	
0        	15      	0.476	0.0616266   	92.1329      	0.0693272  1.76994   	
0        	16      	0.938	0.0431868   	87.1936      	0.105306   0.939771  	
0        	17      	0.354	0.0555406   	88.3646      	0.0735147  0.561449  	
0        	18      	0.94 	0.0670181   	92.0697      	0.069944   1.27626   	
0        	19      	0.92 	0.0527005   	88.802       	0.0869329  0.680511  	
0        	20      	0.93 	0.0731599   	91.86        	0.0343702  0.341618  	
