0        	1       	0.952	0.0618948   	91.5529      	0.0760377  1.2754    	
0        	2       	0.06 	0.00326489  	0            	0          0.000444  	
0        	3       	0.896	0.0629259   	90.893       	0.0706995  0.826351  	
0        	4       	0.15 	0.0604293   	87.7718      	0.0812953  0.749021  	
0        	5       	0.514	0.0102515   	0            	0          0.000444  	
0        	6       	0.736	0.00868765  	0            	0          0.000312  	
0        	7       	0.398	0.00154765  	0            	0          0.000822  	
0        	8       	0.16 	0.00871654  	0            	0          0.000804  	
0        	9       	0.87 	0.0108435   	0            	0          0.001788  	
0        	10      	0.668	0.0452145   	90.1947      	0.102788   2.05707   	
0        	11      	0.946	0.0291971   	87.0497      	0.150511   2.21214   	
0        	12      	0.58 	0.0475706   	90.8959      	0.0901394  1.64532   	
0        	13      	0.95 	0.00285445  	0            	0          0.00087   	
0        	14      	0.926	0.0484374   	90.9154      	0.087468   1.72125   	
0        	15      	0.202	0.118083    	91.8231      	0.0385441  0.52401   	
0        	16      	0.43 	0.000875851 	0            	0          0.000444  	
0        	17      	0.548	0.0342411   	88.4326      	0.130459   2.04841   	
0        	18      	0.728	0.0365904   	88.598       	0.128594   2.31935   	
0        	19      	0.94 	0.0362091   	89.1683      	0.111187   1.60982   	
0        	20      	0.952	0.045638    	89.3448      	0.101055   1.46115   	
