0        	1       	0.476	0.0298772   	93.8302      	0.0421476  0.635993  	
0        	2       	0.912	0.0024001   	0            	0          0.000624  	
0        	3       	0.928	0.0309725   	87.0624      	0.143911   1.90791   	
0        	4       	0.87 	0.00196587  	0            	0          0.000444  	
0        	5       	0.736	0.00376434  	0            	0          0.000444  	
0        	6       	0.81 	0.00109062  	0            	0          0.000624  	
0        	7       	0.644	0.00972172  	0            	0          0.00069   	
0        	8       	0.592	0.00346241  	0            	0          0.000444  	
0        	9       	0.856	0.0587897   	92.0369      	0.0702623  1.27499   	
0        	10      	0.856	0.0435174   	90.0697      	0.106093   1.94656   	
0        	11      	0.952	0.0411245   	89.3797      	0.109017   1.57669   	
0        	12      	0.952	0.00472239  	0            	0          0.000378  	
0        	13      	0.94 	0.0218293   	83.1816      	0.213997   3.49835   	
0        	14      	0.894	0.0279059   	85.1194      	0.169976   2.02172   	
0        	15      	0.3  	0.00162504  	0            	0          0.000378  	
0        	16      	0.336	0.00180815  	0            	0          0.000378  	
0        	17      	0.564	0.0458667   	91.2768      	0.0815537  2.04558   	
0        	18      	0.572	0.0203452   	82.5461      	0.219546   3.3271    	
0        	19      	0.94 	0.00309925  	0            	0          0.000378  	
0        	20      	0.682	0.00804255  	0            	0          0.00087   	
