0        	1       	0.258	0.0519319   	92.3307      	0.0613829  0.900394  	
0        	2       	0.368	0.167426    	93.9613      	0.0317826  0.41567   	
0        	3       	0.952	0.131998    	94.5335      	0.0331906  0.600438  	
0        	4       	0.688	0.0580889   	94.3618      	0.0336406  0.598499  	
0        	5       	0.894	0.0932451   	93.5923      	0.0481541  0.752089  	
0        	6       	0.54 	0.0668187   	90.2703      	0.0704686  0.899651  	
0        	7       	0.728	0.0199969   	90.3994      	0.0535682  0.376571  	
0        	8       	0.674	0.0769705   	92.2255      	0.0491488  0.60269   	
0        	9       	0.942	0.0427631   	89.6716      	0.104822   1.54128   	
0        	10      	0.94 	0.0537349   	88.6896      	0.0904833  0.789625  	
0        	11      	0.94 	0.0455275   	90.8106      	0.0943281  1.5076    	
0        	12      	0.282	0.0721569   	94.5848      	0.033597   0.804903  	
0        	13      	0.476	0.0329524   	92.2271      	0.0681558  1.17931   	
0        	14      	0.336	0.0446788   	90.208       	0.106138   1.99047   	
0        	15      	0.938	0.0610283   	92.7257      	0.062818   0.981969  	
0        	16      	0.058	0.0825067   	92.1826      	0.0566183  0.908478  	
0        	17      	0.662	0.0563144   	91.4973      	0.0814087  1.41406   	
0        	18      	0.19 	0.0520632   	92.0114      	0.0657198  1.12193   	
0        	19      	0.916	0.267492    	95.1889      	0.011744   0.187585  	
0        	20      	0.928	0.0244966   	92.9024      	0.0558604  0.637007  	
