0        	1       	0.476	0.0541802   	93.396       	0.0520258  0.714065  	
0        	2       	0.826	0.0642507   	91.8085      	0.069111   1.0126    	
0        	3       	0.456	0.0862353   	94.2407      	0.0206723  0.263348  	
0        	4       	0.948	0.0484508   	91.056       	0.0907716  1.50043   	
0        	5       	0.59 	0.12164     	94.309       	0.0268261  0.525381  	
0        	6       	0.8  	0.205166    	94.8153      	0.0195206  0.187398  	
0        	7       	0.826	0.0457285   	90.2415      	0.0966184  1.46302   	
0        	8       	0.942	0.0452949   	89.9663      	0.0753655  0.717828  	
0        	9       	0.952	0.064578    	92.3866      	0.066784   1.24031   	
0        	10      	0.674	0.046146    	90.7587      	0.0937881  1.6113    	
0        	11      	0.932	0.0519959   	90.3803      	0.0848794  1.16468   	
0        	12      	0.726	0.0967167   	93.6741      	0.0452284  1.01225   	
0        	13      	0.906	0.0546821   	91.3235      	0.0872954  1.47955   	
0        	14      	0.368	0.0816065   	92.9373      	0.0385703  0.524113  	
0        	15      	0.304	0.02588     	93.6261      	0.0262479  0.150245  	
0        	16      	0.69 	0.0498674   	90.3045      	0.0947103  1.38579   	
0        	17      	0.942	0.0525653   	92.3979      	0.0590166  1.01257   	
0        	18      	0.072	0.132541    	92.6046      	0.0348606  0.33718   	
0        	19      	0.926	0.0436994   	88.06        	0.10748    1.01667   	
0        	20      	0.078	0.0512232   	93.5376      	0.046829   0.898815  	
