0        	1       	0.936	0.033601    	91.8325      	0.0766754  1.44158   	
0        	2       	0.932	0.0390068   	89.1258      	0.120959   1.98653   	
0        	3       	0.956	0.0319362   	88.025       	0.136786   2.43383   	
0        	4       	0.776	0.00686586  	0            	0          0.000444  	
0        	5       	0.95 	0.0797052   	93.5709      	0.0472973  0.822911  	
0        	6       	0.514	0.00663232  	0            	0          0.000312  	
0        	7       	0.962	0.0406904   	89.7303      	0.111627   1.87503   	
0        	8       	0.96 	0.0350896   	88.814       	0.122569   1.98908   	
0        	9       	0.854	0.0032158   	0            	0          0.000444  	
0        	10      	0.592	0.0304632   	88.9679      	0.123583   2.33922   	
0        	11      	0.896	0.0609557   	91.915       	0.0759157  1.74709   	
0        	12      	0.942	0.0837783   	92.5304      	0.0579878  0.972811  	
0        	13      	0.894	0.00354226  	0            	0          0.000558  	
0        	14      	0.958	0.00358466  	0            	0          0.00051   	
0        	15      	0.854	0.0907675   	94.0299      	0.0333111  0.636437  	
0        	16      	0.156	0.00469159  	0            	0          0.00105   	
0        	17      	0.2  	0.00447736  	0            	0          0.00105   	
0        	18      	0.954	0.00278105  	0            	0          0.000804  	
0        	19      	0.728	0.00224147  	0            	0          0.000444  	
0        	20      	0.944	0.0271865   	85.3993      	0.168752   2.14127   	
