0        	1       	0.16 	0.00863399  	0            	0          0.001182  	
0        	2       	0.896	0.0644405   	92.3703      	0.065887   0.912953  	
0        	3       	0.516	0.0529973   	92.3822      	0.0634058  1.227     	
0        	4       	0.068	0.00258636  	0            	0          0.00087   	
0        	5       	0.258	0.0665017   	92.392       	0.0671291  1.27503   	
0        	6       	0.894	0.00660307  	0            	0          0.00069   	
0        	7       	0.772	0.0436839   	89.2242      	0.108056   1.72232   	
0        	8       	0.826	0.0393303   	88.8481      	0.1202     1.99364   	
0        	9       	0.06 	0.0372724   	88.8244      	0.122272   2.46319   	
0        	10      	0.846	0.00670581  	0            	0          0.000624  	
0        	11      	0.662	0.0556159   	91.9174      	0.0753911  1.27688   	
0        	12      	0.59 	0.0877485   	92.9257      	0.0531632  0.86314   	
0        	13      	0.114	0.0540253   	90.1027      	0.0814222  0.897498  	
0        	14      	0.912	0.0543051   	91.2531      	0.0815883  1.39081   	
0        	15      	0.466	0.0307755   	90.5137      	0.0984313  1.90705   	
0        	16      	0.514	0.0448021   	93.5523      	0.0461212  0.769677  	
0        	17      	0.336	0.11503     	94.2025      	0.0329405  0.561311  	
0        	18      	0.954	0.155524    	93.2077      	0.0320176  0.415265  	
0        	19      	0.826	0.0385328   	92.1354      	0.0522853  0.530957  	
0        	20      	0.532	0.0066814   	0            	0          0.00069   	
