0        	1       	0.886	0.022734    	89.8929      	0.0563945  0.375676  	
0        	2       	0.082	0.0700744   	91.0364      	0.0566339  0.637162  	
0        	3       	0.06 	0.0103442   	0            	0          0.000756  	
0        	4       	0.152	0.0617739   	92.2327      	0.0724791  1.38351   	
0        	5       	0.728	0.0327191   	94.2392      	0.00988973 0.038101  	
0        	6       	0.072	0.0745283   	92.6792      	0.0645955  1.53332   	
0        	7       	0.972	0.00532338  	89.6435      	0.00940645 0.002272  	
0        	8       	0.944	0.0524113   	91.3241      	0.0859001  1.42658   	
0        	9       	0.96 	0.108802    	94.1499      	0.0369835  0.637149  	
0        	10      	0.938	0.0462646   	90.1394      	0.101218   1.68896   	
0        	11      	0.928	0.0456912   	87.5517      	0.0827586  0.601603  	
0        	12      	0.896	0.0377583   	90.2925      	0.0905831  1.31251   	
0        	13      	0.986	0.0766988   	91.2367      	0.063469   0.640201  	
0        	14      	0.69 	0.0694222   	92.2561      	0.0683282  1.19725   	
0        	15      	0.956	0.033037    	89.4255      	0.107319   1.50309   	
0        	16      	0.972	0.035939    	88.5584      	0.12723    2.1315    	
0        	17      	0.59 	0.0282178   	92.3051      	0.0649218  0.898713  	
0        	18      	0.202	0.0568452   	93.1276      	0.0572703  1.17112   	
0        	19      	0.456	0.125747    	91.5633      	0.0356231  0.524394  	
0        	20      	0.214	0.106166    	93.6009      	0.0381811  0.823526  	
