0        	1       	0.336	0.0276228   	92.3101      	0.0622665  1.04725   	
0        	2       	0.354	0.051721    	91.3274      	0.0854448  1.31405   	
0        	3       	0.87 	0.0626084   	92.8439      	0.0572757  0.901831  	
0        	4       	0.054	0.154661    	92.2128      	0.0286928  0.337163  	
0        	5       	0.604	0.000907977 	95.6068      	0.00731582 0.000963  	
0        	6       	0.476	0.0437359   	94.0879      	0.0272448  0.415658  	
0        	7       	0.082	0.0684824   	92.7884      	0.0601243  0.973642  	
0        	8       	0.906	0.0434984   	88.7379      	0.10841    1.35029   	
0        	9       	0.944	0.0148262   	0            	0          0.000822  	
0        	10      	0.408	0.0488842   	91.1644      	0.0874811  1.99326   	
0        	11      	0.192	0.00560233  	0            	0          0.00069   	
0        	12      	0.826	0.0773414   	93.0307      	0.0587999  1.27334   	
0        	13      	0.946	0.0350931   	89.5432      	0.114579   1.83563   	
0        	14      	0.67 	0.0425787   	87.2923      	0.109691   1.12563   	
0        	15      	0.952	0.0288121   	88.1299      	0.129023   1.79919   	
0        	16      	0.826	0.0595736   	74.8883      	0.077685   0.224873  	
0        	17      	0.682	0.0781578   	92.7439      	0.0525802  0.935123  	
0        	18      	0.826	0.0891578   	93.3195      	0.0444379  0.974287  	
0        	19      	0.914	0.0429019   	94.7333      	0.0158636  0.189594  	
0        	20      	0.862	0.0449917   	90.2347      	0.103369   1.98781   	
