0        	1       	0.942	0.0601326   	87.5294      	0.0829073  0.487761  	
0        	2       	0.942	0.00979731  	0            	0          0.00069   	
0        	3       	0.15 	0.0318211   	88.2029      	0.134754   2.39344   	
0        	4       	0.226	0.0576115   	91.5093      	0.0821277  1.59828   	
0        	5       	0.192	0.0424113   	90.0468      	0.102169   1.75797   	
0        	6       	0.954	0.109813    	94.2413      	0.0400765  0.677383  	
0        	7       	0.542	0.064824    	91.9576      	0.0678232  1.12222   	
0        	8       	0.906	0.0565992   	92.987       	0.0584416  0.786815  	
0        	9       	0.794	0.0457035   	90.632       	0.0904541  2.07358   	
0        	10      	0.926	0.136493    	93.8223      	0.0319259  0.523909  	
0        	11      	0.956	0.03334     	90.1         	0.105769   1.68776   	
0        	12      	0.662	0.0730621   	91.7408      	0.064118   1.08499   	
0        	13      	0.938	0.0522898   	90.9475      	0.0844714  1.169     	
0        	14      	0.924	0.0671925   	91.9524      	0.064411   0.938001  	
0        	15      	0.06 	0.00434171  	93.3232      	0.0060698  0.000471  	
0        	16      	0.736	0.120876    	93.5518      	0.0391512  0.603308  	
0        	17      	0.336	0.0571343   	94.2175      	0.0365351  0.710963  	
0        	18      	0.06 	0.117309    	94.2213      	0.0350865  0.413426  	
0        	19      	1    	0.0650807   	85.9385      	0.0784587  0.376481  	
0        	20      	0.772	0.0057356   	92.7945      	0.0065445  0.000709  	
