0        	1       	0.604	0.0728936   	92.7402      	0.0581058  1.04943   	
0        	2       	0.068	0.0673144   	94.3351      	0.0376825  0.710802  	
0        	3       	0.122	0.0157343   	91.6818      	0.00755515 0.001021  	
0        	4       	0.282	0.0532319   	88.3769      	0.0808458  0.748619  	
0        	5       	0.94 	0.0331445   	93.4604      	0.0499204  0.78911   	
0        	6       	0.83 	0.00146659  	0            	0          0.00069   	
0        	7       	0.948	0.02645     	89.7714      	0.109279   1.54154   	
0        	8       	0.084	0.0504339   	89.3708      	0.054896   0.562738  	
0        	9       	0.15 	0.0322969   	89.3288      	0.10846    2.10051   	
0        	10      	0.078	0.0461659   	94.5632      	0.0336927  0.48559   	
0        	11      	0.068	0.0931164   	93.7753      	0.0490376  1.05257   	
0        	12      	0.226	0.0345987   	88.1289      	0.132048   2.35719   	
0        	13      	0.846	0.0393034   	82.6351      	0.109715   0.600473  	
0        	14      	1    	0.0517484   	92.0098      	0.0620299  0.825307  	
0        	15      	0.69 	0.109402    	91.0177      	0.0463903  0.486707  	
0        	16      	0.974	0.160781    	91.9783      	0.0338945  0.225851  	
0        	17      	0.932	0.06557     	92.0656      	0.0727641  1.31419   	
0        	18      	0.912	0.111338    	94.8509      	0.0221943  0.451741  	
0        	19      	0.962	0.0293686   	86.6667      	0.158876   2.73752   	
0        	20      	0.108	0.162297    	92.6178      	0.0311705  0.263821  	
