0        	1       	0.944	0.00628696  	0            	0          0.000624  	
0        	2       	0.28 	0.0175719   	93.5904      	0.0437858  0.860381  	
0        	3       	0.062	0.0370935   	90.0356      	0.106457   2.28024   	
0        	4       	0.626	0.0529677   	90.7648      	0.0861759  1.39051   	
0        	5       	0.728	0.0318015   	86.487       	0.145649   1.79813   	
0        	6       	0.336	0.00620108  	0            	0          0.000936  	
0        	7       	0.928	0.00401208  	0            	0          0.000378  	
0        	8       	0.26 	0.0300285   	87.555       	0.144638   2.38103   	
0        	9       	0.152	0.0327744   	87.7584      	0.13257    2.62758   	
0        	10      	0.926	0.00558873  	0            	0          0.000576  	
0        	11      	0.938	0.0849151   	93.1097      	0.0551483  0.939587  	
0        	12      	0.046	0.00223694  	0            	0          0.000378  	
0        	13      	0.958	0.00882736  	0            	0          0.000624  	
0        	14      	0.928	0.00375668  	95.4412      	0.00414062 0.000712  	
0        	15      	0.772	0.0565086   	92.2442      	0.0674136  1.16156   	
0        	16      	0.93 	0.0240004   	84.6599      	0.188762   2.92344   	
0        	17      	0.15 	0.0353427   	88.9282      	0.123157   1.94553   	
0        	18      	0.06 	0.00367765  	0            	0          0.000576  	
0        	19      	0.586	0.00365809  	95.7024      	0.00390335 0.000437  	
0        	20      	0.268	0.00193945  	0            	0          0.00069   	
