0        	1       	0.962	0.0584364   	90.1808      	0.0807428  0.754038  	
0        	2       	0.862	0.0367661   	93.5187      	0.0401431  0.63801   	
0        	3       	0.896	0.0512459   	92.2327      	0.0724791  1.32818   	
0        	4       	0.912	0.0419983   	94.0843      	0.0218131  0.151619  	
0        	5       	0.946	0.0863674   	92.1466      	0.054654   0.716994  	
0        	6       	0.15 	0.0773738   	93.0578      	0.0596184  0.899995  	
0        	7       	0.952	0.0402029   	90.2478      	0.10223    1.76216   	
0        	8       	0.93 	0.0366426   	89.6042      	0.100108   1.49851   	
0        	9       	1    	0.0621789   	91.0176      	0.0775344  0.93923   	
0        	10      	0.932	0.0468792   	86.7673      	0.102729   0.827673  	
0        	11      	0.83 	0.0409      	90.9553      	0.09081    1.89016   	
0        	12      	0.152	0.0514564   	91.2815      	0.0550854  0.78877   	
0        	13      	0.954	0.0611564   	93.6316      	0.0485641  0.641594  	
0        	14      	0.094	0.0836865   	93.0844      	0.0385869  0.598933  	
0        	15      	0.956	0.0601305   	93.7156      	0.0418031  0.600872  	
0        	16      	0.068	0.0307245   	84.6639      	0.147627   1.21926   	
0        	17      	0.108	0.0313361   	93.4907      	0.0480277  0.861697  	
0        	18      	0.132	0.000911274 	0            	0          0.000708  	
0        	19      	0.942	0.0810566   	90.9546      	0.0573484  0.559311  	
0        	20      	0.74 	0.0695283   	92.3491      	0.0688705  1.52872   	
