0        	1       	0.948	0.0467235   	93.211       	0.0580259  0.899345  	
0        	2       	0.782	0.0446138   	93.0883      	0.0472161  0.491381  	
0        	3       	0.94 	0.0876731   	93.1415      	0.0548936  0.865993  	
0        	4       	0.082	0.0753922   	91.8386      	0.0486665  0.487407  	
0        	5       	0.126	0.0500713   	91.2564      	0.0755059  1.16173   	
0        	6       	0.93 	0.0380301   	89.0151      	0.102463   1.05657   	
0        	7       	0.444	0.0387663   	87.3189      	0.118285   1.2354    	
0        	8       	0.202	0.0189103   	94.3692      	0.0284202  0.339203  	
0        	9       	0.06 	0.0622126   	93.1639      	0.0569674  0.897755  	
0        	10      	0.54 	0.0962492   	93.4499      	0.0492239  0.974213  	
0        	11      	0.514	0.129248    	93.8955      	0.0219269  0.412169  	
0        	12      	0.87 	0.0427192   	89.8245      	0.104416   1.64838   	
0        	13      	0.826	0.0881575   	93.9333      	0.0439616  1.31193   	
0        	14      	0.852	0.0431302   	92.2089      	0.043472   0.413016  	
0        	15      	0.928	0.0257401   	92.1257      	0.0611597  0.710645  	
0        	16      	0.226	0.0839672   	93.2108      	0.0545075  1.30325   	
0        	17      	0.542	0.0677798   	93.0767      	0.0413087  0.4501    	
0        	18      	0.926	0.0481104   	90.6351      	0.0934382  1.58967   	
0        	19      	0.856	0.0347563   	92.6785      	0.0369771  0.338187  	
0        	20      	0.748	0.0497633   	91.0829      	0.090323   1.68386   	
