0        	1       	0.282	0.0328864   	0            	0          0.00041   	
0        	2       	0.852	0.00232873  	0            	0          0.00051   	
0        	3       	0.952	0.00439838  	0            	0          0.000444  	
0        	4       	0.772	0.0351132   	93.3735      	0.0113759  0.187487  	
0        	5       	0.95 	0.0573386   	91.2284      	0.0818498  1.4267    	
0        	6       	0.322	0.00463586  	0            	0          0.00069   	
0        	7       	0.102	0.0408349   	89.9222      	0.105606   1.90752   	
0        	8       	0.268	0.00760864  	0            	0          0.000624  	
0        	9       	0.258	0.0430129   	90.096       	0.103823   1.94491   	
0        	10      	0.67 	0.0333789   	87.695       	0.142383   2.34081   	
0        	11      	0.928	0.0739702   	89.7949      	0.0608532  0.673541  	
0        	12      	0.782	0.00312744  	0            	0          0.000378  	
0        	13      	0.998	0.0420106   	89.5499      	0.108456   1.83671   	
0        	14      	0.268	0.00636026  	0            	0          0.000576  	
0        	15      	0.336	0.00221285  	0            	0          0.000444  	
0        	16      	0.956	0.0252704   	84.8604      	0.186295   2.84238   	
0        	17      	0.936	0.0454733   	90.0965      	0.103783   1.80014   	
0        	18      	0.58 	0.0429187   	89.9451      	0.103179   1.7579    	
0        	19      	0.928	0.0435422   	91.1239      	0.0874047  1.97664   	
0        	20      	0.998	0.00306132  	0            	0          0.00087   	
