0        	1       	0.938	0.0244936   	92.284       	0.066309   1.29961   	
0        	2       	0.542	0.00493296  	0            	0          0.00069   	
0        	3       	0.928	0.0483402   	93.052       	0.0483271  0.786977  	
0        	4       	0.896	0.00125486  	0            	0          0.00051   	
0        	5       	0.938	0.0435748   	90.1879      	0.0995818  1.53574   	
0        	6       	0.456	0.140181    	93.9686      	0.0336738  0.486488  	
0        	7       	0.054	0.0567408   	91.8397      	0.0785807  1.86992   	
0        	8       	0.728	0.0288013   	87.1156      	0.145273   2.09835   	
0        	9       	0.67 	0.085978    	90.1272      	0.058872   0.452015  	
0        	10      	0.854	0.0327988   	90.1374      	0.0976494  1.42494   	
0        	11      	0.734	0.0213191   	71.6295      	0.213098   0.711915  	
0        	12      	0.94 	0.000789519 	0            	0          0.001674  	
0        	13      	0.066	0.0541735   	91.5211      	0.0715361  1.19667   	
0        	14      	0.932	0.0307446   	92.4211      	0.0668726  1.01215   	
0        	15      	0.466	0.0645265   	91.6862      	0.0665414  1.04717   	
0        	16      	0.954	0.36109     	93.5605      	0.0110644  0.037446  	
0        	17      	0.924	0.00578853  	0            	0          0.000576  	
0        	18      	0.176	0.0347062   	93.3403      	0.0491368  0.748939  	
0        	19      	0.398	0.0389033   	89.7812      	0.110142   1.98295   	
0        	20      	0.942	0.0346661   	86.1199      	0.138013   1.37909   	
