0        	1       	0.928	0.0404848   	88.2564      	0.0939486  0.749422  	
0        	2       	0.808	0.046008    	92.2374      	0.0540226  0.785555  	
0        	3       	0.514	0.0262968   	93.7577      	0.0386847  0.598595  	
0        	4       	0.586	0.097902    	92.5504      	0.0478656  0.638245  	
0        	5       	0.926	0.062129    	90.229       	0.0781681  0.901755  	
0        	6       	0.69 	0.101758    	92.0955      	0.0441047  0.600033  	
0        	7       	0.604	0.0451362   	92.2044      	0.0714907  1.27429   	
0        	8       	0.914	0.0677242   	90.3812      	0.0696656  0.675774  	
0        	9       	0.952	0.0291434   	86.659       	0.153656   2.48695   	
0        	10      	0.532	0.131622    	94.8499      	0.00884134 0.038078  	
0        	11      	0.604	0.0640594   	93.5778      	0.0498815  0.935611  	
0        	12      	0.826	0.0599977   	91.4349      	0.0799227  1.31225   	
0        	13      	0.958	0.0377061   	89.742       	0.0972876  1.35133   	
0        	14      	0.81 	0.0634355   	92.0854      	0.0526177  0.712282  	
0        	15      	0.95 	0.0429783   	90.0177      	0.106649   1.80343   	
0        	16      	0.974	0.119444    	90.3596      	0.0407056  0.263553  	
0        	17      	0.202	0.138416    	91.9426      	0.0340213  0.225034  	
0        	18      	0.826	0.0636977   	92.8027      	0.0635055  1.31011   	
0        	19      	0.944	0.0198004   	92.6209      	0.0311575  0.189437  	
0        	20      	0.862	0.0287081   	92.1623      	0.0691563  1.12606   	
