0       0.7039  1       	0.604	8.55983   
0       0.7039  3       	0.662	9.30766   
0       0.7039  4       	0.476	6.53218   
0       0.7039  5       	0.58 	8.23042   
0       0.7039  9       	0.83 	11.8421   
0       0.7039  12      	0.922	13.0982   
0       0.7039  13      	0.59 	8.25328   
0       0.7039  14      	0.782	11.044    
0       0.7039  16      	0.922	13.1396   
0       0.7039  17      	0.59 	8.3401    
0       0.7039  18      	0.95 	13.5424   
0       0.7039  19      	0.922	13.1273   
2       0.1059  8       	0.07 	0.767101  
2       0.1059  11      	0.075	0.769622  
2       0.1059  15      	0.592	5.83673   
6       0.106   10      	0.748	9.08491   
7       0.0842  20      	0.52 	5.12441   
