0       0.7559  1       	0.686	9.76604   
0       0.7559  2       	0.726	10.3458   
0       0.7559  4       	0.954	13.5484   
0       0.7559  8       	0.954	13.6392   
0       0.7559  9       	0.524	7.52652   
0       0.7559  10      	0.974	13.9057   
0       0.7559  12      	0.952	13.6043   
0       0.7559  13      	0.924	13.2031   
0       0.7559  15      	0.866	12.3086   
0       0.7559  16      	0.682	9.68055   
0       0.7559  18      	0.958	13.6082   
0       0.7559  19      	0.938	13.3761   
0       0.7559  20      	0.062	0.891521  
6       0.0918  5       	0.094	1.06895   
6       0.0918  7       	0.701	6.91695   
11      0.1523  3       	0.531	6.21538   
11      0.1523  14      	0.299	3.4592    
11      0.1523  17      	0.781	9.3739    
