0       0.6247  3       	0.592	9.00953   
0       0.6247  4       	0.928	14.2919   
0       0.6247  5       	0.94 	14.4261   
0       0.6247  7       	0.828	12.767    
0       0.6247  8       	0.948	14.5509   
0       0.6247  10      	0.514	7.8552    
0       0.6247  11      	0.884	13.6084   
0       0.6247  15      	0.998	15.3518   
0       0.6247  16      	0.928	14.2084   
0       0.6247  17      	0.772	11.88     
1       0.0887  6       	0.737	6.40319   
14      0.134   2       	0.852	8.6496    
14      0.134   12      	0.683	6.98973   
18      0.0568  20      	0.07 	0.7825    
19      0.0958  9       	0.08 	0.456106  
19      0.0958  13      	0.731	4.48278   
