0       0.6567  1       	0.948	12.6076   
0       0.6567  4       	0.914	12.2009   
0       0.6567  5       	0.958	12.8286   
0       0.6567  6       	0.93 	12.4441   
0       0.6567  7       	0.476	6.34871   
0       0.6567  8       	0.548	7.38745   
0       0.6567  11      	0.548	7.31326   
0       0.6567  14      	0.956	12.7783   
0       0.6567  16      	0.922	12.3311   
0       0.6567  17      	0.952	12.7285   
12      0.0388  18      	0.088	0.768402  
13      0.14    2       	0.629	6.66549   
13      0.14    3       	0.577	6.07796   
13      0.14    20      	0.24 	2.55074   
15      0.0916  10      	0.632	5.28486   
19      0.0729  9       	0.337	3.46377   
