0       0.764   1       	0.856	11.7311   
0       0.764   3       	0.938	13.2987   
0       0.764   4       	0.772	11.0262   
0       0.764   5       	0.932	13.1887   
0       0.764   6       	0.932	13.2739   
0       0.764   7       	0.932	13.2164   
0       0.764   9       	0.938	13.3252   
0       0.764   10      	0.932	13.1865   
0       0.764   12      	0.922	13.0449   
0       0.764   13      	0.856	12.104    
0       0.764   14      	0.748	10.6372   
0       0.764   19      	0.928	13.1868   
0       0.764   20      	0.942	13.3981   
11      0.1195  2       	0.707	8.61771   
11      0.1195  17      	0.689	8.40829   
16      0.0575  15      	0.443	4.69163   
18      0.059   8       	0.159	1.29417   
