0       0.7235  1       	0.794	11.969    
0       0.7235  5       	0.592	8.9537    
0       0.7235  6       	0.686	10.3243   
0       0.7235  8       	0.958	14.4631   
0       0.7235  9       	0.938	14.1606   
0       0.7235  10      	0.952	14.3742   
0       0.7235  15      	0.942	14.2434   
0       0.7235  16      	0.896	13.5567   
0       0.7235  17      	0.782	11.6995   
0       0.7235  18      	0.93 	14.0754   
0       0.7235  19      	0.592	8.94811   
0       0.7235  20      	0.928	14.0439   
7       0.0842  4       	0.466	4.7546    
7       0.0842  12      	0.128	1.1989    
11      0.1321  2       	0.628	8.00176   
11      0.1321  3       	0.696	8.92464   
13      0.0602  14      	0.069	0.632326  
