0       0.5578  5       	0.954	13.7109   
0       0.5578  8       	0.794	11.509    
0       0.5578  9       	0.922	13.1891   
0       0.5578  12      	0.942	13.4387   
0       0.5578  14      	0.952	13.1696   
0       0.5578  18      	0.96 	13.7312   
0       0.5578  20      	0.682	9.86699   
6       0.092   7       	0.552	4.98495   
6       0.092   15      	0.07 	0.58612   
6       0.092   16      	0.063	0.545913  
11      0.1422  2       	0.694	7.2761    
11      0.1422  4       	0.82 	8.68748   
13      0.0943  3       	0.706	7.71324   
17      0.0528  1       	0.366	4.03072   
19      0.0608  10      	0.102	0.710806  
