0       0.6845  1       	0.94 	13.6928   
0       0.6845  3       	0.942	13.7365   
0       0.6845  4       	0.662	9.64642   
0       0.6845  5       	1    	14.5627   
0       0.6845  6       	0.954	13.9061   
0       0.6845  8       	0.95 	13.8392   
0       0.6845  9       	0.456	6.74131   
0       0.6845  11      	0.456	6.54785   
0       0.6845  16      	0.748	10.7537   
0       0.6845  18      	0.948	13.8715   
0       0.6845  19      	0.736	10.7899   
0       0.6845  20      	0.952	13.9026   
2       0.065   17      	0.331	3.56766   
7       0.0596  15      	0.3  	2.88716   
10      0.0971  13      	0.828	10.425    
12      0.0938  14      	0.706	6.50369   
