0       0.7068  1       	0.456	5.92172   
0       0.7068  4       	0.956	12.5013   
0       0.7068  7       	0.938	12.2181   
0       0.7068  10      	0.514	6.73258   
0       0.7068  12      	0.794	10.3191   
0       0.7068  13      	0.94 	12.2917   
0       0.7068  14      	0.972	12.684    
0       0.7068  15      	0.936	12.2207   
0       0.7068  17      	0.438	5.72148   
0       0.7068  18      	0.952	12.4315   
0       0.7068  19      	0.686	8.75585   
0       0.7068  20      	0.926	12.0709   
2       0.0546  8       	0.148	1.15773   
9       0.0901  5       	0.511	5.98155   
11      0.0659  3       	0.122	1.09187   
16      0.0826  6       	0.354	3.90707   
