0       0.6284  3       	0.072	1.09651   
0       0.6284  4       	0.592	8.45612   
0       0.6284  5       	0.662	9.50098   
0       0.6284  7       	0.952	13.5037   
0       0.6284  8       	0.938	13.3246   
0       0.6284  10      	0.94 	13.3772   
0       0.6284  12      	0.682	9.73624   
0       0.6284  15      	0.956	13.6044   
0       0.6284  17      	0.922	13.106    
0       0.6284  20      	0.954	13.5663   
6       0.1271  1       	0.631	5.72461   
6       0.1271  19      	0.676	6.91304   
14      0.0778  2       	0.468	4.70078   
14      0.0778  9       	0.222	2.25152   
16      0.0684  13      	0.506	5.21703   
18      0.0983  11      	0.806	9.55149   
