0       0.5094  3       	0.952	13.9331   
0       0.5094  5       	0.682	10.0026   
0       0.5094  6       	0.942	13.6913   
0       0.5094  9       	0.662	9.72765   
0       0.5094  13      	0.772	11.3103   
0       0.5094  14      	0.662	9.51058   
0       0.5094  19      	0.674	9.78058   
1       0.1371  12      	0.713	7.28338   
1       0.1371  16      	0.604	5.53068   
2       0.0636  11      	0.057	0.370849  
7       0.0661  10      	0.182	1.40778   
8       0.0987  17      	0.723	6.28291   
15      0.0571  4       	0.06 	0.584028  
20      0.068   18      	0.08 	0.645118  
