0       0.7553  1       	0.726	9.85713   
0       0.7553  2       	0.944	12.7685   
0       0.7553  3       	0.948	12.8349   
0       0.7553  7       	0.948	12.832    
0       0.7553  9       	0.466	6.29134   
0       0.7553  10      	0.854	11.5373   
0       0.7553  11      	0.924	12.467    
0       0.7553  12      	0.456	6.12994   
0       0.7553  13      	0.95 	12.8691   
0       0.7553  14      	0.456	6.15962   
0       0.7553  16      	0.944	12.7668   
0       0.7553  17      	0.962	13.0842   
0       0.7553  18      	0.856	11.6451   
0       0.7553  19      	0.794	10.6908   
4       0.0675  8       	0.511	5.20616   
15      0.0844  5       	0.677	6.50398   
20      0.0928  6       	0.798	8.95956   
