0       0.648   2       	0.674	9.31187   
0       0.648   7       	0.94 	13.0446   
0       0.648   8       	0.626	8.65094   
0       0.648   11      	0.956	13.2799   
0       0.648   12      	0.548	7.62427   
0       0.648   13      	0.956	13.3242   
0       0.648   15      	0.58 	8.15036   
0       0.648   16      	0.828	11.5042   
0       0.648   17      	0.948	13.1735   
0       0.648   20      	0.944	13.0903   
1       0.118   5       	0.526	4.15775   
1       0.118   6       	0.461	3.52733   
1       0.118   9       	0.526	4.09716   
4       0.0956  3       	0.755	8.8259    
10      0.0837  14      	0.636	8.38437   
18      0.0547  19      	0.413	2.89962   
