0       0.7727  2       	0.772	11.3205   
0       0.7727  4       	0.514	7.4423    
0       0.7727  5       	0.772	11.2902   
0       0.7727  7       	0.678	9.87579   
0       0.7727  8       	0.466	6.82619   
0       0.7727  10      	0.952	13.9381   
0       0.7727  11      	0.93 	13.5866   
0       0.7727  12      	0.952	13.9249   
0       0.7727  13      	0.068	0.982564  
0       0.7727  15      	0.916	13.3557   
0       0.7727  16      	0.964	14.116    
0       0.7727  17      	0.952	13.8961   
0       0.7727  18      	0.456	6.65338   
0       0.7727  19      	0.974	14.2672   
1       0.0989  9       	0.748	7.65583   
14      0.1284  3       	0.644	6.33733   
14      0.1284  6       	0.633	6.26214   
14      0.1284  20      	0.066	0.696371  
