0       0.5001  3       	0.952	14.6281   
0       0.5001  5       	1    	15.3719   
0       0.5001  9       	0.466	7.1193    
0       0.5001  13      	0.944	14.4618   
0       0.5001  19      	0.986	15.1031   
2       0.0883  14      	0.798	9.19333   
4       0.0967  15      	0.724	8.42574   
4       0.0967  18      	0.315	3.35765   
8       0.089   6       	0.067	0.749865  
8       0.089   10      	0.674	7.52904   
11      0.1344  7       	0.122	1.47862   
11      0.1344  12      	0.648	7.51912   
11      0.1344  16      	0.818	9.53872   
17      0.0914  1       	0.628	7.29997   
17      0.0914  20      	0.222	2.62193   
