0       0.715   2       	0.928	13.8211   
0       0.715   3       	0.944	14.1042   
0       0.715   4       	0.94 	14.0137   
0       0.715   5       	0.952	14.2702   
0       0.715   7       	0.928	13.8842   
0       0.715   9       	0.476	7.15198   
0       0.715   10      	0.948	14.165    
0       0.715   12      	0.952	14.17     
0       0.715   14      	0.94 	14.055    
0       0.715   15      	0.772	11.4938   
0       0.715   16      	0.772	11.4669   
0       0.715   18      	0.94 	14.0061   
1       0.0633  19      	0.058	0.728847  
8       0.0842  6       	0.378	4.31498   
13      0.0693  11      	0.167	1.26883   
20      0.0682  17      	0.182	1.91163   
