0       0.7298  1       	0.866	13.0623   
0       0.7298  3       	0.938	14.2029   
0       0.7298  4       	0.93 	14.0453   
0       0.7298  5       	0.476	7.298     
0       0.7298  9       	0.936	14.1682   
0       0.7298  10      	0.928	14.0736   
0       0.7298  12      	0.952	14.406    
0       0.7298  13      	0.972	14.6891   
0       0.7298  15      	0.466	7.08566   
0       0.7298  17      	1    	15.1239   
0       0.7298  18      	0.944	14.2999   
7       0.1124  2       	0.107	1.21456   
7       0.1124  6       	0.209	2.22678   
7       0.1124  11      	0.617	6.55595   
14      0.0745  8       	0.218	2.11898   
19      0.0832  16      	0.328	3.16489   
19      0.0832  20      	0.431	4.79799   
