0       0.7274  1       	0.846	13.5025   
0       0.7274  2       	0.952	15.1109   
0       0.7274  7       	0.914	14.5587   
0       0.7274  8       	0.856	13.7047   
0       0.7274  9       	0.548	8.6334    
0       0.7274  11      	0.772	12.3436   
0       0.7274  12      	0.954	15.2234   
0       0.7274  13      	0.94 	15.0106   
0       0.7274  17      	0.928	14.7393   
0       0.7274  18      	0.514	8.2184    
0       0.7274  19      	0.466	7.44495   
0       0.7274  20      	0.476	7.58399   
3       0.0768  4       	0.222	1.86775   
3       0.0768  10      	0.199	1.68717   
14      0.1127  5       	0.687	6.38722   
15      0.0831  6       	0.059	0.859687  
15      0.0831  16      	0.194	2.25394   
