0       0.7122  3       	0.938	14.5181   
0       0.7122  4       	0.954	14.7967   
0       0.7122  5       	0.96 	14.8675   
0       0.7122  7       	0.926	14.3272   
0       0.7122  9       	0.958	14.8421   
0       0.7122  10      	0.916	14.217    
0       0.7122  11      	0.718	11.1628   
0       0.7122  12      	0.89 	13.7883   
0       0.7122  14      	0.942	14.5773   
0       0.7122  16      	0.914	14.1707   
0       0.7122  17      	0.93 	14.4045   
0       0.7122  19      	0.662	10.2435   
2       0.0695  20      	0.26 	2.30596   
6       0.0939  18      	0.716	6.61899   
8       0.0614  1       	0.084	0.715114  
13      0.0629  15      	0.072	0.622576  
