0       0.6148  1       	0.93 	12.7221   
0       0.6148  2       	0.592	8.42381   
0       0.6148  4       	0.952	13.5228   
0       0.6148  5       	0.592	8.32954   
0       0.6148  12      	0.954	13.5845   
0       0.6148  13      	0.948	13.4385   
0       0.6148  14      	0.95 	13.5676   
0       0.6148  16      	0.954	13.4921   
0       0.6148  17      	0.482	6.86009   
3       0.1259  10      	0.705	7.35877   
3       0.1259  11      	0.661	7.02988   
6       0.0841  8       	0.18 	1.95885   
6       0.0841  9       	0.463	4.74182   
15      0.1314  19      	0.64 	7.46173   
15      0.1314  20      	0.752	8.89116   
18      0.0438  7       	0.1  	0.816941  
