0        	2       	0.58 	0.0750972   	91.8461      	0.061277   0.823634  	
0        	3       	0.952	0.0546721   	90.5481      	0.0866453  1.19878   	
0        	4       	0.514	0.0434882   	89.2048      	0.108213   1.75816   	
0        	6       	0.962	0.0314935   	86.6953      	0.15073    1.96563   	
0        	11      	0.974	0.024046    	83.8548      	0.196674   2.81843   	
0        	12      	0.564	0.0271102   	86.025       	0.166369   2.95351   	
0        	16      	0.958	0.0276198   	88.934       	0.123092   2.21006   	
0        	19      	0.662	0.0324664   	88.0368      	0.130034   2.05924   	
0        	20      	0.564	0.0257791   	86.2633      	0.159764   2.73045   	
7        	8       	0.406	0.00353786  	12.5748      	1.30553    16.2509   	
14       	10      	0.691	0.00795917  	59.4355      	0.570566   8.2121    	
14       	18      	0.169	0.00708482  	54.482       	0.661848   9.04437   	
15       	13      	0.331	0.00353367  	12.5236      	1.30131    16.158    	
17       	1       	0.408	0.00977107  	66.736       	0.45497    6.38334   	
17       	5       	0.707	0.0142057   	75.7291      	0.329801   4.93477   	
17       	9       	0.191	0.010156    	67.2628      	0.461695   6.05458   	
