0        	5       	0.938	0.0424064   	89.7104      	0.109932   1.87361   	
0        	6       	0.868	0.039915    	89.4661      	0.11463    1.99756   	
0        	9       	0.582	0.0381242   	88.1089      	0.124613   2.01953   	
0        	11      	0.944	0.0244111   	84.2893      	0.188864   2.58235   	
0        	13      	0.532	0.0314824   	88.0048      	0.135624   2.31825   	
0        	14      	0.974	0.0280493   	85.8131      	0.163969   2.32438   	
0        	15      	0.952	0.03888     	91.009       	0.0878277  1.42344   	
0        	16      	0.516	0.0379303   	89.8172      	0.106744   1.75758   	
0        	20      	0.95 	0.0303675   	88.3607      	0.132125   2.35724   	
1        	4       	0.582	0.00228934  	96.628       	0.00306542 0.000117  	
1        	19      	0.706	0.00353784  	12.5499      	1.30243    16.2562   	
2        	10      	0.695	0.00478597  	34.564       	0.965979   13.5628   	
7        	3       	0.088	0.00353026  	12.4027      	1.30139    16.179    	
8        	17      	0.617	0.00353431  	12.5478      	1.30148    16.307    	
18       	12      	0.795	0.00472889  	33.8295      	0.976198   13.4661   	
