0        	6       	0.928	0.0339142   	88.9653      	0.121845   2.13237   	
0        	10      	0.54 	0.00271636  	96.3787      	0.00329207 0.00022   	
0        	11      	0.964	0.000963409 	96.3314      	0.00333511 0.000183  	
0        	12      	0.948	0.00271626  	96.2646      	0.00339582 0.000183  	
0        	13      	0.688	0.0357631   	88.3095      	0.132987   2.12575   	
0        	14      	0.592	0.0253172   	85.1005      	0.18334    3.36472   	
0        	16      	0.956	0.0165251   	78.6807      	0.284177   4.4158    	
0        	18      	0.916	0.0243168   	85.5163      	0.174757   3.09563   	
0        	19      	0.986	0.019458    	81.7303      	0.233652   3.40773   	
1        	3       	0.801	0.00130248  	96.5887      	0.00310116 0.000249  	
1        	5       	0.703	0.0102121   	67.697       	0.448903   6.43388   	
1        	7       	0.667	0.0101058   	67.1423      	0.462353   6.41324   	
1        	15      	0.719	0.0155133   	77.5995      	0.297782   4.71012   	
9        	2       	0.661	0.00807564  	60.2986      	0.567034   8.53381   	
9        	8       	0.509	0.00748848  	56.8649      	0.625323   9.07832   	
20       	4       	0.78 	0.00656784  	51.1367      	0.711038   8.78307   	
20       	17      	0.674	0.00746771  	56.9147      	0.61163    7.856     	
