0        	1       	0.946	0.0324368   	89.5189      	0.114845   2.09913   	
0        	3       	1    	0.0163269   	79.6068      	0.268331   3.87985   	
0        	6       	0.564	0.0553663   	91.776       	0.0754197  1.49826   	
0        	12      	0.564	0.0395404   	90.589       	0.0935369  1.86976   	
0        	13      	0.938	0.0437527   	90.2463      	0.102246   1.86957   	
0        	14      	0.928	0.0319592   	87.0163      	0.145406   2.17504   	
0        	15      	0.938	0.0293979   	86.3284      	0.161374   2.31974   	
0        	16      	0.942	0.0478358   	90.0345      	0.098668   1.46407   	
0        	20      	0.972	0.0544267   	90.6988      	0.0885478  1.31749   	
7        	4       	0.07 	0.00486475  	35.6216      	0.947095   13.516    	
8        	10      	0.673	0.00485989  	35.4694      	0.951483   13.3728   	
9        	19      	0.684	0.00478846  	34.6202      	0.962849   13.4743   	
11       	5       	0.171	0.00739406  	56.3294      	0.635374   8.64353   	
11       	17      	0.263	0.00766955  	57.8779      	0.600193   8.59631   	
18       	2       	0.084	0.00477231  	34.3367      	0.965993   13.452    	
