0        	5       	0.954	0.0213679   	83.4926      	0.208333   3.223     	
0        	6       	0.956	0.0224602   	84.3412      	0.183796   3.29347   	
0        	10      	0.938	0.0409017   	90.0833      	0.102897   1.72287   	
0        	11      	0.936	0.0603314   	90.7012      	0.0764981  1.00968   	
0        	13      	0.072	0.0462997   	90.1296      	0.0955305  1.75763   	
0        	14      	0.958	0.058041    	91.3023      	0.0824892  1.46178   	
0        	15      	0.954	0.0413544   	90.2525      	0.101141   1.75978   	
0        	16      	0.938	0.0462202   	90.2605      	0.102098   1.8422    	
0        	19      	0.59 	0.0672088   	91.7138      	0.0715564  1.38597   	
0        	20      	0.782	0.0529261   	90.5299      	0.0817795  1.27604   	
2        	17      	0.154	0.00355454  	12.6572      	1.30885    16.2964   	
3        	18      	0.074	0.00353293  	12.5382      	1.30373    16.2422   	
4        	7       	0.109	0.00355242  	12.7521      	1.30419    16.2695   	
9        	8       	0.109	0.00354232  	12.6802      	1.29945    16.2288   	
12       	1       	0.071	0.00355294  	12.8913      	1.29941    16.2281   	
