0        	2       	0.906	0.0550123   	90.7695      	0.0861326  1.23457   	
0        	4       	0.69 	0.02629     	85.4654      	0.171811   3.03473   	
0        	5       	0.938	0.0439186   	89.412       	0.106173   1.4962    	
0        	6       	0.58 	0.0897395   	92.2164      	0.0541396  0.63635   	
0        	13      	0.572	0.0249031   	86.2302      	0.166228   2.95529   	
0        	14      	0.948	0.0309882   	87.1168      	0.152068   2.51004   	
0        	16      	0.942	0.0322747   	88.8591      	0.121061   2.05998   	
0        	17      	0.932	0.0525046   	91.0888      	0.0858114  1.20169   	
0        	18      	0.936	0.039449    	90.5674      	0.0925394  1.64865   	
0        	19      	0.95 	0.0386687   	88.2735      	0.121636   1.61483   	
8        	15      	0.684	0.0035373   	12.5802      	1.29815    16.1843   	
11       	7       	0.069	0.00353793  	12.5645      	1.30166    16.1832   	
12       	1       	0.715	0.0100493   	67.2854      	0.451173   6.52716   	
12       	9       	0.83 	0.0106721   	68.7856      	0.441226   6.13594   	
12       	10      	0.603	0.0137704   	75.5545      	0.332571   4.82322   	
20       	3       	0.08 	0.00475137  	34.0383      	0.973996   13.4101   	
