0        	1       	0.948	0.0457801   	89.9949      	0.10154    1.69026   	
0        	2       	0.928	0.0318124   	87.1335      	0.144133   2.02485   	
0        	3       	0.592	0.0985883   	93.4919      	0.033612   0.412969  	
0        	4       	0.94 	0.0240675   	85.0818      	0.18357    2.96026   	
0        	5       	0.456	0.0744632   	92.9583      	0.0587084  1.2712    	
0        	7       	0.586	0.0371054   	89.5274      	0.113832   1.98283   	
0        	9       	0.938	0.0792424   	93.5315      	0.0452134  0.953123  	
0        	10      	0.736	0.0306824   	93.7895      	0.0373678  0.419521  	
0        	11      	0.456	0.12057     	93.9988      	0.0379389  0.90485   	
0        	14      	0.932	0.0293236   	92.5887      	0.0630477  1.3475    	
0        	15      	0.662	0.0288549   	85.7897      	0.148964   1.68563   	
0        	16      	0.772	0.0478597   	91.0684      	0.0906454  1.7219    	
0        	17      	0.676	0.0624193   	91.7069      	0.076023   1.45996   	
18       	6       	0.669	0.0103194   	67.9093      	0.442505   6.54946   	
18       	13      	0.68 	0.0120647   	71.8715      	0.389117   5.57076   	
18       	20      	0.541	0.0127683   	73.3227      	0.367287   5.60707   	
19       	8       	0.793	0.00355578  	12.8339      	1.29941    16.237    	
19       	12      	0.798	0.000978848 	96.6589      	0.00303739 0.000117  	
