0        	1       	0.94 	0.0958417   	93.2516      	0.0489015  0.791793  	
0        	3       	0.866	0.0615512   	91.3808      	0.0624582  0.712415  	
0        	4       	0.856	0.0928621   	93.1616      	0.051391   0.751009  	
0        	5       	0.078	0.0403835   	89.3851      	0.117771   2.10494   	
0        	6       	0.772	0.0410768   	89.7905      	0.102487   2.00926   	
0        	7       	0.622	0.0396919   	90.2138      	0.0928126  1.42217   	
0        	10      	0.69 	0.0939813   	93.1867      	0.0474158  0.863151  	
0        	12      	0.944	0.034648    	87.5301      	0.131957   1.83818   	
0        	13      	0.58 	0.0469993   	91.0594      	0.0788881  1.23409   	
0        	14      	0.94 	0.0376718   	90.6821      	0.0902149  1.61198   	
0        	16      	0.936	0.0611046   	92.4644      	0.0672818  0.973589  	
0        	18      	0.532	0.0549328   	91.5994      	0.0652156  0.897967  	
0        	19      	0.83 	0.0450545   	89.684       	0.105892   1.68497   	
0        	20      	0.846	0.0161716   	91.0397      	0.0909366  1.57168   	
11       	17      	0.058	0.0046729   	33.0297      	0.989293   13.5308   	
15       	2       	0.61 	0.0121213   	72.0671      	0.385889   5.68814   	
15       	8       	0.731	0.0144055   	76.3825      	0.319732   5.12144   	
15       	9       	0.674	0.00962142  	65.8383      	0.479537   7.12411   	
