0        	1       	0.954	0.0196884   	82.7184      	0.216841   3.03152   	
0        	2       	0.906	0.0325759   	0            	0          0.000536  	
0        	3       	0.662	0.0685636   	92.3892      	0.0706128  1.12181   	
0        	5       	0.944	0.0226372   	83.8304      	0.19583    3.50591   	
0        	8       	0.914	0.0334669   	88.1296      	0.129731   2.32156   	
0        	10      	0.866	0.0047977   	0            	0          0.000882  	
0        	11      	0.928	0.0626876   	91.9341      	0.0711696  1.45924   	
0        	13      	0.958	0.0373101   	88.064       	0.125123   1.76224   	
0        	14      	0.078	0.0366445   	88.9666      	0.12273    2.50516   	
0        	15      	0.938	0.00645387  	0            	0          0.00061   	
0        	16      	0.936	0.0043518   	95.7048      	0.00390122 0.000426  	
0        	17      	0.914	0.0327902   	87.9426      	0.142351   2.50855   	
0        	18      	0.958	0.00539777  	0            	0          0.000404  	
0        	19      	0.894	0.00744412  	0            	0          0.000404  	
0        	20      	0.924	0.0240084   	56.6043      	0.204559   0.337179  	
6        	7       	0.668	0.00734315  	55.9468      	0.638851   8.44715   	
6        	9       	0.555	0.00727569  	55.7238      	0.637155   8.56565   	
12       	4       	0.596	0.00351881  	12.1951      	1.30608    16.237    	
