0        	3       	0.408	0.0695747   	92.4055      	0.0704614  1.27376   	
0        	4       	0.456	0.0508874   	90.7333      	0.0834155  1.49941   	
0        	5       	0.808	0.0405692   	89.9135      	0.107762   1.65163   	
0        	6       	0.934	0.0381678   	88.9512      	0.121065   1.76255   	
0        	8       	0.928	0.0404941   	89.0163      	0.113968   1.50138   	
0        	10      	0.958	0.03619     	88.1345      	0.131018   1.76557   	
0        	11      	0.956	0.0458728   	90.4284      	0.0923191  1.17315   	
0        	12      	0.954	0.018165    	90.9686      	0.084434   1.20063   	
0        	13      	0.058	0.0460727   	90.3378      	0.0968895  1.68299   	
0        	16      	0.456	0.0700629   	93.0864      	0.0559806  1.19677   	
0        	17      	0.058	0.07455     	92.8196      	0.0477631  0.860669  	
0        	19      	0.958	0.0239304   	84.0264      	0.196227   2.67065   	
2        	20      	0.56 	0.00353519  	12.5072      	1.30465    16.3145   	
7        	1       	0.075	0.00460997  	32.0523      	1.00229    13.4844   	
7        	14      	0.091	0.00010785  	96.637       	0.00305726 0.000117  	
9        	15      	0.41 	0.00781722  	58.4086      	0.600288   8.29783   	
9        	18      	0.417	0.00717442  	55.2702      	0.635324   9.03891   	
