0        	4       	0.794	0.0248911   	84.9515      	0.185174   2.95506   	
0        	5       	0.476	0.0362352   	88.793       	0.123711   2.0622    	
0        	6       	0.59 	0.0363661   	89.282       	0.118347   2.28201   	
0        	7       	1    	0.0266387   	85.4293      	0.171987   2.36051   	
0        	8       	0.548	0.0388619   	89.8384      	0.108564   1.90748   	
0        	10      	1    	0.0207291   	81.9207      	0.224005   2.84617   	
0        	11      	0.682	0.0520906   	91.3184      	0.0783487  1.69328   	
0        	17      	0.954	0.0379724   	88.2612      	0.125376   1.64919   	
0        	19      	0.718	0.0809734   	91.8046      	0.0627195  0.776337  	
1        	3       	0.75 	0.0128222   	73.7111      	0.350559   5.37637   	
1        	9       	0.691	0.016437    	79.2395      	0.274463   4.11322   	
1        	15      	0.6  	0.0178192   	80.033       	0.262563   4.11209   	
1        	20      	0.757	0.0165709   	78.7359      	0.281121   4.22655   	
14       	2       	0.08 	0.00473067  	33.8309      	0.974989   13.4014   	
16       	12      	0.328	0.00354847  	12.5603      	1.30761    16.2199   	
18       	13      	0.06 	0.00353712  	12.5467      	1.30119    16.1558   	
