0        	2       	0.914	0.0624329   	92.1979      	0.0715508  1.27616   	
0        	3       	0.846	0.0370066   	89.9873      	0.0901307  1.34744   	
0        	4       	0.482	0.124785    	94.1604      	0.0412803  0.972564  	
0        	5       	0.866	0.0351512   	87.6772      	0.125063   1.64991   	
0        	9       	0.626	0.0625768   	91.5227      	0.0697404  1.23474   	
0        	10      	0.718	0.0759461   	92.3627      	0.0593186  0.863729  	
0        	11      	0.884	0.0851243   	92.4424      	0.0525677  0.788571  	
0        	12      	0.948	0.0318926   	87.5345      	0.141466   2.36214   	
0        	13      	0.948	0.0831413   	94.6523      	0.0298567  0.561871  	
0        	15      	0.772	0.0513807   	92.0139      	0.066325   1.65377   	
0        	16      	0.954	0.0302808   	86.9798      	0.150612   2.58847   	
0        	17      	0.828	0.0346486   	89.5652      	0.111483   1.90808   	
0        	19      	0.936	0.0179769   	93.7949      	0.0404681  0.450593  	
0        	20      	0.958	0.0584823   	91.6494      	0.0817148  1.36191   	
1        	14      	0.295	0.00468499  	33.2247      	0.986336   13.5307   	
7        	6       	0.079	0.00355795  	12.9341      	1.30067    16.2399   	
8        	18      	0.175	0.00469434  	33.2319      	0.985207   13.5424   	
