0        	1       	0.928	0.0221875   	84.1962      	0.187397   2.35893   	
0        	3       	0.626	0.0610525   	92.5356      	0.0666751  1.1975    	
0        	7       	0.514	0.0508865   	92.4805      	0.0663486  1.12366   	
0        	9       	0.952	0.0326951   	89.2859      	0.115481   1.79753   	
0        	15      	0.828	0.0297497   	86.7422      	0.153231   2.17994   	
0        	17      	0.532	0.0386083   	89.269       	0.118491   2.02251   	
0        	18      	0.948	0.0293249   	86.7129      	0.150648   2.65031   	
0        	19      	0.938	0.0229476   	83.8199      	0.203021   3.29325   	
0        	20      	0.96 	0.0370342   	88.5281      	0.119034   1.6517    	
2        	12      	0.151	0.00729573  	55.9168      	0.642372   9.05716   	
2        	14      	0.272	0.00799322  	59.5592      	0.570652   8.37622   	
5        	8       	0.817	0.00480544  	34.7489      	0.960868   13.4333   	
11       	10      	0.664	0.00353012  	12.4465      	1.3016     16.3245   	
13       	6       	0.057	0.0035419   	12.6855      	1.30239    16.2685   	
16       	4       	0.731	0.00471209  	33.473       	0.980928   13.4704   	
