0        	2       	0.914	0.0301925   	87.3828      	0.148188   2.36396   	
0        	3       	0.068	0.0225874   	93.3507      	0.0433651  0.523685  	
0        	5       	0.668	0.0420604   	89.1274      	0.109027   1.57043   	
0        	6       	0.938	0.0339198   	88.5962      	0.120547   2.32053   	
0        	8       	0.948	0.0405976   	89.36        	0.114683   1.87587   	
0        	9       	0.894	0.0435014   	89.8857      	0.102648   1.78133   	
0        	10      	0.794	0.0793795   	92.8187      	0.0590512  1.01509   	
0        	12      	0.59 	0.0395286   	89.4428      	0.108369   1.57032   	
0        	13      	0.794	0.0543977   	91.1895      	0.0872328  1.50163   	
0        	15      	0.956	0.0249607   	92.1843      	0.0587061  0.750999  	
0        	16      	0.87 	0.0395562   	91.9388      	0.0725642  1.24089   	
0        	17      	0.776	0.124499    	93.4492      	0.0365512  0.636906  	
0        	20      	0.948	0.0496521   	92.3551      	0.0701091  1.12834   	
7        	14      	0.342	0.00354065  	12.6078      	1.303      16.1978   	
11       	4       	0.187	0.00708989  	54.4838      	0.663232   8.60885   	
11       	19      	0.487	0.00729867  	56.1999      	0.617116   8.3362    	
18       	1       	0.095	0.00354541  	12.6743      	1.29992    16.1843   	
