0        	1       	0.952	0.0417546   	89.3692      	0.112531   1.62204   	
0        	2       	0.938	0.0458263   	90.304       	0.101642   1.87184   	
0        	6       	0.952	0.0794195   	93.1699      	0.0466585  0.786735  	
0        	7       	0.92 	0.0384424   	89.7728      	0.108768   1.86072   	
0        	8       	0.772	0.0697589   	93.7325      	0.0486796  1.15956   	
0        	9       	0.93 	0.0602794   	91.3042      	0.0782445  1.27688   	
0        	11      	0.718	0.0726378   	93.0963      	0.0552558  0.897659  	
0        	12      	0.914	0.0591708   	92.5449      	0.067108   1.49698   	
0        	13      	1    	0.0520044   	91.0454      	0.0908788  1.35587   	
0        	15      	0.926	0.0475746   	91.078       	0.0883364  1.65044   	
0        	17      	0.676	0.0712145   	92.779       	0.051395   0.97251   	
0        	18      	0.928	0.0532621   	90.8988      	0.0898473  1.70503   	
0        	19      	0.928	0.0290569   	86.7478      	0.150434   1.86891   	
4        	3       	0.24 	0.00737779  	56.0983      	0.637273   8.58742   	
4        	5       	0.437	0.00752249  	57.2259      	0.611621   8.53604   	
14       	10      	0.068	0.00354917  	12.8308      	1.29732    16.1874   	
20       	16      	0.222	0.00460278  	32.0978      	0.998251   13.5987   	
