0        	3       	0.674	0.0370137   	88.9509      	0.120099   2.02251   	
0        	4       	0.952	0.0187676   	80.757       	0.251102   3.74333   	
0        	11      	0.928	0.0261637   	85.3261      	0.179916   2.69177   	
0        	13      	0.718	0.0292565   	86.9913      	0.149245   2.41315   	
0        	15      	0.548	0.0314261   	87.084       	0.146618   2.28079   	
0        	17      	0.952	0.0270395   	87.1484      	0.150164   2.4704    	
0        	18      	1    	0.028612    	86.6584      	0.151094   2.84138   	
2        	12      	0.456	0.00353158  	12.4496      	1.3017     16.2059   	
14       	5       	0.739	0.012245    	72.5523      	0.380045   5.45925   	
14       	6       	0.448	0.0100171   	67.3332      	0.457945   6.46658   	
14       	9       	0.69 	0.0124592   	72.8382      	0.370716   5.62867   	
16       	1       	0.07 	0.00726283  	55.778       	0.630055   8.70594   	
16       	8       	0.693	0.00753257  	57.171       	0.622117   8.38362   	
19       	7       	0.072	0.00353742  	12.6505      	1.29772    16.22     	
20       	10      	0.709	0.00353941  	12.6084      	1.30327    16.1954   	
