0        	1       	0.95 	0.00360073  	96.3535      	0.00331499 0.000183  	
0        	2       	0.476	0.000600795 	96.3325      	0.00333411 0.000183  	
0        	5       	0.942	0.00012967  	96.5605      	0.00312686 0.000191  	
0        	6       	0.942	0.000977359 	96.6014      	0.00308966 0.000117  	
0        	9       	0.93 	0.00762083  	57.6451      	0.605586   8.6157    	
0        	10      	0.548	0.000894451 	96.4572      	0.00322072 0.000117  	
0        	11      	0.772	0.00231589  	96.4103      	0.00326339 0.000117  	
0        	12      	0.914	0.00176001  	96.5193      	0.00316426 0.000117  	
0        	13      	0.942	2.886e-05   	96.4381      	0.00323813 0.000154  	
0        	15      	0.45 	0.00212802  	96.3113      	0.00335334 0.000154  	
0        	16      	0.952	0.00748535  	56.8275      	0.627188   8.64875   	
0        	18      	0.932	0.00479129  	96.3008      	0.00336293 0.000117  	
7        	3       	0.15 	0.00353173  	12.4724      	1.30204    16.2363   	
14       	17      	0.576	0.00468812  	33.1805      	0.986187   13.4656   	
19       	4       	0.795	0.00353594  	12.5484      	1.29956    16.2538   	
20       	8       	0.179	0.00474927  	33.984       	0.973045   13.5448   	
