0        	1       	0.456	0.0483963   	89.4739      	0.0947133  1.53402   	
0        	2       	0.868	0.0432243   	91.4001      	0.0851478  1.68295   	
0        	4       	0.944	0.0128854   	90.6622      	0.08934    0.937941  	
0        	5       	0.926	0.0542678   	90.4416      	0.0825423  1.08801   	
0        	7       	0.92 	0.0335774   	87.4634      	0.139451   1.83884   	
0        	8       	0.8  	0.0324058   	87.3278      	0.138853   1.90595   	
0        	13      	0.894	0.035227    	88.0482      	0.123973   1.68581   	
0        	15      	0.456	0.0947617   	94.3874      	0.0373343  0.860394  	
0        	16      	0.884	0.0335881   	88.0991      	0.136757   2.28351   	
0        	17      	0.87 	0.0260341   	86.0461      	0.159663   2.81445   	
0        	20      	0.958	0.0450942   	89.6956      	0.105773   1.6509    	
9        	6       	0.6  	0.00466685  	32.9743      	0.98923    13.4297   	
12       	3       	0.499	0.00474323  	33.9656      	0.971049   13.5028   	
14       	11      	0.681	0.00187471  	96.6338      	0.00306016 0.000117  	
14       	19      	0.527	0.00354033  	12.59        	1.30148    16.2988   	
18       	10      	0.311	0.00354498  	12.7684      	1.29689    16.1675   	
