0        	1       	0.884	0.0587769   	91.6046      	0.0740767  1.30887   	
0        	2       	0.548	0.0253741   	85.4614      	0.178259   3.10303   	
0        	3       	0.942	0.053146    	89.0392      	0.0901713  1.00974   	
0        	6       	0.936	0.0249013   	82.7612      	0.187701   1.9232    	
0        	9       	0.946	0.0283012   	85.7006      	0.161228   2.1095    	
0        	10      	0.662	0.041527    	89.5708      	0.113361   2.13117   	
0        	11      	0.532	0.0202013   	82.1649      	0.225951   3.65481   	
0        	13      	0.83 	0.0229169   	84.9482      	0.185862   3.10591   	
0        	16      	0.96 	0.00532661  	95.9654      	0.00366784 0.000339  	
14       	20      	0.621	0.00467674  	33.1512      	0.981251   13.5307   	
15       	19      	0.689	0.00476905  	34.4083      	0.962936   13.4386   	
17       	5       	0.159	0.00811628  	59.8368      	0.578457   8.21797   	
17       	7       	0.844	0.00713565  	55.1112      	0.642476   9.17159   	
17       	12      	0.607	0.00116486  	96.6103      	0.00308157 0.000117  	
18       	4       	0.21 	0.00747268  	56.6365      	0.629294   8.50913   	
18       	8       	0.25 	0.00744587  	56.8637      	0.614072   8.62016   	
