0        	2       	0.962	0.03495     	87.928       	0.134282   2.21302   	
0        	5       	0.59 	0.0748391   	92.7103      	0.0643205  1.49599   	
0        	8       	0.95 	0.0425963   	91.2721      	0.0864144  1.65057   	
0        	9       	0.956	0.0244139   	86.5711      	0.154316   2.21052   	
0        	10      	0.938	0.0387312   	88.8503      	0.11688    1.60951   	
0        	12      	0.772	0.0542648   	90.5286      	0.0843047  1.27788   	
0        	13      	0.728	0.040955    	91.647       	0.0785736  1.53665   	
0        	14      	0.662	0.0365834   	88.9081      	0.119554   1.94666   	
0        	19      	0.936	0.0293362   	86.6731      	0.156645   2.78767   	
0        	20      	0.772	0.0443985   	90.2133      	0.102593   1.90868   	
1        	16      	0.218	0.00482306  	35.0185      	0.956011   13.444    	
3        	15      	0.69 	0.00354307  	12.7696      	1.29784    16.2317   	
4        	6       	0.705	0.00353377  	12.5706      	1.3002     16.1621   	
17       	7       	0.366	0.00354383  	12.72        	1.30174    16.1569   	
18       	11      	0.681	0.00355172  	12.8372      	1.29736    16.1873   	
