0        	1       	0.94 	0.0662504   	91.8812      	0.0684981  1.04817   	
0        	2       	0.932	0.0332783   	91.6346      	0.0817167  1.16222   	
0        	4       	0.466	0.04115     	90.4379      	0.0946746  1.57051   	
0        	5       	0.87 	0.0313797   	87.179       	0.149008   2.32308   	
0        	7       	0.532	0.00218675  	0            	0          0.000826  	
0        	8       	1    	0.0444794   	90.0186      	0.106639   1.68661   	
0        	9       	0.476	0.0515713   	91.0658      	0.0813841  1.98841   	
0        	10      	0.906	0.057811    	92.367       	0.0659152  1.16046   	
0        	12      	1    	0.0365928   	89.033       	0.12017    1.87355   	
0        	13      	0.782	0.0560767   	91.5526      	0.0825183  1.56524   	
0        	15      	0.87 	0.0589999   	91.0427      	0.0806304  1.34639   	
0        	20      	0.94 	0.0237065   	84.3733      	0.192289   2.81298   	
14       	11      	0.536	0.00465132  	32.7117      	0.990159   13.4284   	
17       	6       	0.182	0.00468367  	33.3173      	0.982224   13.5087   	
19       	3       	0.419	0.0101684   	67.4523      	0.447224   6.6943    	
19       	16      	0.117	0.0105763   	68.7095      	0.436426   6.27555   	
19       	18      	0.085	0.0147718   	76.6417      	0.314744   4.75852   	
