0        	3       	0.676	0.0247671   	84.9275      	0.184121   3.21586   	
0        	5       	0.93 	0.0412057   	89.0912      	0.115473   1.68671   	
0        	7       	0.936	0.0257917   	85.4029      	0.180893   3.18808   	
0        	8       	0.952	0.033641    	88.1309      	0.135767   2.39179   	
0        	16      	0.914	0.0199954   	81.9518      	0.231387   3.81429   	
0        	18      	0.548	0.0494159   	90.4806      	0.092956   1.53356   	
0        	19      	0.928	0.0271965   	85.8477      	0.1692     2.99606   	
6        	4       	0.452	0.00477792  	34.4597      	0.962849   13.5057   	
10       	1       	0.556	0.00353019  	12.3886      	1.30565    16.2842   	
11       	2       	0.419	0.0145504   	76.2034      	0.321742   4.85947   	
11       	9       	0.522	0.0187601   	80.9506      	0.248575   4.19213   	
11       	13      	0.126	0.0131276   	74.0632      	0.350538   5.30037   	
11       	15      	0.419	0.0210621   	82.5603      	0.223037   3.81499   	
14       	12      	0.602	0.00462636  	32.2532      	0.999394   13.439    	
20       	17      	0.653	0.00483023  	35.0689      	0.957935   13.4488   	
