0        	1       	0.728	0.0408701   	89.0572      	0.113544   1.94667   	
0        	5       	0.772	0.042422    	90.8882      	0.0935313  1.63308   	
0        	10      	0.942	0.0287265   	86.2514      	0.159788   2.36518   	
0        	12      	0.962	0.0301935   	86.7782      	0.156817   2.50664   	
0        	13      	0.516	0.0351196   	88.5289      	0.130216   2.28238   	
0        	14      	0.54 	0.0400522   	89.677       	0.103516   1.68208   	
0        	16      	0.884	0.0208605   	82.5777      	0.220344   3.49956   	
0        	20      	0.69 	0.0314222   	87.2598      	0.148069   2.62233   	
2        	4       	0.693	0.0145179   	76.1026      	0.324331   4.67503   	
2        	7       	0.589	0.0200915   	81.9627      	0.232345   3.70396   	
2        	15      	0.063	0.0233479   	84.0044      	0.200706   3.28994   	
2        	19      	0.721	0.0107976   	69.3419      	0.422246   6.12241   	
3        	6       	0.557	0.00730028  	55.937       	0.634001   7.9177    	
3        	11      	0.59 	0.00671288  	52.0775      	0.701585   8.61027   	
9        	8       	0.068	0.00354271  	12.7699      	1.29909    16.2164   	
17       	18      	0.446	0.00490015  	35.9836      	0.945741   13.4208   	
