0        	1       	0.072	0.0538412   	90.8623      	0.0852666  1.53665   	
0        	6       	0.728	0.0340566   	87.1625      	0.137153   1.57682   	
0        	8       	0.466	0.0354143   	88.0144      	0.123031   1.72354   	
0        	9       	0.862	0.0471833   	91.0926      	0.0903996  1.53722   	
0        	10      	0.932	0.0437992   	89.6142      	0.100012   1.42445   	
0        	12      	0.456	0.0493721   	93.23        	0.0488554  0.731883  	
0        	13      	0.928	0.0607212   	91.3232      	0.0781056  1.20077   	
0        	14      	0.668	0.0351204   	89.0195      	0.121246   2.32301   	
0        	16      	0.068	0.0437265   	89.9879      	0.105581   2.11857   	
0        	18      	0.936	0.0342587   	88.2261      	0.12901    2.06333   	
0        	19      	0.466	0.0599633   	92.7278      	0.0582052  1.0127    	
0        	20      	0.514	0.0629037   	91.9445      	0.0763989  1.42105   	
2        	7       	0.64 	0.0072665   	55.6061      	0.639743   8.54354   	
2        	11      	0.064	0.00741396  	56.4888      	0.625604   8.47635   	
4        	5       	0.788	0.0070355   	54.327       	0.661488   8.83665   	
4        	17      	0.813	0.00773405  	58.0182      	0.604863   8.09616   	
15       	3       	0.077	0.00466107  	32.9918      	0.985192   13.3579   	
