0        	9       	1    	0.0332798   	87.8082      	0.14091    2.36406   	
0        	10      	0.678	0.0242631   	85.1359      	0.179439   2.87927   	
0        	11      	0.476	0.032055    	87.9183      	0.135919   2.52241   	
0        	13      	0.828	0.0395728   	89.3532      	0.114756   1.68667   	
0        	14      	0.478	0.0253074   	85.0466      	0.178593   2.88384   	
0        	15      	0.682	0.033283    	87.809       	0.142331   2.36901   	
0        	16      	0.93 	0.0442791   	90.2903      	0.100749   1.61367   	
0        	18      	0.078	0.0396592   	89.7362      	0.109656   1.94436   	
5        	3       	0.546	0.0122114   	72.5416      	0.365107   5.46036   	
5        	12      	0.054	0.0117386   	71.283       	0.401423   5.84357   	
5        	20      	0.684	0.0103754   	67.9709      	0.450506   6.24628   	
17       	1       	0.584	0.0247518   	84.6291      	0.187375   2.99132   	
17       	2       	0.329	0.0160911   	78.0525      	0.291619   4.2989    	
17       	4       	0.489	0.0107166   	69.2088      	0.421839   5.96355   	
17       	6       	0.143	0.016048    	78.2003      	0.29369    4.4962    	
19       	7       	0.204	0.00742872  	56.5788      	0.630175   8.71427   	
19       	8       	0.457	0.00769321  	57.9072      	0.606263   8.50178   	
