0        	1       	0.776	0.0399815   	88.8115      	0.110738   1.45984   	
0        	3       	0.954	0.0638911   	91.475       	0.0752203  0.939113  	
0        	4       	0.772	0.0735928   	93.1414      	0.0540048  0.861989  	
0        	6       	0.958	0.119739    	94.3809      	0.0355228  0.455826  	
0        	7       	0.456	0.0465103   	90.9611      	0.0856191  1.72004   	
0        	8       	0.95 	0.0287168   	86.2479      	0.160648   2.30077   	
0        	9       	0.956	0.0511466   	90.9475      	0.0918724  1.87318   	
0        	10      	0.922	0.0330525   	88.1704      	0.126552   2.32503   	
0        	11      	0.972	0.0531258   	90.6025      	0.0876905  1.16102   	
0        	12      	0.938	0.0448185   	94.6738      	0.031111   0.449581  	
0        	13      	0.954	0.0445471   	91.4623      	0.0768532  1.05112   	
0        	14      	0.668	0.050554    	91.4519      	0.0823149  1.53316   	
0        	15      	0.944	0.0551528   	91.7239      	0.0796959  1.64716   	
0        	18      	0.866	0.107023    	94.1569      	0.0326028  0.673851  	
0        	19      	0.828	0.0286149   	0            	0          0.001286  	
5        	2       	0.25 	0.00352759  	12.3784      	1.30331    16.238    	
20       	16      	0.711	0.00767966  	57.7251      	0.611314   8.44557   	
20       	17      	0.244	0.00735235  	56.2799      	0.623751   8.79957   	
