0        	2       	0.944	0.0322033   	87.2995      	0.147604   2.14204   	
0        	5       	0.514	0.0217657   	87.4475      	0.137502   1.79494   	
0        	9       	0.938	0.0333398   	87.079       	0.14158    1.76073   	
0        	11      	0.95 	0.033091    	87.7092      	0.142054   2.47458   	
0        	12      	0.954	0.0321812   	87.2305      	0.143979   2.21078   	
0        	15      	0.928	0.0376741   	88.8718      	0.114506   2.22641   	
0        	17      	0.478	0.064079    	93.177       	0.0546097  1.15997   	
0        	18      	0.476	0.0517471   	91.46        	0.0822368  1.72128   	
0        	19      	0.952	0.0372425   	88.9449      	0.123841   1.80794   	
0        	20      	0.548	0.0783123   	92.5969      	0.0609034  0.897587  	
8        	3       	0.318	0.00353529  	12.5355      	1.30427    16.2743   	
10       	4       	0.066	0.00354322  	12.7572      	1.30164    16.2661   	
10       	6       	0.773	0.00568211  	96.6351      	0.00305904 0.000191  	
14       	13      	0.192	0.00355335  	12.6291      	1.30908    16.1825   	
16       	1       	0.122	0.00701011  	54.3583      	0.649135   9.00796   	
16       	7       	0.179	0.00774354  	58.1975      	0.596349   8.08574   	
