0        	1       	0.938	0.035139    	88.3418      	0.133168   2.21054   	
0        	3       	0.948	0.0493385   	91.6778      	0.0791139  1.35201   	
0        	6       	0.954	0.0571743   	92.7176      	0.0484418  0.636116  	
0        	7       	0.922	0.0291151   	89.3275      	0.109552   1.53639   	
0        	9       	0.686	0.0618062   	92.7367      	0.0620793  0.934979  	
0        	12      	0.954	0.0323357   	87.6887      	0.143083   2.2895    	
0        	13      	0.726	0.0684464   	92.6206      	0.0671961  1.23374   	
0        	15      	0.476	0.0503089   	90.1807      	0.0945558  1.38336   	
0        	16      	0.938	0.0326097   	87.618       	0.138784   2.61483   	
0        	18      	0.94 	0.0755301   	92.1987      	0.064711   0.998869  	
0        	19      	0.92 	0.045379    	90.1634      	0.103083   1.61134   	
0        	20      	0.93 	0.0488284   	91.3088      	0.0836928  1.46122   	
2        	11      	0.064	0.00353543  	12.5381      	1.30121    16.2737   	
4        	8       	0.659	0.00465162  	32.7521      	0.991206   13.4869   	
5        	17      	0.781	0.00472264  	33.649       	0.980244   13.448    	
10       	14      	0.594	0.00354166  	12.6794      	1.29937    16.2673   	
