0        	3       	0.948	0.0457492   	90.2022      	0.103712   1.98381   	
0        	4       	0.662	0.0419162   	89.8823      	0.100175   1.6454    	
0        	6       	0.448	0.0333443   	87.9177      	0.132939   2.33249   	
0        	7       	0.936	0.0421466   	93.0445      	0.054023   0.753376  	
0        	9       	0.928	0.050545    	94.4477      	0.0369333  0.524333  	
0        	10      	0.94 	0.0443007   	90.0353      	0.102287   1.61696   	
0        	12      	0.998	0.054395    	91.8958      	0.073066   1.18297   	
0        	13      	0.958	0.03688     	87.6254      	0.128401   1.53984   	
0        	14      	0.476	0.0482638   	90.8477      	0.0939479  1.75803   	
0        	15      	0.476	0.0483015   	89.703       	0.0993917  1.5069    	
0        	16      	0.83 	0.0478599   	91.5738      	0.081141   1.53608   	
0        	17      	0.682	0.0656289   	92           	0.0733652  1.4585    	
0        	18      	0.686	0.0802387   	94.4208      	0.0352711  0.635958  	
2        	11      	0.063	0.00471072  	33.4609      	0.984055   13.4337   	
20       	1       	0.516	0.0143505   	75.9908      	0.324407   4.98855   	
20       	5       	0.453	0.0212635   	82.884       	0.216579   3.62646   	
20       	8       	0.379	0.0169093   	79.372       	0.260157   4.42575   	
20       	19      	0.657	0.0138054   	75.0586      	0.341079   5.11294   	
