0        	1       	0.952	0.0636953   	91.5962      	0.075617   1.12311   	
0        	3       	0.896	0.0459013   	90.5166      	0.0964001  1.72276   	
0        	5       	0.514	0.0454353   	89.0441      	0.103907   1.57064   	
0        	9       	0.87 	0.0296351   	87.924       	0.139572   2.20797   	
0        	10      	0.668	0.0368634   	88.612       	0.125746   1.94586   	
0        	11      	0.946	0.0262801   	85.2963      	0.17893    2.65884   	
0        	12      	0.58 	0.0538042   	90.7188      	0.0850812  1.23542   	
0        	13      	0.95 	0.0410228   	90.8316      	0.091938   1.61093   	
0        	17      	0.548	0.0380947   	90.2213      	0.10351    1.72044   	
0        	19      	0.94 	0.0366719   	88.7801      	0.113869   1.31087   	
0        	20      	0.952	0.062393    	91.9712      	0.0693337  1.0506    	
6        	2       	0.116	0.00472099  	33.6664      	0.975048   13.4689   	
14       	7       	0.682	0.00164958  	96.6338      	0.00306016 0.000117  	
14       	16      	0.817	0.00355857  	12.7473      	1.30982    16.2329   	
18       	4       	0.658	0.0125475   	72.9764      	0.369725   5.30964   	
18       	8       	0.53 	0.00989717  	66.6908      	0.455011   6.59895   	
18       	15      	0.502	0.0119322   	71.5854      	0.393786   5.68053   	
