0        	1       	0.956	0.0318947   	88.1959      	0.131303   1.87404   	
0        	2       	0.972	0.0296348   	87.3821      	0.144618   2.42301   	
0        	3       	0.938	0.0456106   	90.1081      	0.103695   1.64813   	
0        	4       	0.93 	0.0405473   	89.0364      	0.111268   1.8339    	
0        	5       	0.94 	0.0450622   	92.4313      	0.060578   0.897679  	
0        	7       	0.932	0.047273    	92.1874      	0.0658853  1.01128   	
0        	8       	0.938	0.0874137   	95.4737      	0.0213506  0.489315  	
0        	11      	0.74 	0.0763888   	92.9669      	0.0578592  1.19736   	
0        	13      	0.922	0.0578588   	92.5504      	0.0643314  1.12641   	
0        	14      	0.96 	0.0663001   	92.2328      	0.0697562  1.2316    	
0        	15      	0.456	0.0437819   	89.5351      	0.108585   1.8695    	
0        	19      	0.936	0.0852746   	93.3496      	0.055446   1.16511   	
0        	20      	0.668	0.0462377   	90.2127      	0.102599   1.68294   	
6        	10      	0.356	0.00774181  	58.4212      	0.593552   8.42641   	
6        	17      	0.85 	0.00723437  	55.4527      	0.649351   8.86545   	
12       	9       	0.076	0.00354494  	12.73        	1.30028    16.2072   	
18       	16      	0.496	0.00478123  	34.3043      	0.975035   13.5257   	
