0        	1       	0.476	0.0499446   	89.8272      	0.0964432  1.27152   	
0        	3       	0.928	0.0354257   	88.7516      	0.125121   1.98558   	
0        	5       	0.736	0.0356122   	95.2362      	0.0201288  0.262079  	
0        	6       	0.81 	0.0349092   	88.8618      	0.116723   1.75925   	
0        	7       	0.644	0.0365635   	85.0986      	0.0769601  0.299927  	
0        	8       	0.592	0.0663942   	92.0281      	0.0577677  0.711103  	
0        	9       	0.856	0.0416083   	90.8954      	0.0924015  1.98426   	
0        	10      	0.856	0.00598444  	0            	0          0.000346  	
0        	11      	0.952	0.00334778  	0            	0          0.000346  	
0        	12      	0.952	0.0201652   	81.9949      	0.23246    3.48174   	
0        	13      	0.94 	0.0482608   	90.3887      	0.092553   1.23788   	
0        	14      	0.894	0.0284393   	86.3201      	0.162749   2.79656   	
0        	17      	0.564	0.0612499   	92.1381      	0.075392   1.75774   	
0        	18      	0.572	0.0085903   	0            	0          0.000774  	
0        	19      	0.94 	0.0105493   	0            	0          0.00056   	
0        	20      	0.682	0.0311866   	86.4066      	0.102103   0.748197  	
2        	15      	0.806	0.00353124  	12.466       	1.30251    16.2708   	
4        	16      	0.722	0.00353263  	12.5095      	1.30212    16.2288   	
