0        	3       	0.952	0.0383358   	88.7763      	0.122981   2.06206   	
0        	5       	0.894	0.0326383   	87.9802      	0.138922   2.9544    	
0        	7       	0.728	0.0339919   	88.3614      	0.130378   2.05641   	
0        	9       	0.942	0.0281775   	86.2827      	0.156735   2.9915    	
0        	11      	0.94 	0.0295434   	86.7692      	0.153771   2.21334   	
0        	13      	0.476	0.0385696   	88.8552      	0.123025   2.09408   	
0        	15      	0.938	0.0224648   	86.096       	0.163263   2.28188   	
0        	20      	0.928	0.0366011   	89.4462      	0.118617   2.13349   	
4        	1       	0.641	0.00353328  	12.4525      	1.30423    16.1726   	
6        	16      	0.215	0.00353885  	12.6234      	1.302      16.2446   	
8        	18      	0.64 	0.00463453  	32.4832      	0.994228   13.6127   	
10       	14      	0.645	0.00485523  	35.7095      	0.942596   13.383    	
17       	12      	0.605	0.00354399  	12.7155      	1.30113    16.279    	
19       	2       	0.733	0.00458719  	31.7569      	1.00931    13.4523   	
