0        	1       	0.476	0.0642969   	92.2487      	0.0669366  1.12761   	
0        	2       	0.826	0.071155    	94.764       	0.0336422  0.450283  	
0        	3       	0.456	0.0443331   	91.8827      	0.0693272  1.67883   	
0        	4       	0.948	0.0505499   	89.8565      	0.0912712  1.31368   	
0        	5       	0.59 	0.0436538   	92.5226      	0.0673092  1.1226    	
0        	6       	0.8  	0.0529307   	89.2025      	0.0910572  1.08816   	
0        	8       	0.942	0.050945    	89.9708      	0.0919742  0.978569  	
0        	9       	0.952	0.0284398   	86.1898      	0.16301    2.2858    	
0        	10      	0.674	0.0370389   	88.0354      	0.124146   1.61343   	
0        	11      	0.932	0.0541342   	91.2736      	0.0875049  1.46983   	
0        	12      	0.726	0.0457343   	91.2375      	0.0867571  1.45845   	
0        	16      	0.69 	0.101684    	93.2821      	0.0207825  0.150281  	
0        	17      	0.942	0.0262122   	83.561       	0.168689   1.54001   	
0        	19      	0.926	0.0456547   	88.3523      	0.0874891  0.862899  	
0        	20      	0.078	0.0730553   	92.6178      	0.0583711  1.13721   	
7        	15      	0.682	0.00353366  	12.4287      	1.30591    16.3134   	
7        	18      	0.109	0.000406279 	96.6141      	0.00307806 0.000183  	
13       	14      	0.703	0.00355626  	12.8207      	1.30411    16.2538   	
