0        	1       	0.944	0.0307598   	87.5937      	0.14208    2.58218   	
0        	4       	0.922	0.0268513   	85.6763      	0.176416   2.62754   	
0        	5       	0.548	0.0513631   	92.0612      	0.0685565  1.34829   	
0        	9       	0.948	0.0272565   	86.2068      	0.162734   2.6028    	
0        	10      	0.682	0.0282791   	86.8956      	0.150587   2.24154   	
0        	11      	0.514	0.0508914   	93.3604      	0.0531416  1.0472    	
0        	12      	0.958	0.0306299   	87.0193      	0.150155   2.47954   	
0        	13      	0.58 	0.0646331   	92.0026      	0.0733418  1.45829   	
0        	16      	0.118	0.0410189   	89.2959      	0.115374   1.87303   	
2        	20      	0.169	0.00477174  	34.4404      	0.964067   13.4953   	
3        	8       	0.777	0.00762537  	57.9312      	0.59835    8.5393    	
3        	15      	0.616	0.00761319  	57.4754      	0.616122   8.66483   	
7        	19      	0.117	0.0035296   	12.4435      	1.3017     16.207    	
14       	6       	0.068	0.00468909  	33.4398      	0.982105   13.5292   	
17       	18      	0.469	0.004645    	32.6875      	0.991352   13.5366   	
