0        	3       	0.718	0.0365408   	88.8413      	0.124123   2.24346   	
0        	5       	0.854	0.0284431   	85.7996      	0.16504    2.43471   	
0        	6       	0.54 	0.0441241   	89.9872      	0.106975   1.75786   	
0        	7       	0.88 	0.0444714   	89.9396      	0.098239   1.50041   	
0        	8       	0.948	0.033718    	88.0982      	0.135105   1.91468   	
0        	11      	0.914	0.0302982   	89.6223      	0.0998963  1.23704   	
0        	13      	0.87 	0.0309273   	87.4205      	0.1386     2.43593   	
0        	15      	0.67 	0.0444388   	89.9861      	0.10888    1.53359   	
0        	17      	0.93 	0.0374186   	87.9681      	0.123506   1.35277   	
0        	20      	0.674	0.0496888   	90.9264      	0.088635   1.83236   	
1        	9       	0.721	0.00473475  	33.8828      	0.972046   13.5058   	
4        	10      	0.457	0.00467712  	33.1616      	0.982116   13.495    	
16       	12      	0.457	0.0035366   	12.5375      	1.30346    16.2065   	
18       	14      	0.08 	0.00355148  	12.8252      	1.30067    16.2229   	
19       	2       	0.82 	0.00353507  	12.5619      	1.30119    16.1522   	
