0        	1       	0.936	0.0611875   	91.7887      	0.0778768  1.64716   	
0        	2       	0.932	0.0517748   	89.9964      	0.0917029  1.45908   	
0        	3       	0.956	0.105696    	94.3651      	0.0356229  0.678534  	
0        	5       	0.95 	0.0447608   	91.2016      	0.0414741  0.338219  	
0        	6       	0.514	0.0514848   	92.1271      	0.0704031  1.60817   	
0        	7       	0.962	0.0437097   	92.5272      	0.049708   0.564157  	
0        	8       	0.96 	0.0358556   	87.3681      	0.117826   1.23925   	
0        	9       	0.854	0.0562962   	90.3489      	0.0793966  1.04718   	
0        	10      	0.592	0.0943476   	92.4367      	0.0319353  0.337155  	
0        	12      	0.942	0.0145524   	94.384       	0.0231428  0.450129  	
0        	13      	0.894	0.0394123   	89.0732      	0.120893   2.12562   	
0        	14      	0.958	0.0376154   	90.9818      	0.0880942  1.53658   	
0        	15      	0.854	0.0316527   	89.3146      	0.111526   1.93318   	
0        	18      	0.954	0.0322248   	88.426       	0.11606    1.42482   	
0        	19      	0.728	0.0889537   	93.107       	0.0525652  0.972468  	
0        	20      	0.944	0.0602376   	91.4426      	0.0784769  1.16433   	
4        	16      	0.535	0.00353191  	12.4853      	1.30086    16.2486   	
11       	17      	0.683	0.00475591  	34.1482      	0.972986   13.4784   	
