0        	2       	0.896	0.0353653   	89.8998      	0.104801   1.83407   	
0        	3       	0.516	0.0299014   	86.8528      	0.15829    2.5936    	
0        	12      	0.59 	0.0369309   	88.5657      	0.124286   1.79499   	
0        	14      	0.912	0.0339882   	95.0891      	0.022631   0.374417  	
0        	15      	0.466	0.032144    	89.7008      	0.102539   2.13764   	
0        	16      	0.514	0.0246478   	84.6536      	0.19077    3.02818   	
0        	18      	0.954	0.0549804   	91.257       	0.0854052  1.31272   	
0        	19      	0.826	0.0296112   	86.6618      	0.158934   2.69714   	
0        	20      	0.532	0.0292706   	86.5085      	0.160015   2.54406   	
6        	5       	0.803	0.00353174  	12.4447      	1.30503    16.2427   	
7        	17      	0.699	0.00473047  	33.8581      	0.974095   13.4865   	
8        	9       	0.116	0.00352992  	12.4584      	1.30267    16.2696   	
10       	1       	0.584	0.00788499  	58.7675      	0.591824   7.81182   	
10       	13      	0.403	0.00677185  	52.8563      	0.674902   9.12931   	
11       	4       	0.119	0.0035601   	12.7156      	1.30945    16.1977   	
