0        	2       	0.794	0.0494254   	90.5167      	0.0962124  1.72261   	
0        	7       	0.954	0.0595077   	91.5189      	0.0763438  1.19517   	
0        	9       	0.942	0.0229386   	84.4413      	0.184323   3.3079    	
0        	10      	0.748	0.061356    	91.9171      	0.0786806  1.57068   	
0        	11      	0.794	0.0340749   	89.3642      	0.116539   2.16927   	
0        	16      	0.94 	0.0215186   	82.8998      	0.217007   3.52158   	
0        	17      	0.948	0.0274072   	86.1807      	0.162268   2.54485   	
0        	20      	0.936	0.0271292   	85.7066      	0.171827   2.61778   	
4        	1       	0.817	0.00918404  	64.2636      	0.500637   6.83819   	
4        	3       	0.538	0.0112547   	70.1609      	0.417716   5.74001   	
4        	14      	0.787	0.0140793   	75.5994      	0.330275   4.6539    	
5        	12      	0.514	0.00353867  	12.6802      	1.29945    16.2299   	
13       	6       	0.727	0.00753702  	56.9394      	0.623358   8.63143   	
13       	8       	0.727	0.00739939  	56.8385      	0.608672   8.77141   	
19       	15      	0.556	0.00750674  	56.8332      	0.625342   8.40939   	
19       	18      	0.206	0.00737572  	56.394       	0.626096   8.63552   	
