0        	2       	0.96 	0.000828875 	96.3604      	0.00330874 0.000183  	
0        	3       	0.922	0.00197911  	96.3487      	0.00331939 0.000183  	
0        	4       	0.582	0.00304765  	96.4844      	0.00319305 0.000547  	
0        	7       	0.604	0.00764104  	57.8156      	0.602591   8.69397   	
0        	8       	0.956	0.00226424  	96.5221      	0.00316176 0.000117  	
0        	10      	0.466	0.00770452  	58.0397      	0.599477   8.64427   	
0        	11      	0.952	0.00358645  	96.6228      	0.00307022 0.000191  	
0        	14      	0.698	0.00172085  	96.5648      	0.00312295 0.000117  	
0        	15      	0.682	0.000114195 	96.3378      	0.00332923 0.000183  	
0        	18      	0.794	0.00168555  	96.3805      	0.00329045 0.000117  	
0        	19      	0.942	0.00182892  	96.2988      	0.00336474 0.000183  	
0        	20      	0.626	0.00254209  	96.4355      	0.00324044 0.000117  	
1        	5       	0.125	0.00755522  	57.1865      	0.619785   8.54377   	
1        	12      	0.789	0.00734855  	56.1682      	0.632873   8.67162   	
16       	6       	0.213	0.00775918  	58.4984      	0.591716   8.39029   	
16       	13      	0.33 	0.00735354  	56.0811      	0.636904   8.85737   	
17       	9       	0.275	0.00465076  	32.7447      	0.989138   13.4349   	
