0        	3       	0.674	0.0370906   	90.1659      	0.0917291  1.60811   	
0        	4       	0.644	0.0606175   	93.413       	0.0518419  1.12329   	
0        	5       	0.924	0.0482802   	92.1601      	0.0567813  0.715696  	
0        	9       	0.942	0.0232503   	83.7187      	0.195723   2.66077   	
0        	12      	0.062	0.0403841   	88.7262      	0.118144   1.83394   	
0        	14      	0.604	0.0659347   	93.4884      	0.0489349  1.01327   	
0        	15      	0.456	0.0200518   	90.3583      	0.0930072  1.38355   	
0        	16      	0.514	0.0506295   	91.1436      	0.0826418  1.57061   	
0        	18      	0.932	0.0288413   	87.9184      	0.135579   2.40151   	
0        	19      	0.668	0.0295857   	87.1222      	0.142196   1.94769   	
0        	20      	0.956	0.0329734   	87.8875      	0.13799    2.57094   	
6        	2       	0.766	0.00746097  	56.6905      	0.626616   8.45662   	
6        	17      	0.237	0.00739276  	56.4146      	0.626695   8.72758   	
8        	10      	0.766	0.00474157  	34.202       	0.965135   13.532    	
13       	1       	0.057	0.0111828   	70.5393      	0.403736   6.04028   	
13       	7       	0.336	0.00924803  	64.4985      	0.502665   6.95461   	
13       	11      	0.152	0.0158265   	77.9039      	0.295876   4.63535   	
