0        	2       	0.93 	0.0152063   	78.0318      	0.294162   4.41616   	
0        	5       	0.456	0.0250992   	84.7117      	0.18745    3.06569   	
0        	7       	0.772	0.02051     	82.5298      	0.216946   3.33986   	
0        	12      	0.474	0.0208543   	82.4136      	0.224348   3.29027   	
0        	13      	0.928	0.0177542   	80.0265      	0.26216    4.00336   	
1        	18      	0.348	0.00465666  	32.8125      	0.993217   13.4105   	
6        	4       	0.544	0.0121675   	72.2171      	0.383632   5.73336   	
6        	8       	0.676	0.0108236   	69.4437      	0.426072   6.34513   	
6        	17      	0.715	0.0118086   	71.4505      	0.399251   5.57379   	
9        	3       	0.069	0.00475524  	34.0816      	0.971079   13.4755   	
10       	20      	0.668	0.00353904  	12.5939      	1.30208    16.2493   	
11       	14      	0.447	0.00473656  	33.8806      	0.97601    13.4512   	
16       	15      	0.301	0.00757181  	57.3418      	0.615992   8.68055   	
16       	19      	0.149	0.00774495  	58.1634      	0.599623   8.61686   	
