0        	1       	0.886	0.116411    	94.2596      	0.0296472  0.488913  	
0        	3       	0.06 	0.0557965   	91.1651      	0.0685871  0.898162  	
0        	6       	0.072	0.0817429   	92.6036      	0.0578976  1.22265   	
0        	7       	0.972	0.0518896   	91.4763      	0.0843933  1.50103   	
0        	8       	0.944	0.0414018   	90.0939      	0.0924001  1.20295   	
0        	9       	0.96 	0.0291302   	86.9935      	0.149036   2.37289   	
0        	10      	0.938	0.0390251   	89.3577      	0.114596   1.98294   	
0        	11      	0.928	0.0663839   	91.11        	0.0711535  1.08575   	
0        	13      	0.986	0.145695    	94.941       	0.028245   0.453018  	
0        	14      	0.69 	0.0264503   	85.4199      	0.178105   3.1053    	
0        	15      	0.956	0.0480924   	90.5635      	0.0946259  1.6522    	
0        	16      	0.972	0.0571556   	91.3388      	0.076422   1.1244    	
0        	19      	0.456	0.0599954   	91.2639      	0.0800836  1.19674   	
5        	2       	0.342	0.000787631 	96.6456      	0.00304943 0.000117  	
5        	20      	0.555	0.00353872  	12.4902      	1.30904    16.2999   	
12       	4       	0.513	0.00472152  	33.7385      	0.974124   13.5063   	
17       	18      	0.55 	0.00352347  	12.2541      	1.30634    16.2608   	
