0        	1       	0.476	0.0375231   	89.6472      	0.10847    1.85595   	
0        	4       	0.688	0.0503072   	90.3051      	0.0919118  1.12724   	
0        	5       	0.922	0.0270502   	89.6071      	0.112967   1.95003   	
0        	8       	0.514	0.033613    	87.3686      	0.136147   2.01906   	
0        	9       	0.532	0.0543266   	90.1514      	0.0850485  1.16292   	
0        	11      	0.628	0.0471019   	90.8318      	0.0951825  1.66334   	
0        	15      	0.952	0.0380467   	88.558       	0.121117   1.728     	
0        	16      	0.604	0.0516038   	89.7109      	0.0925809  1.08716   	
0        	17      	0.532	0.0510561   	92.9535      	0.0579691  1.16221   	
0        	18      	0.914	0.0324454   	87.4961      	0.143723   2.2614    	
0        	19      	0.466	0.0556686   	93.1237      	0.0355366  0.374285  	
0        	20      	0.682	0.0384226   	89.1431      	0.112652   1.75854   	
6        	3       	0.18 	0.00465923  	32.7552      	0.995325   13.7345   	
7        	10      	0.676	0.00775679  	58.0705      	0.605634   8.26332   	
7        	13      	0.711	0.00701741  	55.1161      	0.637058   8.82401   	
12       	2       	0.53 	0.0080487   	59.8142      	0.565741   7.97485   	
12       	14      	0.719	0.00683402  	52.9579      	0.683761   9.18005   	
