0        	1       	0.622	0.0243683   	84.1867      	0.193888   2.73066   	
0        	3       	0.958	0.00473891  	0            	0          0.000578  	
0        	4       	0.604	0.00677123  	0            	0          0.000322  	
0        	5       	0.952	0.00407027  	0            	0          0.000322  	
0        	7       	0.866	0.00254645  	0            	0          0.000322  	
0        	8       	0.948	0.0315954   	87.2929      	0.149245   2.39458   	
0        	9       	0.948	0.0359406   	88.9293      	0.122242   1.94603   	
0        	10      	0.942	0.0300959   	89.8793      	0.0996076  1.84085   	
0        	14      	0.772	0.00423874  	0            	0          0.000388  	
0        	15      	0.476	0.0232027   	86.321       	0.16224    2.50468   	
0        	17      	0.962	0.0172429   	73.4679      	0.276934   1.2827    	
0        	18      	0.564	0.020485    	82.5523      	0.219571   3.25241   	
0        	19      	0.936	0.0365715   	88.5211      	0.129462   1.94461   	
6        	13      	0.618	0.00354412  	12.7318      	1.3007     16.2416   	
11       	16      	0.079	0.00353479  	12.565       	1.30243    16.2533   	
12       	2       	0.651	0.0079655   	60.1343      	0.562682   8.10988   	
12       	20      	0.615	0.00977273  	66.1682      	0.481123   7.26228   	
