0        	5       	0.604	0.0261355   	86.865       	0.155787   2.39244   	
0        	6       	0.476	0.0236439   	71.7096      	0.0485673  0.038349  	
0        	8       	0.906	0.0352173   	88.2725      	0.133958   2.61776   	
0        	9       	0.944	0.00245929  	96.576       	0.00311274 0.000228  	
0        	13      	0.946	0.0232119   	84.2306      	0.196657   2.95903   	
0        	15      	0.952	0.0269814   	86.9978      	0.14477    2.43802   	
0        	16      	0.826	0.0238061   	85.1112      	0.180471   2.67179   	
0        	17      	0.682	0.0593299   	91.6803      	0.0801159  1.47941   	
0        	18      	0.826	0.0444861   	89.7534      	0.10738    1.72079   	
0        	20      	0.862	0.0376696   	88.9255      	0.122284   1.91553   	
3        	1       	0.766	0.00352388  	12.3435      	1.30346    16.2439   	
12       	10      	0.773	0.00353279  	12.4401      	1.30457    16.3263   	
14       	4       	0.099	0.0041906   	96.6341      	0.00305988 0.000117  	
14       	7       	0.511	0.003548    	12.7834      	1.30431    16.2644   	
19       	2       	0.817	0.0072354   	55.758       	0.62551    8.61902   	
19       	11      	0.629	0.0074559   	56.5838      	0.631386   8.45481   	
