0        	1       	0.942	0.0278383   	86.0836      	0.164224   2.82095   	
0        	2       	0.942	0.0696358   	93.3698      	0.053067   0.975321  	
0        	6       	0.954	0.0499088   	91.749       	0.0769922  1.23684   	
0        	8       	0.906	0.0326752   	87.5634      	0.14454    2.43072   	
0        	10      	0.926	0.0482597   	90.4566      	0.0979618  1.68602   	
0        	11      	0.956	0.0623552   	92.2016      	0.0727692  1.59922   	
0        	13      	0.938	0.0443903   	89.1954      	0.106976   1.60963   	
0        	14      	0.924	0.0302502   	87.0988      	0.150371   2.49281   	
0        	15      	0.06 	0.219088    	95.7201      	0.018461   0.52408   	
0        	16      	0.736	0.0399094   	93.3656      	0.0513545  1.03087   	
0        	19      	1    	0.0300927   	87.3848      	0.141609   2.19213   	
7        	18      	0.175	0.00471498  	33.5463      	0.982312   13.5565   	
9        	5       	0.621	0.00126964  	96.6128      	0.00307929 0.000117  	
9        	17      	0.727	0.00465577  	32.7523      	0.995235   13.474    	
12       	3       	0.606	0.00353288  	12.5351      	1.29945    16.2597   	
20       	4       	0.571	0.00470136  	33.6125      	0.979211   13.6193   	
