0        	1       	0.69 	0.00789067  	0            	0          0.00028   	
0        	3       	0.942	0.0300386   	86.9356      	0.153441   2.48679   	
0        	4       	0.894	0.0433924   	90.7658      	0.0875442  1.57315   	
0        	5       	0.95 	0.00339303  	0            	0          0.000626  	
0        	6       	0.894	0.0672325   	93.3533      	0.0516246  1.15942   	
0        	7       	0.728	0.0230858   	80.7636      	0.201588   1.5705    	
0        	9       	0.948	0.00264604  	0            	0          0.000478  	
0        	10      	0.604	0.00271455  	0            	0          0.000412  	
0        	11      	0.926	0.0390346   	86.8762      	0.120305   1.12329   	
0        	12      	0.944	0.0222286   	85.0576      	0.183869   3.06597   	
0        	13      	0.94 	0.0213457   	85.8557      	0.166475   2.7625    	
0        	14      	0.938	0.0443965   	89.9383      	0.106506   1.79651   	
0        	16      	0.06 	0.0402706   	91.1904      	0.0873731  1.8769    	
0        	18      	0.662	0.00425799  	0            	0          0.00028   	
0        	19      	0.938	0.000397627 	0            	0          0.00084   	
0        	20      	0.914	0.0718359   	92.3396      	0.0613121  1.19735   	
2        	15      	0.719	0.00352775  	12.3677      	1.30427    16.189    	
8        	17      	0.398	0.00476871  	34.386       	0.964912   13.458    	
