0        	4       	0.928	0.0203055   	87.1958      	0.150385   2.20574   	
0        	5       	0.998	0.0664386   	92.3314      	0.0665256  1.3855    	
0        	9       	0.564	0.0301818   	87.3307      	0.146079   2.87367   	
0        	11      	0.952	0.0252822   	83.9792      	0.185118   2.13456   	
0        	13      	0.592	0.0329441   	87.6462      	0.130769   1.83987   	
0        	15      	0.948	0.0327917   	88.6522      	0.124935   2.28247   	
0        	16      	0.846	0.0251766   	84.7791      	0.187295   3.02875   	
0        	19      	0.6  	0.0263578   	86.248       	0.162285   2.35604   	
2        	12      	0.605	0.019235    	81.2805      	0.245181   3.85862   	
2        	17      	0.642	0.0126631   	73.6909      	0.358815   5.05371   	
2        	18      	0.555	0.0171776   	79.4891      	0.259364   4.41402   	
2        	20      	0.514	0.0150386   	76.904       	0.310598   4.63714   	
6        	1       	0.58 	0.00469401  	33.3212      	0.981016   13.498    	
7        	3       	0.119	0.00738821  	56.2862      	0.633929   8.89651   	
7        	8       	0.057	0.00781332  	58.6645      	0.584566   8.52578   	
10       	14      	0.088	0.0047032   	33.3967      	0.98128    13.4815   	
