0        	1       	0.962	0.00213392  	96.4689      	0.00321007 0.000117  	
0        	3       	0.986	0.0018171   	96.5029      	0.00317914 0.000191  	
0        	4       	0.794	0.0096382   	66.1143      	0.473063   6.48789   	
0        	7       	0.87 	0.00223601  	96.589       	0.00310087 0.000117  	
0        	8       	0.476	0           	96.4489      	0.00322831 0.000249  	
0        	9       	0.944	0           	96.5379      	0.00314733 0.000183  	
0        	12      	0.93 	0           	96.3303      	0.00333611 0.000249  	
0        	14      	0.564	0.0143657   	75.915       	0.326877   4.93339   	
0        	15      	0.548	0.0107931   	69.045       	0.436284   5.99681   	
0        	18      	0.682	0.00148193  	96.3682      	0.00330164 0.000249  	
0        	19      	0.95 	0.00156135  	96.5796      	0.00310945 0.000154  	
6        	20      	0.068	0.00353494  	12.5076      	1.30224    16.2287   	
10       	5       	0.691	0.0047074   	33.5247      	0.976067   13.4463   	
16       	13      	0.139	0.00481978  	35.0246      	0.955878   13.4433   	
17       	2       	0.574	0.00721526  	55.3599      	0.643194   8.83399   	
17       	11      	0.363	0.00767437  	57.8469      	0.609553   8.26001   	
