0        	3       	0.592	0.0590758   	92.4557      	0.0665673  1.34634   	
0        	4       	0.662	0.0546356   	91.0671      	0.0846883  1.49611   	
0        	5       	0.894	0.0353413   	87.1459      	0.134705   1.60987   	
0        	6       	0.736	0.0657638   	92.2148      	0.0713953  1.38601   	
0        	7       	0.466	0.0755924   	92.8795      	0.046463   0.935303  	
0        	8       	0.936	0.0372252   	89.0885      	0.117609   2.10078   	
0        	9       	0.952	0.0404206   	90.0934      	0.105839   1.91397   	
0        	15      	0.94 	0.0557407   	91.2923      	0.0798556  1.64722   	
0        	18      	0.59 	0.0550933   	91.6124      	0.0783321  1.56234   	
0        	19      	0.928	0.0303725   	87.5869      	0.145041   2.43476   	
0        	20      	0.962	0.026898    	85.5262      	0.17534    2.26007   	
1        	16      	0.321	0.00479552  	34.6933      	0.96387    13.4101   	
10       	2       	0.094	0.00464397  	32.7125      	0.990189   13.5056   	
11       	12      	0.255	0.00354085  	12.634       	1.30288    16.1557   	
14       	13      	0.758	0.00739897  	56.3032      	0.632142   8.5015    	
14       	17      	0.066	0.00740624  	56.5908      	0.624962   8.53556   	
