0        	2       	0.88 	0.00169015  	96.6137      	0.00307569 0.000267  	
0        	4       	0.948	0.00450377  	96.582       	0.00310723 0.000154  	
0        	6       	0.916	0.000115448 	96.5714      	0.00311692 0.000183  	
0        	7       	0.89 	0.00748117  	56.9195      	0.614661   8.56583   	
0        	11      	0.474	0.0059031   	0            	0          0.000348  	
0        	15      	0.456	0.00734199  	56.0194      	0.634746   8.63412   	
0        	19      	0.94 	0.0019811   	96.6448      	0.00305018 0.000117  	
0        	20      	0.928	0.00234963  	96.5804      	0.00310588 0.000304  	
3        	12      	0.103	0.00353264  	12.4103      	1.30523    16.2456   	
9        	10      	0.527	0.00716188  	55.0351      	0.653595   8.67142   	
9        	17      	0.276	0.00754546  	57.2695      	0.609315   8.37721   	
13       	5       	0.694	0.00352526  	12.3731      	1.30259    16.2894   	
16       	8       	0.062	0.00474983  	34.21        	0.965802   13.4345   	
18       	1       	0.641	0.00761421  	57.3591      	0.617059   8.55767   	
18       	14      	0.43 	0.00742302  	56.7679      	0.615263   8.62718   	
