0        	1       	0.682	0.0156667   	77.6336      	0.299933   4.48572   	
0        	3       	0.938	0.0230842   	83.6766      	0.201523   2.89905   	
0        	12      	0.884	0.0271441   	86.5789      	0.156655   2.77592   	
0        	14      	0.914	0.0245844   	84.5808      	0.191679   2.86456   	
0        	16      	0.54 	0.0250195   	84.9514      	0.184473   2.91615   	
0        	20      	0.54 	0.0313976   	87.2446      	0.14853    2.34405   	
2        	19      	0.727	0.0047891   	34.6534      	0.95916    13.5146   	
4        	17      	0.422	0.00463423  	32.412       	0.999301   13.3724   	
7        	11      	0.286	0.00465763  	32.8065      	0.988184   13.4758   	
10       	5       	0.699	0.0136867   	74.8715      	0.342562   4.89427   	
10       	9       	0.342	0.0194802   	81.4325      	0.24078    3.73825   	
10       	15      	0.234	0.0139464   	76.0608      	0.31364    4.78107   	
10       	18      	0.13 	0.0154781   	77.5961      	0.300866   4.52312   	
13       	6       	0.061	0.00773147  	58.3785      	0.584478   8.60815   	
13       	8       	0.08 	0.00734394  	56.0735      	0.633997   8.82816   	
