0        	1       	0.96 	0.0185478   	91.5492      	0.0794937  1.30923   	
0        	2       	0.922	0.216846    	93.7524      	0.0193274  0.337837  	
0        	3       	0.894	0.0664582   	92.1513      	0.0737416  1.25436   	
0        	6       	0.728	0.0314637   	87.5404      	0.144807   2.50724   	
0        	7       	0.942	0.0342963   	87.8743      	0.136719   2.06043   	
0        	9       	0.914	0.0466304   	89.9983      	0.0882501  1.15978   	
0        	11      	0.772	0.0550883   	88.9005      	0.088796   0.785534  	
0        	12      	0.728	0.0497964   	89.7203      	0.0866907  0.939082  	
0        	13      	0.678	0.0448274   	93.3348      	0.0548329  1.122     	
0        	14      	0.592	0.0493777   	88.6208      	0.0883392  0.936823  	
0        	15      	0.582	0.020048    	91.6092      	0.0723088  1.22582   	
0        	16      	0.682	0.0499547   	90.9305      	0.0909462  1.64637   	
0        	17      	0.58 	0.0521505   	91.0451      	0.0867007  1.75745   	
0        	19      	0.87 	0.0329553   	87.4266      	0.129022   1.49982   	
0        	20      	0.772	0.127578    	93.522       	0.0158128  0.075419  	
5        	4       	0.421	0.00474325  	33.9141      	0.974075   13.5086   	
18       	8       	0.272	0.00809667  	59.8814      	0.580815   8.26118   	
18       	10      	0.736	0.00716394  	55.1866      	0.638727   9.09215   	
