0        	1       	0.998	0.0466104   	90.5998      	0.089152   1.35014   	
0        	4       	0.466	0.0649169   	91.1602      	0.0745478  1.08498   	
0        	7       	0.948	0.0384295   	88.5988      	0.111372   1.39399   	
0        	8       	0.958	0.0276013   	89.0974      	0.121275   1.76071   	
0        	9       	0.962	0.0349223   	88.5998      	0.128574   2.20759   	
0        	10      	0.668	0.0542306   	92.5139      	0.0673271  1.31945   	
0        	11      	0.94 	0.0320435   	92.2751      	0.0626844  0.749681  	
0        	15      	0.894	0.0445207   	89.277       	0.107846   1.50872   	
0        	16      	0.958	0.0393372   	90.17        	0.0932279  1.27373   	
0        	17      	0.93 	0.0468813   	90.136       	0.0976631  1.64581   	
0        	19      	0.718	0.0495863   	90.5734      	0.0956694  1.79478   	
0        	20      	0.826	0.0352262   	88.7609      	0.120624   2.39755   	
3        	14      	0.627	0.00352843  	12.4086      	1.30251    16.2813   	
5        	2       	0.499	0.00353088  	12.4932      	1.30301    16.3386   	
6        	12      	0.216	0.0035316   	12.4898      	1.30121    16.2847   	
18       	13      	0.397	0.00354     	12.591       	1.30263    16.2475   	
