0        	1       	0.936	0.0383198   	88.7749      	0.122997   1.87065   	
0        	6       	0.922	0.0212884   	83.2371      	0.212727   3.32651   	
0        	9       	0.952	0.0208452   	85.3278      	0.171728   3.02755   	
0        	10      	0.87 	0.0348798   	87.8845      	0.134766   2.09552   	
0        	11      	0.592	0.0393908   	91.2839      	0.0871921  1.7571    	
0        	12      	0.954	0.0249931   	86.6748      	0.156505   2.35822   	
0        	16      	0.956	0.0315441   	87.4985      	0.145295   2.76855   	
0        	19      	0.772	0.0420921   	89.3519      	0.102499   1.38386   	
2        	8       	0.499	0.0118696   	71.8421      	0.387175   5.72034   	
2        	13      	0.77 	0.0120547   	71.9035      	0.386676   5.41993   	
2        	14      	0.446	0.010629    	68.6167      	0.441118   6.35444   	
5        	3       	0.137	0.0072932   	55.9685      	0.624925   8.62293   	
5        	4       	0.506	0.00739266  	56.2173      	0.635722   8.43434   	
7        	17      	0.171	0.00742966  	56.4553      	0.63341    8.60791   	
7        	18      	0.135	0.00743672  	56.6919      	0.62046    8.57404   	
15       	20      	0.729	0.00356033  	12.7981      	1.31076    16.1622   	
