0        	1       	0.514	0.0430951   	90.042       	0.103326   1.90711   	
0        	5       	0.936	0.0537383   	89.872       	0.0893275  0.974277  	
0        	7       	0.87 	0.0400664   	90.9141      	0.068247   0.786234  	
0        	8       	0.952	0.0319321   	89.2624      	0.111536   1.75631   	
0        	10      	0.938	0.0556009   	91.229       	0.0856789  1.57576   	
0        	11      	0.938	0.033631    	87.8951      	0.138234   2.32738   	
0        	13      	0.928	0.0442435   	90.2869      	0.10182    1.87302   	
0        	14      	0.924	0.0356922   	89.019       	0.112719   1.83397   	
0        	15      	0.728	0.0364007   	88.4182      	0.0976713  1.04791   	
0        	17      	0.81 	0.0566345   	92.8916      	0.0613855  1.385     	
0        	18      	0.476	0.0571999   	90.7868      	0.0715244  0.898618  	
0        	19      	0.936	0.0528269   	91.0623      	0.0860671  1.38916   	
0        	20      	0.95 	0.0585918   	88.9766      	0.0827997  0.674647  	
3        	6       	0.411	0.00353063  	12.4533      	1.30293    16.307    	
16       	2       	0.793	0.0133029   	74.2183      	0.353508   5.04788   	
16       	4       	0.661	0.0231248   	84.143       	0.19647    3.17774   	
16       	9       	0.669	0.0237891   	85.4119      	0.178204   2.96508   	
16       	12      	0.778	0.00952332  	65.5636      	0.474923   6.41822   	
