0        	1       	0.604	0.0387055   	88.9138      	0.123289   1.95234   	
0        	7       	0.948	0.0301048   	86.8054      	0.156495   2.58712   	
0        	14      	1    	0.0259053   	85.2374      	0.179884   2.90074   	
0        	15      	0.69 	0.0302061   	87.0148      	0.15251    2.39275   	
0        	16      	0.974	0.0383359   	89.1569      	0.120613   2.13239   	
0        	18      	0.912	0.023404    	84.2326      	0.195925   3.37537   	
0        	19      	0.962	0.0223136   	83.5042      	0.206981   3.06826   	
5        	8       	0.19 	0.00474964  	34.1246      	0.974212   13.4703   	
5        	9       	0.451	0.00179741  	96.6441      	0.00305083 0.000117  	
6        	4       	0.709	0.00478329  	34.5165      	0.961973   13.546    	
13       	11      	0.112	0.0084894   	61.6762      	0.546448   8.07217   	
13       	12      	0.626	0.00932866  	64.7747      	0.498314   7.4087    	
17       	2       	0.078	0.0151614   	77.1307      	0.307974   4.74686   	
17       	3       	0.24 	0.0160908   	78.6167      	0.28503    4.41353   	
17       	10      	0.14 	0.0207296   	82.4666      	0.224236   3.54159   	
17       	20      	0.188	0.0128288   	74.1043      	0.349819   5.15204   	
