0        	2       	0.564	0.0480486   	90.4759      	0.0942983  1.53304   	
0        	4       	0.952	0.0304845   	86.8753      	0.13754    1.61363   	
0        	5       	0.95 	0.0322157   	86.5465      	0.146233   1.90808   	
0        	6       	0.942	0.0262106   	91.7382      	0.0760288  1.01427   	
0        	7       	0.952	0.0751233   	91.5529      	0.0587544  0.711599  	
0        	9       	0.948	0.0262693   	86.7004      	0.158474   2.32196   	
0        	10      	0.54 	0.0532096   	89.8751      	0.0913719  1.12941   	
0        	11      	0.95 	0.0345802   	88.8686      	0.121971   1.95662   	
0        	13      	0.974	0.0498116   	90.7197      	0.0952615  1.4248    	
0        	17      	0.96 	0.030079    	87.4351      	0.138872   2.28233   	
0        	18      	0.954	0.0399873   	88.5881      	0.113655   1.43453   	
0        	19      	0.728	0.0955193   	93.991       	0.0424781  0.710916  	
3        	8       	0.096	0.00711633  	54.5845      	0.660357   8.85716   	
3        	14      	0.831	0.00770388  	58.2394      	0.594155   8.22532   	
16       	1       	0.646	0.00353843  	12.6615      	1.29815    16.2521   	
20       	12      	0.636	0.00710561  	54.9515      	0.642035   8.97699   	
20       	15      	0.545	0.00796828  	59.2016      	0.588146   8.22318   	
