0        	1       	0.928	0.107609    	93.4107      	0.04658    0.751197  	
0        	2       	0.826	0.0538562   	91.8175      	0.0690357  1.05064   	
0        	5       	0.514	0.0241707   	84.2327      	0.186067   2.65486   	
0        	7       	0.466	0.0488535   	91.1814      	0.0829531  1.75753   	
0        	9       	0.944	0.0595026   	92.0655      	0.0596279  0.830336  	
0        	10      	0.572	0.0333815   	88.1207      	0.136508   2.6247    	
0        	11      	0.906	0.0708978   	92.5663      	0.066345   1.32933   	
0        	14      	0.936	0.073882    	92.3708      	0.0507207  0.639779  	
0        	15      	0.548	0.0586667   	91.5934      	0.0741761  1.27441   	
0        	16      	0.548	0.0549894   	91.376       	0.0817902  1.53669   	
0        	17      	0.938	0.0800492   	92.9077      	0.0567651  1.12607   	
0        	19      	0.604	0.0760272   	91.996       	0.0621673  0.82467   	
0        	20      	0.59 	0.032681    	87.6002      	0.145407   2.37413   	
6        	13      	0.069	0.00355053  	12.7549      	1.30158    16.1878   	
12       	8       	0.625	0.00476518  	34.1414      	0.972105   13.4545   	
18       	3       	0.125	0.0074584   	56.5545      	0.6296     8.48458   	
18       	4       	0.614	0.00732851  	56.15        	0.624394   8.59209   	
