0        	1       	0.866	0.038945    	88.9197      	0.118379   1.68367   	
0        	2       	0.926	0.0421197   	89.6594      	0.111455   2.13359   	
0        	3       	0.884	0.0690459   	93.5065      	0.0527931  0.712549  	
0        	5       	0.93 	0.0340815   	86.8863      	0.136026   1.61217   	
0        	10      	0.564	0.0620316   	92.9534      	0.0572651  1.54619   	
0        	11      	0.93 	0.0326795   	87.6168      	0.13966    1.97073   	
0        	12      	0.94 	0.0954459   	93.3235      	0.0398359  0.56227   	
0        	13      	0.676	0.0624833   	93.4327      	0.0457038  0.785995  	
0        	14      	0.942	0.103724    	93.7382      	0.0470337  0.97453   	
0        	16      	0.456	0.0696516   	92.5624      	0.061187   1.08831   	
0        	17      	0.772	0.0284626   	86.2519      	0.163093   2.80045   	
0        	20      	0.772	0.0242097   	86.913       	0.155218   2.583     	
6        	15      	0.134	0.00478523  	34.5135      	0.960897   13.4409   	
7        	4       	0.511	0.00479127  	34.6957      	0.958796   13.395    	
8        	9       	0.1  	0.00353611  	12.497       	1.30579    16.3017   	
19       	18      	0.149	0.00353798  	12.6614      	1.30039    16.2201   	
