0        	3       	0.644	0.0384548   	90.5796      	0.0731328  1.04926   	
0        	4       	0.926	0.0379436   	88.9906      	0.122463   1.91141   	
0        	7       	0.94 	0.0377733   	89.1087      	0.11636    1.87822   	
0        	8       	0.59 	0.0438789   	91.9649      	0.0692938  1.30651   	
0        	9       	0.88 	0.0318769   	87.6784      	0.14241    2.39337   	
0        	10      	0.944	0.0953285   	93.2079      	0.0510169  0.642843  	
0        	12      	0.894	0.0508866   	92.6889      	0.0461933  0.748473  	
0        	13      	0.932	0.063689    	92.1466      	0.0757461  1.24724   	
0        	14      	0.952	0.0287377   	86.4054      	0.154321   2.06054   	
0        	15      	0.894	0.0294171   	91.8163      	0.0765978  1.30937   	
0        	16      	0.95 	0.0310616   	86.5978      	0.152137   2.13522   	
0        	18      	0.958	0.0315005   	87.0143      	0.133253   1.4987    	
1        	5       	0.561	0.00353297  	12.5295      	1.30074    16.2427   	
6        	11      	0.205	0.00354464  	12.7146      	1.30259    16.2586   	
19       	17      	0.309	0.00353183  	12.456       	1.303      16.1884   	
20       	2       	0.281	0.00353262  	12.4455      	1.30385    16.2573   	
