0        	1       	0.936	0.0418973   	89.7047      	0.105453   1.80817   	
0        	2       	0.582	0.0644375   	92.1112      	0.0699812  1.4222    	
0        	4       	0.83 	0.0389978   	90.3849      	0.0951992  1.34749   	
0        	5       	0.466	0.0398476   	89.7182      	0.111759   2.31844   	
0        	8       	0.948	0.0567027   	91.0252      	0.0822721  1.20178   	
0        	10      	0.87 	0.0658064   	92.3084      	0.0674702  1.38773   	
0        	12      	0.682	0.0359979   	88.8627      	0.123885   2.43041   	
0        	13      	0.736	0.0458346   	91.8557      	0.0718317  1.01423   	
0        	14      	0.924	0.0992818   	93.418       	0.0494641  0.898964  	
0        	15      	0.948	0.0265986   	87.0783      	0.149346   2.47401   	
0        	16      	0.682	0.0532047   	93.3538      	0.0531948  1.34792   	
0        	18      	0.93 	0.0485637   	91.2599      	0.0810573  1.08597   	
3        	11      	0.766	0.00353126  	12.5133      	1.3017     16.1943   	
9        	17      	0.727	0.00353991  	12.618       	1.30281    16.2761   	
19       	6       	0.561	0.00353093  	12.4897      	1.30304    16.182    	
20       	7       	0.07 	0.00467472  	33.0316      	0.987101   13.4066   	
