0        	1       	0.948	0.0383631   	88.8103      	0.118446   1.72222   	
0        	2       	0.548	0.030344    	88.7564      	0.123789   2.28133   	
0        	3       	0.662	0.0326847   	87.7716      	0.13865    2.36473   	
0        	6       	0.776	0.0854977   	92.976       	0.0562188  1.3838    	
0        	7       	0.438	0.0626544   	92.1308      	0.0742666  1.30897   	
0        	10      	0.948	0.1151      	93.5592      	0.0359597  0.564677  	
0        	11      	0.948	0.0249999   	85.1838      	0.181661   2.88317   	
0        	15      	0.862	0.0495519   	90.7867      	0.09       1.38801   	
0        	17      	0.69 	0.0303928   	86.71        	0.156091   2.50484   	
0        	19      	0.964	0.0245481   	84.3511      	0.18285    2.15781   	
5        	18      	0.066	0.00353648  	12.5978      	1.30039    16.1948   	
9        	4       	0.734	0.000239376 	96.634       	0.00305998 0.000117  	
9        	8       	0.483	0.00354321  	12.5758      	1.30335    16.1984   	
12       	16      	0.391	0.00464964  	32.6668      	0.995236   13.4109   	
20       	13      	0.095	0.00721753  	55.4685      	0.638747   8.99662   	
20       	14      	0.168	0.00786597  	58.857       	0.586715   8.23481   	
