0        	2       	0.772	0.051939    	90.8484      	0.0917692  1.5727    	
0        	3       	0.58 	0.0492341   	91.4675      	0.0844798  1.75774   	
0        	5       	0.718	0.0383578   	90.9596      	0.0882786  1.42238   	
0        	8       	0.956	0.0312576   	87.1099      	0.151393   2.50658   	
0        	9       	0.952	0.0397787   	89.2911      	0.115425   1.79812   	
0        	10      	0.942	0.0378413   	89.6585      	0.102392   1.38523   	
0        	11      	0.942	0.0293926   	86.5948      	0.16045    2.5859    	
0        	12      	0.776	0.0356081   	87.7677      	0.131805   1.87247   	
0        	13      	0.964	0.0456891   	89.8989      	0.102515   1.31489   	
0        	17      	0.868	0.0635188   	92.1166      	0.0694172  1.22235   	
0        	19      	0.58 	0.0735724   	93.9574      	0.0437869  1.01115   	
1        	4       	0.185	0.00757561  	57.676       	0.598368   8.47016   	
1        	7       	0.624	0.00720294  	55.1639      	0.647796   8.74686   	
6        	15      	0.119	0.00741516  	56.6119      	0.61591    8.41528   	
6        	18      	0.172	0.00725693  	55.71        	0.630258   8.71825   	
20       	14      	0.124	0.00778016  	58.233       	0.60378    8.25405   	
20       	16      	0.374	0.00713108  	54.9565      	0.649782   8.9465    	
