0        	1       	0.928	0.0391918   	89.5204      	0.10237    1.42091   	
0        	2       	0.466	0.00154555  	0            	0          0.001268  	
0        	3       	0.94 	0.0280679   	92.1996      	0.053259   0.488607  	
0        	4       	0.476	0.0708756   	91.8893      	0.025091   0.187663  	
0        	6       	0.958	0.0456514   	90.8153      	0.0921015  1.53541   	
0        	7       	0.944	0.105452    	94.6187      	0.0345966  0.561812  	
0        	8       	0.94 	0.0406202   	89.1401      	0.112684   1.79933   	
0        	9       	0.668	0.0327584   	90.7873      	0.085966   1.57056   	
0        	11      	0.946	0.0479431   	90.9411      	0.0781953  1.09008   	
0        	12      	0.682	0.039359    	92.0497      	0.0754011  1.38366   	
0        	13      	0.8  	0.0465607   	90.7311      	0.0951446  1.79594   	
0        	14      	0.956	0.0224551   	91.5783      	0.066251   0.638431  	
0        	15      	0.956	0.0795118   	93.8306      	0.0410383  0.748066  	
0        	16      	0.942	0.0318637   	87.2001      	0.147939   2.13731   	
0        	18      	0.956	0.0363944   	89.2473      	0.114551   2.0436    	
0        	20      	0.944	0.0116792   	93.7463      	0.0461638  0.617175  	
10       	17      	0.594	0.00353049  	12.461       	1.30339    16.2229   	
19       	5       	0.13 	0.00353234  	12.5562      	1.29819    16.2696   	
