0        	7       	0.928	0.0174278   	79.5819      	0.271079   3.70717   	
0        	11      	0.938	0.0219703   	83.1374      	0.213411   3.17859   	
0        	13      	0.958	0.0107748   	68.9906      	0.427402   5.70921   	
0        	14      	0.928	0.0375676   	88.9601      	0.121902   2.01893   	
0        	16      	0.93 	0.0236291   	84.5892      	0.191571   3.03099   	
1        	6       	0.638	0.00480252  	34.7213      	0.964146   13.4796   	
1        	12      	0.06 	0.000596604 	96.6558      	0.00304016 0.000117  	
1        	20      	0.687	0.00118344  	96.6352      	0.00305895 0.000117  	
4        	9       	0.419	0.00464323  	32.7726      	0.991179   13.4361   	
5        	8       	0.712	0.00493719  	36.4883      	0.929542   13.4511   	
10       	3       	0.094	0.00474415  	33.9891      	0.975981   13.3556   	
15       	2       	0.692	0.00480592  	34.8698      	0.952037   13.5264   	
19       	17      	0.53 	0.0076778   	57.7952      	0.607022   8.2978    	
19       	18      	0.104	0.00730514  	55.863       	0.638608   8.75761   	
