0        	1       	0.962	0.0668833   	92.6412      	0.0553016  1.05016   	
0        	3       	0.896	0.0539775   	91.3788      	0.085358   1.96457   	
0        	5       	0.946	0.0638157   	92.12        	0.066345   1.33394   	
0        	7       	0.952	0.0751557   	92.8014      	0.063517   1.34805   	
0        	8       	0.93 	0.0371728   	87.855       	0.128375   1.74336   	
0        	9       	1    	0.0419563   	90.5746      	0.0977995  1.64988   	
0        	11      	0.83 	0.0269661   	88.5323      	0.11899    1.68254   	
0        	13      	0.954	0.0413782   	89.7612      	0.110358   1.79875   	
0        	15      	0.956	0.0376774   	90.6172      	0.0951928  1.7248    	
0        	16      	0.068	0.0352991   	88.5562      	0.126361   2.01893   	
0        	19      	0.942	0.0303981   	87.2058      	0.148697   2.54799   	
2        	12      	0.41 	0.00353274  	12.4556      	1.306      16.1896   	
4        	6       	0.618	0.00353234  	12.5083      	1.29949    16.2615   	
10       	14      	0.14 	0.00765107  	57.591       	0.613478   8.29773   	
10       	17      	0.188	0.00712497  	54.9903      	0.643038   8.73682   	
20       	18      	0.545	0.00353334  	12.4947      	1.30519    16.2311   	
