0        	1       	0.466	0.0411443   	89.3656      	0.115694   1.98057   	
0        	2       	0.942	0.0366835   	88.8015      	0.125447   2.13516   	
0        	3       	0.952	0.0300793   	86.3088      	0.154412   2.06162   	
0        	6       	0.958	0.0648519   	92.6474      	0.0634941  1.27618   	
0        	8       	0.866	0.031082    	87.9455      	0.135037   2.17029   	
0        	11      	0.466	0.041776    	91.1365      	0.0840619  1.64543   	
0        	14      	0.948	0.0231287   	84.0786      	0.189828   3.12476   	
0        	19      	0.466	0.0403721   	89.4583      	0.115509   2.16853   	
0        	20      	0.938	0.0362704   	88.0878      	0.130526   2.02245   	
13       	7       	0.145	0.0181037   	80.2185      	0.25813    4.07481   	
13       	10      	0.56 	0.0134753   	74.5852      	0.347731   5.01474   	
13       	12      	0.342	0.021577    	82.8768      	0.218267   3.58309   	
13       	17      	0.091	0.0133153   	74.5586      	0.334438   5.22622   	
16       	9       	0.803	0.00722996  	55.7263      	0.629727   8.94843   	
16       	15      	0.715	0.00777426  	58.228       	0.600067   8.3353    	
18       	4       	0.472	0.00766344  	57.7374      	0.611362   8.65302   	
18       	5       	0.77 	0.00748312  	56.9321      	0.615385   8.7798    	
