0        	2       	0.782	0.0675615   	92.0683      	0.0713984  1.38482   	
0        	3       	0.94 	0.022003    	83.23        	0.212818   3.18621   	
0        	6       	0.93 	0.0324427   	88.267       	0.133189   2.36234   	
0        	10      	0.54 	0           	96.3092      	0.00335525 0.000339  	
0        	11      	0.514	0.0487488   	90.8285      	0.0941448  1.85733   	
0        	12      	0.87 	0.021496    	82.9629      	0.211117   3.5554    	
0        	13      	0.826	0.033621    	87.8628      	0.137741   2.24751   	
0        	15      	0.928	0.0278811   	86.0451      	0.16468    2.20754   	
0        	20      	0.748	0.0522714   	90.9926      	0.0915695  1.63951   	
1        	9       	0.07 	0.0035336   	12.4966      	1.30381    16.2848   	
14       	7       	0.804	0.000608631 	96.6461      	0.00304897 0.000154  	
14       	16      	0.721	0.00354151  	12.5887      	1.30415    16.2644   	
17       	4       	0.298	0.00353299  	12.5303      	1.30208    16.2252   	
18       	8       	0.628	0.00471932  	33.6705      	0.97798    13.3564   	
19       	5       	0.341	0.00353027  	12.4099      	1.30519    16.2474   	
