0        	1       	0.548	0.0465334   	90.868       	0.0904159  1.87039   	
0        	4       	0.948	0.0291506   	87.0236      	0.153168   2.36049   	
0        	10      	0.456	0.0266055   	85.6093      	0.165688   3.08257   	
0        	11      	0.682	0.0291595   	88.994       	0.120597   2.09455   	
0        	13      	0.958	0.0219063   	82.9087      	0.213142   2.84727   	
0        	14      	0.938	0.040905    	89.1469      	0.115917   1.61006   	
0        	15      	0.662	0.078828    	93.0162      	0.058922   1.18331   	
0        	17      	0.682	0.020623    	82.4808      	0.220387   3.28962   	
3        	2       	0.379	0.0120013   	71.9533      	0.391449   5.79761   	
3        	7       	0.256	0.0120906   	71.988       	0.38855    5.83246   	
3        	20      	0.604	0.0110912   	69.9994      	0.407166   6.25347   	
6        	18      	0.718	0.00355162  	12.664       	1.30591    16.2801   	
8        	12      	0.726	0.00475665  	34.1833      	0.969051   13.444    	
9        	5       	0.752	0.00473131  	33.8773      	0.969994   13.494    	
19       	16      	0.658	0.00480899  	34.8015      	0.958979   13.4138   	
