0        	2       	0.928	0.0383545   	90.0438      	0.101044   1.50082   	
0        	4       	0.466	0.0366752   	90.9495      	0.0918527  1.7201    	
0        	5       	0.826	0.0577994   	92.587       	0.0667294  1.49568   	
0        	6       	0.942	0.0567412   	91.1672      	0.0829044  1.22541   	
0        	9       	0.906	0.0368117   	88.6043      	0.128523   2.24559   	
0        	10      	0.748	0.0586599   	91.3493      	0.0746714  1.19764   	
0        	11      	0.772	0.0559579   	91.3707      	0.0818411  1.42498   	
0        	15      	0.948	0.0344001   	87.9113      	0.134035   1.76164   	
0        	16      	0.94 	0.0293713   	86.6876      	0.153814   2.58771   	
0        	19      	0.678	0.038274    	93.2038      	0.0527861  0.935117  	
0        	20      	0.582	0.0346074   	87.9578      	0.135777   2.13485   	
3        	7       	0.854	0.00740975  	56.3781      	0.632158   8.44721   	
3        	18      	0.728	0.00741656  	56.5502      	0.620798   8.63001   	
12       	1       	0.059	0.00353466  	12.5189      	1.30537    16.2633   	
13       	14      	0.403	0.00353966  	12.527       	1.30439    16.1551   	
17       	8       	0.685	0.00476378  	34.2682      	0.965047   13.4809   	
