0        	1       	0.958	0.0418896   	92.9596      	0.0480698  0.563674  	
0        	3       	0.564	0.0334474   	88.031       	0.135567   2.49738   	
0        	4       	0.938	0.0388453   	89.4519      	0.111655   1.78001   	
0        	5       	0.548	0.051946    	90.4558      	0.0905174  1.3847    	
0        	7       	0.548	0.0593946   	92.2004      	0.0727802  1.57121   	
0        	8       	0.466	0.0401132   	88.9309      	0.118259   1.83658   	
0        	9       	0.948	0.0419229   	90.8443      	0.0890899  1.08902   	
0        	10      	0.944	0.0302953   	88.2249      	0.134503   2.20935   	
0        	11      	0.772	0.0533292   	90.7522      	0.0862937  1.42212   	
0        	12      	0.734	0.0575637   	91.7878      	0.0790802  1.45862   	
0        	13      	0.514	0.0414861   	90.8896      	0.0864035  1.53323   	
0        	17      	0.94 	0.0436298   	91.4416      	0.0824141  1.27548   	
2        	18      	0.691	0.00477902  	34.3881      	0.971961   13.4776   	
16       	14      	0.371	0.00874842  	62.7695      	0.527728   7.84642   	
16       	20      	0.468	0.00942713  	65.1028      	0.497362   7.49762   	
19       	6       	0.353	0.00997505  	66.8514      	0.468096   7.28933   	
19       	15      	0.711	0.00823332  	60.8237      	0.551354   8.34111   	
