0        	1       	0.794	0.0343448   	88.6416      	0.121351   1.68424   	
0        	3       	0.962	0.0306195   	87.0019      	0.152662   2.33054   	
0        	4       	0.954	0.0339761   	88.0204      	0.116979   1.35504   	
0        	5       	0.752	0.0297419   	91.7217      	0.0774833  1.30995   	
0        	6       	0.932	0.11658     	93.5889      	0.0405067  0.788277  	
0        	8       	0.952	0.0487821   	91.4291      	0.075594   1.34709   	
0        	9       	0.938	0.0567221   	92.4903      	0.0543901  0.790977  	
0        	10      	0.938	0.00969614  	94.3587      	0.026467   0.283276  	
0        	12      	0.932	0.0425826   	89.8517      	0.108699   1.73622   	
0        	14      	0.67 	0.0311626   	92.0038      	0.0736129  1.38538   	
0        	15      	0.674	0.0645243   	92.5549      	0.0628141  1.27152   	
0        	16      	0.938	0.013616    	92.7047      	0.0580206  0.908139  	
0        	17      	0.95 	0.0400172   	89.0494      	0.119028   1.87288   	
0        	18      	0.8  	0.0724055   	93.2073      	0.05731    1.19699   	
2        	13      	0.734	0.00465857  	32.8798      	0.990099   13.3726   	
7        	11      	0.75 	0.00352956  	12.4442      	1.30595    16.3082   	
19       	20      	0.718	0.00353237  	12.4917      	1.30537    16.269    	
