0        	3       	0.592	0.0456736   	90.5132      	0.0964349  1.95965   	
0        	6       	0.548	0.0429178   	90.0003      	0.104825   2.01923   	
0        	7       	0.052	0.0593646   	92.3546      	0.0701134  1.34646   	
0        	8       	0.604	0.0282229   	86.2806      	0.167087   2.5669    	
0        	9       	0.58 	0.0367774   	88.7167      	0.12551    2.50674   	
0        	11      	0.54 	0.0360975   	88.1357      	0.131004   2.2107    	
0        	15      	0.622	0.0390779   	89.1464      	0.120729   2.32051   	
0        	19      	0.952	0.0253352   	85.2753      	0.178601   2.44834   	
0        	20      	0.942	0.0465605   	92.2975      	0.0706367  1.34918   	
4        	2       	0.64 	0.00727187  	55.8258      	0.631534   8.70598   	
4        	10      	0.353	0.00744703  	56.5611      	0.627915   8.42791   	
5        	14      	0.731	0.00470369  	33.7278      	0.975212   13.5332   	
16       	13      	0.068	0.00353613  	12.5102      	1.30465    16.3128   	
16       	18      	0.066	0.000575864 	96.6346      	0.00305941 0.000117  	
17       	1       	0.062	0.00769463  	58.1177      	0.597712   8.53989   	
17       	12      	0.693	0.00743644  	56.543       	0.629546   8.74699   	
