0        	1       	0.068	0.0741202   	91.4055      	0.0622471  0.786815  	
0        	2       	0.456	0.0429529   	88.2413      	0.101543   0.97239   	
0        	3       	0.93 	0.0522754   	90.8515      	0.0880968  1.34578   	
0        	4       	0.964	0.0193661   	90.8619      	0.0916562  1.46183   	
0        	8       	0.674	0.037537    	89.1999      	0.111466   2.01661   	
0        	9       	0.662	0.0624491   	91.3323      	0.0651381  0.936859  	
0        	10      	0.956	0.122724    	94.9412      	0.0213751  0.45087   	
0        	11      	0.92 	0.0600206   	92.7588      	0.0595711  1.04773   	
0        	12      	0.514	0.0521734   	92.5838      	0.0654369  1.46037   	
0        	13      	0.772	0.058049    	90.9318      	0.0831616  1.38553   	
0        	14      	0.94 	0.0456812   	90.9868      	0.0841043  1.38655   	
0        	16      	0.948	0.0416328   	88.6045      	0.111276   1.39236   	
0        	17      	0.87 	0.0334495   	86.4193      	0.117226   1.08919   	
0        	18      	0.674	0.0785297   	90.8001      	0.0611964  0.712033  	
0        	19      	0.894	0.0628274   	91.8641      	0.0759181  1.42441   	
0        	20      	0.938	0.0788156   	94.2484      	0.0382592  0.600363  	
5        	6       	0.2  	0.00477306  	34.2278      	0.976037   13.4917   	
7        	15      	0.442	0.00471451  	33.5655      	0.981164   13.5254   	
