0        	1       	0.592	0.141414    	94.515       	0.0263703  0.337562  	
0        	2       	0.688	0.0390462   	90.1211      	0.0951301  1.49793   	
0        	3       	0.81 	0.0451051   	88.1964      	0.106208   1.04794   	
0        	4       	0.948	0.147297    	94.3934      	0.0173445  0.26307   	
0        	6       	0.896	0.0638606   	92.0745      	0.0713429  1.34735   	
0        	7       	0.956	0.0517161   	92.6134      	0.0521879  0.599583  	
0        	8       	0.948	0.0332497   	89.7429      	0.105288   1.46209   	
0        	9       	0.956	0.0974822   	92.8729      	0.0424989  0.489459  	
0        	10      	0.914	0.0658287   	91.7427      	0.0728585  1.34746   	
0        	11      	0.956	0.0323554   	87.7955      	0.133382   1.98564   	
0        	12      	0.856	0.0541653   	90.6171      	0.084427   1.33848   	
0        	13      	0.514	0.0395583   	89.646       	0.110619   2.01902   	
0        	15      	0.952	0.0494465   	90.7047      	0.0964495  1.79834   	
0        	18      	0.826	0.0570065   	92.0511      	0.072372   1.2924    	
0        	19      	0.954	0.0984211   	93.2654      	0.049519   0.676953  	
0        	20      	0.942	0.0422833   	91.901       	0.0732507  1.03469   	
5        	17      	0.322	0.00474195  	33.9951      	0.969903   13.3955   	
14       	16      	0.812	0.00353298  	12.5083      	1.30251    16.265    	
