0        	5       	0.952	0.0368994   	88.8112      	0.12355    2.0569    	
0        	6       	0.938	0.0410795   	89.3102      	0.110919   1.50081   	
0        	7       	0.742	0.0318899   	90.2962      	0.101723   1.86957   	
0        	8       	0.466	0.158031    	94.7431      	0.0222124  0.411846  	
0        	9       	0.564	0.0797413   	93.8727      	0.045253   1.12214   	
0        	10      	0.932	0.0303992   	86.8188      	0.153194   2.32335   	
0        	11      	0.718	0.0454249   	90.1477      	0.10328    1.90821   	
0        	13      	0.914	0.0558663   	92.0706      	0.0615574  0.681005  	
0        	14      	0.83 	0.0411002   	90.6107      	0.0974243  1.68603   	
0        	15      	0.882	0.0557807   	90.9608      	0.0843467  1.46012   	
0        	16      	0.772	0.0433913   	89.369       	0.107855   1.75897   	
0        	19      	0.948	0.0397706   	89.2128      	0.117252   1.84254   	
2        	20      	0.638	0.00354619  	12.5954      	1.30599    16.3145   	
4        	3       	0.709	0.0035454   	12.7612      	1.29981    16.1697   	
18       	1       	0.881	0.011291    	70.5083      	0.394709   6.30966   	
18       	12      	0.618	0.012578    	72.9665      	0.372918   5.64391   	
18       	17      	0.108	0.0116112   	71.4444      	0.396435   6.05563   	
