0        	1       	0.978	0.0393646   	88.9827      	0.118749   1.7301    	
0        	2       	0.89 	0.0300887   	87.3868      	0.147379   2.31911   	
0        	4       	0.776	0.0553783   	89.9152      	0.0829646  1.16138   	
0        	5       	0.87 	0.0561258   	91.7684      	0.0658532  0.939069  	
0        	9       	0.06 	0.0463739   	91.1749      	0.0809318  1.45836   	
0        	12      	0.856	0.0238967   	85.3608      	0.171801   2.98549   	
0        	13      	0.856	0.0873468   	92.2973      	0.055788   0.714915  	
0        	14      	0.958	0.022757    	83.631       	0.20539    2.95975   	
0        	16      	0.072	0.133115    	94.6336      	0.0362801  1.01015   	
0        	17      	0.514	0.0216297   	91.9745      	0.0649257  0.748707  	
0        	18      	0.476	0.100959    	94.3543      	0.0392904  0.715939  	
0        	19      	0.682	0.0536023   	90.4144      	0.090324   1.25481   	
6        	3       	0.061	0.00469708  	33.3946      	0.976256   13.5122   	
7        	10      	0.858	0.00353759  	12.6055      	1.30381    16.2281   	
15       	11      	0.068	0.0035532   	12.697       	1.30691    16.2427   	
20       	8       	0.663	0.00481915  	34.9739      	0.959016   13.4798   	
