0        	3       	0.972	0.0294386   	86.887       	0.155526   2.50964   	
0        	6       	0.928	0.0245401   	85.8382      	0.172336   2.73089   	
0        	7       	0.548	0.0460161   	90.3068      	0.100578   1.94439   	
0        	10      	1    	0.0224555   	83.5717      	0.196149   3.03198   	
0        	11      	0.914	0.0466944   	90.1299      	0.10271    1.58339   	
0        	16      	0.928	0.0199503   	81.6773      	0.235981   3.62791   	
0        	17      	0.794	0.0247871   	84.7359      	0.18502    2.76643   	
4        	2       	0.095	0.00730566  	55.7934      	0.641513   8.48453   	
4        	5       	0.605	0.000568462 	96.616       	0.00307636 0.000117  	
4        	19      	0.804	0.00730405  	55.8831      	0.633794   8.41276   	
9        	1       	0.32 	0.00732069  	55.9529      	0.638891   8.80704   	
9        	18      	0.119	0.00770365  	58.1986      	0.603707   8.37509   	
14       	13      	0.448	0.00470477  	33.3926      	0.986128   13.5012   	
20       	8       	0.065	0.0118797   	71.5977      	0.394645   5.94359   	
20       	12      	0.069	0.015456    	77.3948      	0.303569   4.97194   	
20       	15      	0.516	0.00971826  	66.227       	0.471926   6.77895   	
