0        	2       	0.592	0.00411894  	0            	0          0.00024   	
0        	3       	0.748	0.00168599  	96.6411      	0.00305353 0.000117  	
0        	4       	0.884	0.000535686 	96.6336      	0.00306035 0.000183  	
0        	5       	0.926	0           	96.6369      	0.00305736 0.000154  	
0        	7       	0.944	0.00150019  	0            	0          0.000372  	
0        	10      	0.456	0.00356695  	13.0198      	1.29866    16.2498   	
0        	13      	0.942	0.00369921  	0            	0          0.000306  	
0        	15      	0.476	0.00346913  	0            	0          0.000438  	
0        	16      	0.564	0.00432507  	0            	0          0.00024   	
0        	18      	0.728	0.00116957  	0            	0          0.000306  	
0        	20      	0.682	0.0022719   	0            	0          0.000306  	
6        	9       	0.621	0.00468144  	33.0192      	0.991183   13.4662   	
8        	1       	0.072	0.0162866   	78.6182      	0.283161   4.52303   	
8        	11      	0.501	0.0134738   	74.9095      	0.328749   5.30114   	
8        	17      	0.676	0.0159802   	78.043       	0.294455   4.5459    	
8        	19      	0.683	0.0204416   	82.2438      	0.227643   3.88873   	
14       	12      	0.121	0.00462565  	32.2853      	1.00341    13.4207   	
