0        	2       	0.928	0.0221395   	85.5587      	0.17641    2.61978   	
0        	6       	0.948	0.0141721   	75.714       	0.322688   4.6296    	
0        	11      	0.94 	0.0208601   	85.4186      	0.178782   2.66818   	
0        	13      	0.866	0.0294584   	86.5901      	0.159789   2.80408   	
0        	17      	0.948	0.0126019   	73.0325      	0.372008   4.86542   	
1        	14      	0.667	0.00353533  	12.5158      	1.30587    16.297    	
5        	19      	0.457	0.00353641  	12.5193      	1.30473    16.1932   	
7        	18      	0.617	0.00459472  	31.8826      	1.00434    13.4915   	
7        	20      	0.631	0.00154941  	96.6292      	0.00306438 0.000117  	
8        	3       	0.079	0.00354761  	12.6794      	1.30162    16.199    	
10       	4       	0.154	0.0129611   	73.7445      	0.362653   5.50509   	
10       	12      	0.122	0.0111503   	70.1458      	0.4128     5.98764   	
10       	16      	0.636	0.0107083   	68.7911      	0.433073   6.22722   	
15       	9       	0.716	0.00353375  	12.4482      	1.30381    16.2562   	
