0        	1       	0.906	0.0403251   	89.6873      	0.112094   2.20722   	
0        	6       	0.954	0.0312468   	89.3938      	0.10546    1.94517   	
0        	8       	0.772	0.0420178   	89.6386      	0.107476   1.75768   	
0        	9       	0.964	0.032735    	87.4495      	0.14336    2.28801   	
0        	10      	0.952	0.0434189   	90.0152      	0.0975363  1.6867    	
0        	13      	0.958	0.0384146   	89.4172      	0.107404   1.38866   	
0        	14      	0.948	0.0272256   	85.612       	0.174087   2.64082   	
0        	15      	0.942	0.0360194   	88.4241      	0.127037   2.21574   	
0        	17      	0.478	0.0388796   	92.3263      	0.069076   1.3462    	
0        	20      	0.956	0.0521004   	90.0326      	0.09244    1.2211    	
2        	12      	0.79 	0.00354799  	12.6537      	1.30503    16.2392   	
5        	4       	0.235	0.00353696  	12.6015      	1.30423    16.2621   	
18       	3       	0.33 	0.015822    	77.8193      	0.297008   4.48583   	
18       	11      	0.613	0.0106261   	68.8363      	0.426072   6.46496   	
18       	16      	0.647	0.00980591  	66.3398      	0.476496   6.80694   	
19       	7       	0.354	0.00355419  	12.7533      	1.30679    16.2352   	
