0        	5       	0.964	0.0336455   	87.6142      	0.13871    2.02094   	
0        	6       	0.572	0.0216836   	84.3542      	0.193853   3.065     	
0        	7       	0.958	0.0735087   	92.3033      	0.0664651  0.897682  	
0        	8       	0.548	0.0302852   	87.6628      	0.140047   2.24389   	
0        	9       	0.952	0.0294334   	86.6752      	0.158774   2.32799   	
0        	11      	0.466	0.0268647   	85.4339      	0.171892   2.50496   	
0        	14      	0.938	0.0322897   	88.0008      	0.129541   2.32916   	
0        	20      	0.954	0.0272467   	86.0375      	0.167051   2.90437   	
4        	12      	0.276	0.0136644   	74.8326      	0.343967   5.38295   	
4        	16      	0.707	0.0103893   	68.0328      	0.44994    6.54312   	
4        	19      	0.623	0.0115954   	71.2903      	0.38907    6.00414   	
15       	1       	0.719	0.017761    	80.1084      	0.260082   3.63082   	
15       	3       	0.695	0.0141223   	75.5415      	0.333222   5.07982   	
15       	10      	0.125	0.0161706   	79.1656      	0.275439   4.44975   	
15       	17      	0.346	0.0163151   	78.5863      	0.274187   4.81705   	
18       	2       	0.652	0.00475501  	34.079       	0.972046   13.5028   	
18       	13      	0.794	0.00262027  	96.6401      	0.00305446 0.000117  	
