0        	1       	0.938	0.0414648   	89.9404      	0.107474   1.83506   	
0        	2       	0.542	0.0761896   	92.73        	0.0627806  0.977061  	
0        	4       	0.896	0.10469     	94.6263      	0.0363295  0.531349  	
0        	5       	0.938	0.0323152   	87.7079      	0.135575   2.23602   	
0        	6       	0.456	0.0427637   	91.7624      	0.0711364  1.19956   	
0        	8       	0.728	0.0600576   	91.928       	0.0765556  1.27265   	
0        	10      	0.854	0.054925    	91.7687      	0.0754866  1.34742   	
0        	11      	0.734	0.0985065   	94.4951      	0.0316376  0.785513  	
0        	12      	0.94 	0.0415965   	89.1899      	0.11332    1.64698   	
0        	14      	0.932	0.0413676   	89.2901      	0.113367   1.79772   	
0        	15      	0.466	0.0533671   	91.0014      	0.0890954  1.75741   	
0        	16      	0.954	0.0350566   	88.001       	0.135327   1.91135   	
0        	17      	0.924	0.0373644   	90.5624      	0.0921911  1.23617   	
3        	19      	0.807	0.00353714  	12.6374      	1.29917    16.2398   	
9        	13      	0.143	0.00744175  	56.8119      	0.614606   8.662     	
9        	18      	0.615	0.00742803  	56.442       	0.631451   8.61372   	
20       	7       	0.068	0.00353477  	12.5592      	1.30121    16.2708   	
