0        	1       	0.582	0.0305002   	87.4486      	0.140604   2.20525   	
0        	2       	0.958	0.0720567   	92.9443      	0.0469337  0.78552   	
0        	3       	0.932	0.037737    	88.847       	0.117622   1.77993   	
0        	9       	0.942	0.0504303   	90.3192      	0.0903342  1.22392   	
0        	10      	1    	0.0209213   	82.5149      	0.223618   3.26034   	
0        	12      	0.564	0.0422429   	90.7775      	0.0913123  1.7948    	
0        	13      	0.952	0.037725    	88.2442      	0.125336   1.59549   	
0        	14      	0.952	0.0363478   	88.6827      	0.126778   2.06099   	
0        	18      	1    	0.0380282   	89.1176      	0.118286   1.76466   	
0        	19      	0.59 	0.0201868   	90.3255      	0.100301   1.45827   	
6        	5       	0.618	0.00353191  	12.4777      	1.30373    16.2532   	
15       	7       	0.374	0.00701305  	54.263       	0.657018   9.07457   	
15       	11      	0.37 	0.00789471  	58.8458      	0.592366   8.01634   	
16       	4       	0.568	0.00481408  	34.8655      	0.959102   13.5124   	
17       	8       	0.7  	0.00736949  	56.1183      	0.636144   8.5974    	
17       	20      	0.705	0.0075759   	57.5215      	0.600755   8.54497   	
