0        	1       	0.938	0.0391362   	89.9001      	0.107905   2.05769   	
0        	2       	0.928	0.10341     	91.9322      	0.0481371  0.677505  	
0        	3       	0.944	0.0287483   	85.8252      	0.159866   1.9895    	
0        	5       	0.548	0.0532659   	88.1484      	0.0890208  0.82307   	
0        	6       	0.644	0.0513231   	89.548       	0.0757002  0.748357  	
0        	7       	0.932	0.0365666   	88.5563      	0.129866   2.01413   	
0        	10      	0.914	0.0868564   	93.989       	0.0392234  0.898495  	
0        	11      	0.942	0.0496979   	91.4592      	0.0737545  1.01434   	
0        	12      	0.59 	0.101787    	94.152       	0.0389004  0.787851  	
0        	13      	0.83 	0.118652    	92.6277      	0.0380753  0.561556  	
0        	14      	0.626	0.0908641   	93.6719      	0.0513254  1.38402   	
0        	15      	0.938	0.035226    	87.7329      	0.112453   1.12711   	
0        	17      	0.938	0.0544497   	91.1705      	0.0874208  1.47472   	
0        	18      	0.682	0.029622    	91.4298      	0.0848536  1.60786   	
0        	20      	0.928	0.0554493   	91.9409      	0.0723327  1.3809    	
16       	8       	0.578	0.00352946  	12.3869      	1.30612    16.2013   	
19       	4       	0.599	0.007505    	57.22        	0.609204   8.91129   	
19       	9       	0.84 	0.00787134  	58.6907      	0.595984   8.52243   	
