0        	2       	0.81 	0.0206529   	82.3146      	0.226737   3.37272   	
0        	6       	0.662	0.025482    	85.2033      	0.185073   3.03627   	
0        	8       	0.078	0.0336727   	88.0334      	0.132594   2.53783   	
0        	11      	0.456	0.0275955   	86.4558      	0.162114   2.6545    	
0        	12      	0.448	0.0558551   	91.3313      	0.0846793  1.34617   	
0        	16      	0.914	0.0216595   	83.172       	0.21412    3.33037   	
0        	20      	0.846	0.0341092   	90.3784      	0.0978055  1.90876   	
1        	15      	0.058	0.00473766  	34.0426      	0.966842   13.4596   	
3        	17      	0.793	0.00353384  	12.5004      	1.30162    16.1984   	
7        	18      	0.178	0.00355142  	12.7514      	1.30308    16.1679   	
14       	4       	0.235	0.0169054   	79.1928      	0.274493   4.25757   	
14       	5       	0.415	0.018802    	81.0586      	0.247167   3.85522   	
14       	9       	0.077	0.0159294   	77.9267      	0.29557    4.44848   	
14       	13      	0.438	0.0125017   	73.1112      	0.368257   5.12796   	
19       	10      	0.779	0.00353856  	12.5618      	1.3017     16.1861   	
