0        	1       	0.928	0.115146    	92.266       	0.0318708  0.374431  	
0        	2       	0.808	0.0645926   	91.2415      	0.0720202  1.19748   	
0        	3       	0.514	0.0309289   	87.2933      	0.130433   1.53295   	
0        	4       	0.586	0.0382358   	89.1359      	0.114485   1.99322   	
0        	5       	0.926	0.00430252  	0            	0          0.000428  	
0        	6       	0.69 	0.0723545   	92.392       	0.0608643  1.01105   	
0        	7       	0.604	0.0320431   	91.946       	0.0748923  1.29436   	
0        	8       	0.914	0.00122343  	0            	0          0.000756  	
0        	9       	0.952	0.033938    	87.5248      	0.130776   1.68772   	
0        	10      	0.532	0.0402311   	89.3508      	0.110497   1.94435   	
0        	11      	0.604	0.0634481   	92.9784      	0.0590048  0.921957  	
0        	12      	0.826	0.00359587  	0            	0          0.000362  	
0        	13      	0.958	0.0327191   	87.8332      	0.1311     1.94658   	
0        	14      	0.81 	0.0683307   	92.303       	0.0649107  1.01235   	
0        	15      	0.95 	0.00378195  	0            	0          0.000658  	
0        	16      	0.974	0.0451262   	90.6729      	0.0967791  1.91047   	
0        	19      	0.944	0.0456052   	90.4157      	0.0983815  1.76099   	
0        	20      	0.862	0.0042752   	0            	0          0.000362  	
18       	17      	0.608	0.00478191  	34.4299      	0.965919   13.3943   	
