0        	3       	0.548	0.0347293   	88.3731      	0.13281    2.33747   	
0        	10      	0.514	0.0793446   	94.0744      	0.0306033  0.449372  	
0        	11      	0.548	0.0540383   	90.8468      	0.0895009  1.28417   	
0        	12      	0.072	0.0482715   	90.863       	0.0904656  1.64584   	
0        	13      	0.444	0.0684128   	92.4708      	0.0602623  1.01202   	
0        	15      	0.466	0.0389881   	90.4194      	0.0994098  1.79533   	
0        	16      	0.586	0.033837    	89.1316      	0.120007   1.98682   	
0        	17      	0.678	0.0261721   	85.2101      	0.177795   2.80367   	
0        	18      	0.956	0.0448582   	91.8145      	0.0788237  1.42726   	
0        	19      	0.482	0.044258    	90.2155      	0.100437   1.75738   	
0        	20      	0.954	0.0374571   	88.8398      	0.124069   2.19426   	
2        	1       	0.671	0.00353359  	12.4876      	1.30449    16.3197   	
7        	5       	0.199	0.0109922   	69.5809      	0.427745   6.2513    	
7        	9       	0.419	0.0119769   	72.0211      	0.37434    5.8932    	
7        	14      	0.498	0.0127271   	73.3133      	0.370101   5.54453   	
8        	4       	0.752	0.00750986  	56.8841      	0.624159   8.70905   	
8        	6       	0.702	0.00760767  	57.7768      	0.597754   8.68393   	
