0        	7       	0.072	0.00472029  	33.5633      	0.985296   13.4786   	
0        	8       	0.456	0.00140469  	0            	0          0.000208  	
0        	9       	0.964	0.00280845  	0            	0          0.000274  	
0        	13      	0.944	0.000636129 	96.6617      	0.00303481 0.000117  	
0        	15      	0.382	0           	0            	0          3.7e-05   	
0        	16      	0.772	0.00110222  	0            	0          0.000208  	
0        	18      	0.514	0.0031726   	0            	0          0.000208  	
3        	5       	0.842	0.00353052  	12.3591      	1.30762    16.3437   	
3        	10      	0.551	0.00227074  	96.6408      	0.00305381 0.000117  	
6        	1       	0.169	0.00248772  	96.6533      	0.00304247 0.000117  	
6        	4       	0.169	0.00491281  	36.0818      	0.944991   13.4518   	
6        	17      	0.367	0.00176169  	96.6364      	0.00305782 0.000117  	
6        	19      	0.347	0.00199448  	96.582       	0.00310723 0.000117  	
11       	14      	0.096	0.00353096  	12.5129      	1.30039    16.2124   	
12       	2       	0.109	0.00783034  	58.5836      	0.595202   8.18522   	
12       	20      	0.667	0.00708775  	54.61        	0.658352   8.92155   	
