0        	2       	0.95 	0.0451448   	90.5627      	0.0979222  1.60957   	
0        	4       	0.542	0.0286254   	87.0435      	0.144631   2.72468   	
0        	6       	0.772	0.0370621   	89.701       	0.110032   2.01911   	
0        	8       	0.942	0.030654    	87.0766      	0.146614   2.58071   	
0        	9       	0.944	0.0282438   	86.6963      	0.158522   2.71392   	
0        	11      	0.928	0.00280131  	96.4153      	0.00325882 0.000117  	
0        	12      	0.952	9.543e-06   	96.1835      	0.00346957 0.000286  	
0        	15      	0.532	0.00100965  	96.3798      	0.0032911  0.000183  	
0        	16      	0.532	0.00320207  	96.3178      	0.00334437 0.000663  	
0        	17      	1    	0.0331605   	87.6581      	0.139544   2.13511   	
0        	18      	0.906	0.0364146   	88.8038      	0.124506   2.28213   	
0        	20      	0.896	0.030697    	87.0219      	0.150796   2.50803   	
3        	10      	0.621	0.00353148  	12.4445      	1.30121    16.2906   	
7        	5       	0.719	0.00994842  	66.6227      	0.471915   6.61713   	
7        	14      	0.667	0.0146841   	76.6162      	0.317174   4.64766   	
7        	19      	0.489	0.0111815   	70.4002      	0.398082   6.32367   	
13       	1       	0.151	0.00352975  	12.4601      	1.30175    16.3226   	
