0        	1       	0.654	0.0350492   	88.4386      	0.127115   2.62831   	
0        	2       	0.956	0.0361114   	87.7008      	0.131362   1.68771   	
0        	4       	0.794	0.0358675   	89.1032      	0.119399   2.28194   	
0        	5       	0.776	0.0628046   	91.4927      	0.0750643  1.15987   	
0        	6       	0.548	0.0338132   	93.0927      	0.0552846  1.08449   	
0        	11      	0.958	0.0218695   	83.0228      	0.215564   3.25572   	
0        	14      	0.87 	0.0394026   	89.1865      	0.118487   1.91331   	
0        	17      	0.59 	0.0476648   	90.1061      	0.0992131  1.64581   	
0        	18      	0.896	0.0377729   	90.0885      	0.0967846  1.50012   	
0        	20      	0.92 	0.0476628   	91.1228      	0.0890171  1.36948   	
3        	19      	0.685	0.00352628  	12.3635      	1.30381    16.2737   	
9        	8       	0.423	0.00756855  	57.3918      	0.613089   8.73912   	
9        	10      	0.633	0.00781174  	58.4576      	0.601845   8.61175   	
13       	15      	0.109	0.00460205  	32.0671      	1.0003     13.4658   	
16       	7       	0.164	0.00354363  	12.642       	1.30156    16.2872   	
16       	12      	0.515	0.00303705  	96.6331      	0.00306082 0.000117  	
