0        	1       	0.772	0.0425769   	89.8683      	0.102431   1.95426   	
0        	2       	0.772	0.0484187   	90.9357      	0.0799452  1.23423   	
0        	3       	0.952	0.0276077   	85.9161      	0.170862   2.6945    	
0        	5       	0.926	0.0614266   	92.4139      	0.0588928  0.862765  	
0        	6       	0.592	0.03765     	88.3779      	0.126327   1.83211   	
0        	9       	0.58 	0.0481801   	90.7822      	0.0924332  1.64531   	
0        	10      	0.906	0.0339052   	87.7657      	0.13705    2.06205   	
0        	11      	0.948	0.0573786   	92.2511      	0.0710622  1.16891   	
0        	14      	0.914	0.0270863   	86.2975      	0.161739   2.43693   	
0        	16      	0.922	0.103645    	93.4573      	0.0455326  0.822575  	
0        	20      	0.932	0.0433597   	90.1074      	0.101546   1.65272   	
4        	17      	0.069	0.00352632  	12.3381      	1.30739    16.1937   	
7        	12      	0.45 	0.00736481  	56.0769      	0.637584   8.43615   	
7        	19      	0.576	0.00726695  	55.8231      	0.626751   8.63461   	
15       	13      	0.307	0.00354096  	12.6813      	1.30181    16.1984   	
18       	8       	0.408	0.00471189  	33.4925      	0.979029   13.4918   	
