0        	1       	0.93 	0.0328266   	87.6845      	0.14234    2.47798   	
0        	2       	0.686	0.0453523   	90.2857      	0.101833   1.94561   	
0        	3       	0.914	0.0417163   	89.5583      	0.113497   1.91033   	
0        	4       	0.946	0.0418565   	91.5078      	0.0817764  1.27767   	
0        	5       	0.914	0.0490863   	90.7631      	0.0903805  1.8116    	
0        	8       	0.772	0.0381741   	88.9252      	0.124062   2.24507   	
0        	10      	0.914	0.0350283   	88.2172      	0.126962   1.87207   	
0        	11      	0.93 	0.0810014   	92.903       	0.0592788  1.17762   	
0        	15      	0.476	0.0564925   	91.577       	0.0811106  1.83409   	
0        	18      	0.564	0.0711016   	92.7169      	0.0642359  1.38428   	
0        	20      	0.974	0.060358    	91.7532      	0.0721189  1.0513    	
6        	9       	0.817	0.00809307  	60.0115      	0.566487   8.00409   	
6        	12      	0.08 	0.00686568  	53.3526      	0.669609   9.21931   	
7        	16      	0.07 	0.00354729  	12.8034      	1.30117    16.2609   	
14       	13      	0.067	0.0035278   	12.3635      	1.30381    16.2743   	
19       	17      	0.589	0.0035367   	12.5883      	1.30109    16.2662   	
