0        	1       	0.93 	0.00943086  	96.3559      	0.00330983 0.000717  	
0        	4       	0.466	0.00877211  	96.098       	0.00354723 0.000117  	
0        	5       	0.592	0.0305087   	86.9766      	0.147574   2.95595   	
0        	9       	0.922	0.0222268   	83.1419      	0.210888   3.21742   	
0        	10      	0.07 	0.0243454   	85.0032      	0.180282   2.90402   	
0        	11      	0.962	0.0219927   	83.611       	0.195824   3.3195    	
0        	13      	0.932	0.0224024   	85.3083      	0.178784   2.91701   	
0        	16      	0.96 	0.0250434   	84.7896      	0.187167   2.99717   	
14       	2       	0.761	0.00732771  	56.1178      	0.626153   8.46412   	
14       	12      	0.684	0.00729753  	55.7665      	0.641903   8.5219    	
15       	6       	0.742	0.00401758  	0            	0          0.000234  	
15       	8       	0.726	0.00714037  	54.8048      	0.657694   8.58546   	
15       	18      	0.716	0.00739148  	56.4589      	0.618868   8.34145   	
17       	7       	0.532	0.00465576  	32.883       	0.991236   13.5341   	
19       	3       	0.149	0.00722626  	55.5328      	0.632664   7.97666   	
19       	20      	0.667	0.0067037   	52.0462      	0.702341   8.56987   	
