0        	3       	0.514	0.061497    	91.1701      	0.0810435  1.04734   	
0        	4       	0.94 	0.06117     	91.9201      	0.0735655  1.3193    	
0        	5       	0.962	0.0399968   	89.2338      	0.116043   1.86497   	
0        	6       	0.906	0.0415566   	90.4635      	0.095596   1.42169   	
0        	8       	0.69 	0.0271453   	85.8558      	0.170749   2.91831   	
0        	9       	0.482	0.0560225   	92.4606      	0.0620241  1.19567   	
0        	14      	0.622	0.0380041   	90.246       	0.0939272  1.42329   	
0        	16      	0.772	0.0437709   	91.5059      	0.0819075  1.27435   	
0        	17      	0.94 	0.0218056   	83.3303      	0.201856   3.41545   	
0        	19      	1    	0.0315805   	87.3763      	0.148265   2.29033   	
11       	1       	0.083	0.00354005  	12.4974      	1.30758    16.3169   	
11       	2       	0.624	0.00125935  	96.6642      	0.00303251 0.000117  	
13       	7       	0.834	0.0115553   	70.7979      	0.407257   5.78029   	
13       	10      	0.834	0.0113118   	70.9977      	0.395102   5.79679   	
13       	20      	0.077	0.0115104   	70.8285      	0.406677   6.01809   	
18       	12      	0.124	0.00770178  	57.8893      	0.610035   8.09155   	
18       	15      	0.179	0.00699462  	54.1811      	0.652345   8.88799   	
