0        	1       	0.564	0.0575754   	92.7118      	0.059958   1.42471   	
0        	3       	0.532	0.0373684   	88.4836      	0.124129   1.83443   	
0        	4       	0.466	0.054758    	91.3164      	0.0859766  1.68283   	
0        	7       	0.952	0.0304881   	87.5481      	0.139489   2.06029   	
0        	8       	0.884	0.0510187   	90.8027      	0.0933416  1.72364   	
0        	9       	0.476	0.0598805   	91.8872      	0.0798085  1.38778   	
0        	10      	0.932	0.0221792   	83.3218      	0.207875   3.43697   	
0        	12      	0.938	0.058069    	92.7089      	0.0615146  1.05125   	
0        	15      	0.456	0.0352229   	89.317       	0.114936   2.09382   	
0        	17      	0.922	0.0296827   	86.0903      	0.157856   1.80273   	
5        	2       	0.744	0.00353148  	12.4777      	1.30247    16.2702   	
6        	11      	0.819	0.00481721  	35.1188      	0.95307    13.503    	
13       	16      	0.067	0.00354003  	12.6226      	1.29992    16.1557   	
18       	14      	0.812	0.00487695  	35.6563      	0.948645   13.4089   	
20       	19      	0.078	0.00477597  	34.4953      	0.964146   13.4854   	
