0        	3       	0.954	0.0576637   	91.1648      	0.077925   1.31112   	
0        	4       	0.514	0.0392999   	91.2427      	0.0842979  1.53393   	
0        	5       	0.94 	0.0336057   	87.6664      	0.1391     1.95046   	
0        	6       	0.952	0.0335653   	87.7849      	0.139492   2.14215   	
0        	7       	0.456	0.0602615   	91.8096      	0.0776783  1.60793   	
0        	10      	0.604	0.0390916   	92.318       	0.0631978  0.903891  	
0        	12      	0.958	0.0429933   	89.5649      	0.108276   1.53058   	
0        	13      	0.682	0.0373602   	88.7943      	0.125528   2.17196   	
0        	14      	0.686	0.0379137   	89.6544      	0.111567   1.99869   	
0        	17      	0.914	0.034738    	88.9902      	0.103528   1.34755   	
0        	19      	0.826	0.0464108   	94.2404      	0.0290888  0.375245  	
0        	20      	0.456	0.0544774   	91.2829      	0.0843984  1.90724   	
9        	2       	0.714	0.00355294  	12.5985      	1.31329    16.2865   	
15       	11      	0.3  	0.00355616  	12.7699      	1.30595    16.2778   	
16       	1       	0.669	0.00354803  	12.7143      	1.29819    16.1587   	
18       	8       	0.508	0.00469461  	33.3333      	0.981105   13.4589   	
