0        	1       	0.74 	0.0444119   	89.5913      	0.104339   1.8351    	
0        	2       	0.928	0.0334746   	88.9293      	0.121305   2.02427   	
0        	6       	0.622	0.0326739   	90.1693      	0.0985791  1.49575   	
0        	9       	0.954	0.0419262   	89.7948      	0.109114   2.04002   	
0        	10      	0.772	0.0314736   	87.4638      	0.144613   2.49464   	
0        	14      	0.938	0.038187    	92.3576      	0.0628426  0.826005  	
0        	15      	0.938	0.03545     	90.8257      	0.0941734  1.4232    	
0        	16      	0.466	0.019947    	91.0413      	0.0853502  1.38994   	
0        	17      	0.776	0.0444884   	90.6596      	0.0969168  1.98715   	
0        	18      	0.89 	0.0453087   	89.178       	0.105791   1.4222    	
0        	20      	0.928	0.0456737   	89.3688      	0.10385    1.35246   	
3        	19      	0.731	0.00352947  	12.4424      	1.30461    16.21     	
7        	4       	0.268	0.0118785   	71.5595      	0.396225   5.66997   	
7        	5       	0.125	0.0109758   	69.6746      	0.413597   6.37943   	
7        	11      	0.371	0.0115973   	70.8353      	0.404538   5.49592   	
13       	8       	0.56 	0.00418476  	96.6364      	0.00305782 0.000117  	
13       	12      	0.729	0.00354177  	12.6342      	1.30293    16.2731   	
