0        	3       	0.938	0.0531228   	91.7708      	0.0749344  1.0895    	
0        	4       	0.548	0.0534678   	91.0744      	0.0818534  1.42103   	
0        	9       	0.938	0.037474    	88.6372      	0.126394   1.87618   	
0        	11      	0.74 	0.0312675   	86.7072      	0.151839   2.05624   	
0        	14      	0.74 	0.0608941   	92.9622      	0.0607755  1.01152   	
0        	15      	0.922	0.0482942   	91.527       	0.0777027  1.49697   	
0        	16      	0.8  	0.0334081   	88.4807      	0.126586   2.48808   	
0        	17      	0.924	0.0325919   	87.8895      	0.141767   2.13241   	
0        	19      	0.866	0.0439211   	89.9738      	0.106097   1.68271   	
0        	20      	0.914	0.020727    	82.9629      	0.216781   3.18494   	
8        	5       	0.215	0.00731973  	56.0733      	0.625702   8.6265    	
8        	6       	0.224	0.00755898  	57.1194      	0.621591   8.4712    	
12       	10      	0.578	0.00352961  	12.4583      	1.30166    16.2049   	
13       	1       	0.079	0.00749669  	57.0442      	0.612276   8.42094   	
13       	7       	0.723	0.00717059  	55.0428      	0.651863   8.68712   	
18       	2       	0.368	0.00353511  	12.4939      	1.30208    16.2306   	
