0        	1       	0.87 	0.0339701   	87.7495      	0.132825   2.09674   	
0        	2       	0.914	0.0621192   	92.2186      	0.0726107  1.42291   	
0        	4       	0.936	0.0273727   	87.2172      	0.144609   2.58895   	
0        	5       	0.674	0.0998195   	93.4104      	0.0423647  0.488105  	
0        	7       	0.482	0.0486582   	92.8795      	0.0614893  1.13597   	
0        	8       	0.922	0.0447108   	89.2671      	0.106266   1.76142   	
0        	10      	0.928	0.0280516   	86.55        	0.160266   2.54509   	
0        	12      	0.95 	0.0291796   	86.4192      	0.160303   2.43818   	
0        	13      	0.958	0.04206     	90.4513      	0.100097   1.5405    	
0        	15      	0.94 	0.0528479   	91.207       	0.0858943  1.53604   	
0        	17      	0.54 	0.0737965   	92.7958      	0.0567537  1.02395   	
3        	20      	0.667	0.00461732  	32.3178      	0.993277   13.4664   	
9        	6       	0.681	0.00171179  	96.6447      	0.00305027 0.000117  	
9        	18      	0.446	0.00353879  	12.4981      	1.30465    16.3141   	
11       	19      	0.067	0.0035398   	12.5589      	1.30727    16.1533   	
14       	16      	0.662	0.00476921  	34.2461      	0.969144   13.4697   	
