0        	3       	0.668	0.0407267   	90.906       	0.0922935  2.16805   	
0        	13      	0.93 	0.0245109   	84.5685      	0.191828   3.22048   	
0        	14      	0.96 	0.0194077   	82.4441      	0.222186   3.29386   	
0        	16      	0.514	0.0321217   	87.2424      	0.147412   2.50524   	
0        	18      	0.846	0.0381368   	89.1874      	0.111688   2.43093   	
0        	19      	0.916	0.0250377   	84.8458      	0.186474   2.77036   	
0        	20      	0.074	0.0330304   	87.6708      	0.141679   2.46708   	
7        	4       	0.674	0.0172767   	79.4602      	0.268988   4.30132   	
7        	6       	0.78 	0.0135773   	74.9435      	0.337421   5.22799   	
7        	10      	0.674	0.0165928   	78.6584      	0.282146   4.11208   	
7        	12      	0.293	0.0171202   	79.3433      	0.275422   4.45261   	
9        	1       	0.69 	0.00013435  	96.6045      	0.0030868  0.000183  	
9        	2       	0.156	0.00029898  	96.637       	0.00305726 0.000117  	
9        	11      	0.68 	0.00474854  	33.9831      	0.973185   13.4337   	
15       	5       	0.078	0.00470484  	33.4973      	0.977891   13.4274   	
17       	8       	0.21 	0.00473278  	33.8159      	0.974183   13.4902   	
