0        	1       	0.958	0.0494256   	90.8328      	0.0907647  1.68679   	
0        	3       	0.938	0.0313813   	86.1866      	0.150101   1.98815   	
0        	4       	0.938	0.0346157   	89.2677      	0.118505   2.39526   	
0        	5       	0.938	0.0936281   	94.3057      	0.0396281  0.641894  	
0        	7       	0.93 	0.0430131   	89.3806      	0.108971   1.83419   	
0        	10      	0.476	0.049397    	93.541       	0.0482015  1.18806   	
0        	12      	0.948	0.023833    	84.2964      	0.196446   3.14831   	
0        	14      	0.69 	0.0368579   	89.6122      	0.110981   1.9069    	
0        	16      	0.466	0.151713    	94.1589      	0.0331883  0.48666   	
0        	18      	0.94 	0.0415995   	89.7423      	0.110562   2.01917   	
0        	19      	1    	0.0365487   	87.7638      	0.126924   1.53827   	
8        	2       	0.541	0.011093    	69.8074      	0.419976   6.23365   	
8        	9       	0.513	0.0104454   	68.8456      	0.435177   6.3405    	
8        	15      	0.683	0.0137403   	75.0205      	0.337027   5.21112   	
13       	6       	0.19 	0.00460558  	31.9964      	1.00724    13.5096   	
13       	11      	0.407	0.000882659 	96.6453      	0.00304971 0.000191  	
17       	20      	0.057	0.00478548  	34.5964      	0.960926   13.4631   	
