0        	1       	0.846	0.00850426  	0            	0          0.000362  	
0        	2       	0.548	0.0447491   	89.8859      	0.106024   1.721     	
0        	3       	0.69 	0.0347569   	89.6009      	0.111046   1.46044   	
0        	4       	0.948	0.0350024   	88.473       	0.13085    1.98571   	
0        	5       	0.73 	0.000985201 	0            	0          0.000296  	
0        	6       	0.972	0.0243433   	84.4031      	0.192593   2.66323   	
0        	7       	0.686	0.0222093   	86.6454      	0.159846   2.68483   	
0        	8       	0.59 	0.00715782  	0            	0          0.000526  	
0        	9       	0.932	0.0293257   	87.8108      	0.141664   2.35947   	
0        	10      	0.938	0.00434394  	0            	0          0.000526  	
0        	11      	0.954	0.00493865  	0            	0          0.000428  	
0        	13      	0.922	0.0653882   	92.9669      	0.058609   0.787081  	
0        	14      	0.58 	0.00300897  	0            	0          0.000296  	
0        	15      	0.958	0.00591924  	0            	0          0.000296  	
0        	17      	0.924	0.000777376 	0            	0          0.000296  	
0        	18      	0.456	0.021707    	90.0407      	0.103222   1.42077   	
0        	19      	0.914	0.0505677   	92.6291      	0.0644309  0.823323  	
0        	20      	0.794	0.0349801   	89.9045      	0.107858   1.87408   	
12       	16      	0.079	0.00354965  	12.7807      	1.30174    16.1802   	
