0        	1       	0.548	0.0304578   	87.5422      	0.138621   2.44538   	
0        	2       	0.952	0.0272982   	86.8623      	0.154302   2.17472   	
0        	4       	0.954	0.035117    	85.1733      	0.136734   1.22582   	
0        	7       	0.938	0.00767205  	0            	0          0.000232  	
0        	10      	0.938	0.0243893   	85.5983      	0.175255   2.80621   	
0        	11      	0.944	0.0284067   	86.2572      	0.165903   2.88122   	
0        	12      	0.514	0.0399582   	86.6812      	0.11232    1.12273   	
0        	15      	0.6  	0.0450223   	87.2592      	0.104767   1.15999   	
0        	17      	0.938	0.0179891   	77.4218      	0.241146   1.64896   	
0        	18      	0.928	0.0218232   	85.4485      	0.177756   2.80787   	
3        	5       	0.154	0.011329    	70.5249      	0.401946   5.72637   	
3        	19      	0.765	0.00892105  	63.1447      	0.52768    6.71305   	
3        	20      	0.76 	0.0142246   	75.7639      	0.330754   4.88049   	
9        	13      	0.084	0.00353613  	12.5904      	1.30004    16.1622   	
14       	6       	0.716	0.0134908   	74.6637      	0.346275   5.2708    	
14       	8       	0.716	0.0114402   	71.1806      	0.394745   6.14449   	
14       	16      	0.56 	0.0137306   	74.9122      	0.342107   5.15863   	
