0       0.6966  5       	0.928	14.7375   
0       0.6966  6       	0.952	15.0558   
0       0.6966  8       	0.94 	14.9146   
0       0.6966  9       	0.974	15.4867   
0       0.6966  11      	0.94 	14.9191   
0       0.6966  12      	1    	15.8784   
0       0.6966  13      	0.95 	15.0456   
0       0.6966  15      	0.482	7.67421   
0       0.6966  17      	0.772	12.2999   
0       0.6966  19      	0.794	12.609    
0       0.6966  20      	0.94 	14.8948   
3       0.1248  14      	0.665	7.65692   
3       0.1248  18      	0.611	6.87675   
10      0.1165  2       	0.837	9.76738   
10      0.1165  7       	0.276	3.24579   
16      0.0621  1       	0.094	0.995942  
16      0.0621  4       	0.069	0.661948  
