0       0.7692  2       	0.476	7.0152    
0       0.7692  3       	0.894	13.1132   
0       0.7692  4       	0.952	13.9683   
0       0.7692  5       	0.96 	14.0987   
0       0.7692  6       	0.954	14.0374   
0       0.7692  7       	0.6  	8.91334   
0       0.7692  8       	0.948	13.9652   
0       0.7692  10      	0.914	13.4377   
0       0.7692  11      	0.96 	14.1183   
0       0.7692  12      	0.83 	12.2122   
0       0.7692  13      	0.466	6.84887   
0       0.7692  14      	0.914	13.448    
0       0.7692  18      	0.826	12.1131   
17      0.0522  9       	0.299	2.71077   
19      0.1246  15      	0.669	8.67488   
19      0.1246  16      	0.509	6.69201   
20      0.0539  1       	0.197	2.05506   
