0       0.732   1       	0.938	13.7436   
0       0.732   2       	0.93 	13.6087   
0       0.732   4       	0.972	14.2333   
0       0.732   5       	0.592	8.67043   
0       0.732   6       	0.928	13.6217   
0       0.732   8       	0.682	10.0343   
0       0.732   11      	0.938	13.6998   
0       0.732   14      	0.938	13.7455   
0       0.732   15      	0.93 	13.6058   
0       0.732   16      	0.932	13.6922   
0       0.732   17      	0.626	9.24033   
0       0.732   20      	0.932	13.6311   
3       0.075   13      	0.558	3.04349   
12      0.0776  7       	0.472	4.94735   
12      0.0776  10      	0.348	3.6472    
18      0.1154  9       	0.311	3.46122   
18      0.1154  19      	0.821	8.9944    
