0       0.572   6       	0.592	9.33      
0       0.572   8       	0.926	14.7138   
0       0.572   11      	0.922	14.6245   
0       0.572   12      	0.89 	14.1292   
0       0.572   14      	0.74 	11.7815   
0       0.572   15      	0.866	13.6932   
0       0.572   16      	0.914	14.5225   
0       0.572   20      	0.476	7.51273   
1       0.0747  5       	0.07 	0.728996  
1       0.0747  9       	0.066	0.659786  
2       0.0761  19      	0.122	1.43689   
3       0.0734  7       	0.07 	0.772561  
13      0.129   10      	0.514	5.35611   
13      0.129   18      	0.594	6.28788   
17      0.0747  4       	0.136	1.34577   
