0       0.3922  5       	0.466	7.40002   
0       0.3922  8       	0.06 	1.02993   
0       0.3922  9       	0.466	7.15619   
0       0.3922  17      	0.948	14.8599   
3       0.1165  10      	0.567	6.71528   
3       0.1165  12      	0.287	3.52009   
13      0.076   1       	0.387	3.48376   
13      0.076   18      	0.268	2.61816   
16      0.158   7       	0.856	9.43848   
16      0.158   11      	0.643	7.23437   
19      0.1222  6       	0.428	4.9095    
19      0.1222  15      	0.514	5.55024   
20      0.0649  14      	0.062	0.451926  
