0       0.5969  2       	0.736	10.7439   
0       0.5969  3       	0.94 	13.7672   
0       0.5969  6       	0.928	13.571    
0       0.5969  10      	0.476	6.7825    
0       0.5969  11      	1    	14.6768   
0       0.5969  14      	0.456	6.63071   
0       0.5969  16      	0.078	1.11575   
0       0.5969  19      	0.532	7.78272   
0       0.5969  20      	0.922	13.4724   
4       0.0915  1       	0.172	1.79675   
4       0.0915  18      	0.08 	0.767639  
8       0.1089  13      	0.595	7.49196   
9       0.1201  7       	0.07 	0.794521  
9       0.1201  17      	0.583	6.3443    
12      0.0826  5       	0.06 	0.523341  
12      0.0826  15      	0.059	0.44063   
