0       0.7564  1       	0.948	13.2264   
0       0.7564  2       	0.952	13.3001   
0       0.7564  5       	0.956	13.2508   
0       0.7564  8       	0.956	13.3189   
0       0.7564  9       	0.476	6.55855   
0       0.7564  10      	0.67 	9.27527   
0       0.7564  11      	0.932	13.0142   
0       0.7564  12      	0.958	13.3128   
0       0.7564  13      	0.938	13.0524   
0       0.7564  14      	0.956	13.2938   
0       0.7564  17      	0.946	13.1678   
0       0.7564  18      	0.846	11.7049   
0       0.7564  19      	0.514	7.22334   
4       0.1049  3       	0.177	1.80996   
4       0.1049  20      	0.705	6.6782    
7       0.0608  6       	0.068	0.625592  
16      0.0779  15      	0.639	4.8562    
