0       0.5644  1       	0.564	8.54797   
0       0.5644  5       	0.944	14.1283   
0       0.5644  8       	0.928	13.8356   
0       0.5644  10      	0.928	13.8686   
0       0.5644  11      	0.466	7.00898   
0       0.5644  12      	0.856	12.6543   
0       0.5644  15      	0.564	8.465     
0       0.5644  18      	0.948	14.2012   
2       0.1055  9       	0.617	6.06645   
2       0.1055  17      	0.322	3.29864   
4       0.0938  13      	0.634	5.64966   
6       0.0804  20      	0.468	4.03182   
16      0.1054  3       	0.514	5.78102   
16      0.1054  14      	0.312	3.47843   
19      0.0505  7       	0.297	3.1017    
