0       0.6055  1       	0.058	0.987637  
0       0.6055  2       	0.972	15.437    
0       0.6055  3       	0.662	10.5994   
0       0.6055  6       	0.772	12.2043   
0       0.6055  7       	0.884	14.0792   
0       0.6055  8       	0.69 	10.9762   
0       0.6055  13      	0.94 	14.9086   
0       0.6055  14      	0.916	14.5269   
0       0.6055  17      	0.914	14.4877   
0       0.6055  19      	0.928	14.7529   
5       0.0751  18      	0.551	3.36403   
10      0.0978  4       	0.785	8.79632   
11      0.0596  9       	0.08 	1.19622   
12      0.0743  15      	0.609	4.88451   
20      0.0876  16      	0.705	6.68689   
