0       0.5985  4       	0.456	6.18157   
0       0.5985  7       	0.948	13.6418   
0       0.5985  8       	0.476	6.83451   
0       0.5985  10      	0.928	13.3623   
0       0.5985  13      	0.96 	13.8066   
0       0.5985  15      	0.942	13.5491   
0       0.5985  16      	0.936	13.5138   
0       0.5985  18      	0.93 	13.4107   
0       0.5985  20      	0.926	13.3636   
1       0.0616  9       	0.067	0.854854  
2       0.0664  6       	0.066	1.02306   
2       0.0664  11      	0.274	4.38536   
3       0.0981  12      	0.76 	8.41144   
17      0.0781  14      	0.371	3.28849   
19      0.0974  5       	0.665	5.62522   
