0       0.6488  1       	1    	15.3904   
0       0.6488  5       	0.924	14.199    
0       0.6488  7       	0.96 	14.7517   
0       0.6488  10      	0.776	11.9752   
0       0.6488  11      	0.728	11.2764   
0       0.6488  12      	0.58 	8.91812   
0       0.6488  14      	0.456	7.0353    
0       0.6488  15      	0.94 	14.4332   
0       0.6488  16      	0.916	14.0367   
0       0.6488  17      	0.532	8.08686   
0       0.6488  20      	0.772	11.8483   
6       0.0902  4       	0.757	9.07889   
8       0.1235  2       	0.736	9.74754   
8       0.1235  9       	0.645	8.45384   
19      0.0677  3       	0.531	5.26292   
