0       0.5263  1       	0.93 	13.1831   
0       0.5263  2       	0.662	9.3586    
0       0.5263  5       	0.476	6.86273   
0       0.5263  14      	0.514	7.33031   
0       0.5263  15      	0.958	13.5197   
0       0.5263  18      	0.514	7.24753   
0       0.5263  19      	0.94 	13.3341   
0       0.5263  20      	0.958	13.5963   
8       0.0701  6       	0.49 	5.33016   
9       0.0881  7       	0.506	5.03628   
10      0.0554  3       	0.248	2.60796   
11      0.0958  16      	0.69 	7.2622    
13      0.0618  4       	0.065	0.823269  
17      0.1026  12      	0.76 	6.72695   
