0       0.6681  1       	0.772	11.5812   
0       0.6681  2       	0.564	8.33915   
0       0.6681  3       	0.668	9.95865   
0       0.6681  5       	0.794	11.8371   
0       0.6681  6       	0.564	8.38119   
0       0.6681  7       	0.828	12.3895   
0       0.6681  9       	0.514	7.65165   
0       0.6681  12      	0.682	10.0738   
0       0.6681  17      	0.932	13.9513   
0       0.6681  18      	0.678	10.0668   
0       0.6681  20      	0.456	6.70916   
8       0.1149  4       	0.788	7.52797   
8       0.1149  11      	0.071	0.658764  
15      0.1324  13      	0.78 	8.23557   
15      0.1324  14      	0.292	3.3941    
16      0.0845  10      	0.147	1.52263   
16      0.0845  19      	0.266	2.90518   
