0       0.5366  1       	0.942	14.5705   
0       0.5366  6       	0.456	7.09609   
0       0.5366  7       	0.944	14.5815   
0       0.5366  9       	0.938	14.471    
0       0.5366  10      	0.466	7.17878   
0       0.5366  13      	0.906	14.0434   
0       0.5366  14      	0.58 	8.95871   
0       0.5366  16      	0.87 	13.3666   
5       0.0886  2       	0.758	8.9523    
11      0.086   8       	0.648	8.14987   
17      0.0841  12      	0.679	6.07389   
18      0.0494  15      	0.114	1.43215   
19      0.07    3       	0.583	5.91636   
20      0.0853  4       	0.716	7.35397   
