0       0.678   1       	0.89 	13.7505   
0       0.678   2       	0.944	14.64     
0       0.678   3       	0.926	14.3355   
0       0.678   4       	0.932	14.4861   
0       0.678   5       	1    	15.5162   
0       0.678   6       	0.58 	8.9131    
0       0.678   11      	0.534	8.27865   
0       0.678   16      	0.83 	12.8509   
0       0.678   17      	0.926	14.3826   
0       0.678   18      	0.726	11.2626   
0       0.678   20      	0.948	14.6389   
7       0.0554  10      	0.156	1.9744    
9       0.0781  13      	0.429	4.05068   
15      0.1199  8       	0.663	6.79943   
15      0.1199  14      	0.498	4.25391   
19      0.0685  12      	0.498	5.69753   
