0       0.5997  3       	0.564	8.24089   
0       0.5997  6       	0.628	9.15382   
0       0.5997  7       	0.476	7.0872    
0       0.5997  8       	0.466	6.82792   
0       0.5997  9       	0.718	10.4916   
0       0.5997  10      	0.896	13.0752   
0       0.5997  14      	0.58 	8.51263   
0       0.5997  15      	0.942	13.7152   
0       0.5997  20      	0.87 	12.7021   
5       0.069   2       	0.072	0.746739  
11      0.077   12      	0.367	3.38997   
11      0.077   16      	0.085	0.774104  
13      0.145   1       	0.694	7.7761    
13      0.145   17      	0.663	7.53808   
18      0.1092  4       	0.13 	1.88537   
18      0.1092  19      	0.522	7.53478   
