0       0.5367  2       	0.662	10.3494   
0       0.5367  5       	0.676	10.3725   
0       0.5367  6       	0.952	14.7554   
0       0.5367  9       	0.668	10.4294   
0       0.5367  12      	0.958	14.7976   
0       0.5367  14      	0.068	1.04113   
0       0.5367  16      	0.676	10.4729   
0       0.5367  18      	0.962	14.8517   
0       0.5367  20      	0.072	1.11844   
3       0.1061  19      	0.832	6.93486   
7       0.1028  8       	0.785	7.04827   
7       0.1028  11      	0.093	0.71035   
10      0.0942  13      	0.691	7.58971   
15      0.0617  4       	0.095	1.16652   
17      0.0985  1       	0.703	5.98331   
