0       0.5555  8       	0.064	1.04315   
0       0.5555  9       	0.96 	15.2225   
0       0.5555  10      	0.736	11.6915   
0       0.5555  11      	0.998	15.7925   
0       0.5555  12      	0.686	10.7134   
0       0.5555  14      	0.604	9.59008   
0       0.5555  15      	0.958	15.1354   
0       0.5555  18      	0.958	15.1167   
2       0.0986  19      	0.638	6.94848   
3       0.062   1       	0.059	0.437016  
4       0.0926  6       	0.349	2.49938   
4       0.0926  7       	0.133	0.986393  
16      0.0751  13      	0.074	0.490759  
20      0.1162  5       	0.621	6.83627   
20      0.1162  17      	0.101	0.916885  
