0       0.7135  2       	0.456	6.70454   
0       0.7135  3       	0.456	6.68413   
0       0.7135  4       	0.914	13.4525   
0       0.7135  5       	0.514	7.57266   
0       0.7135  8       	0.96 	14.082    
0       0.7135  9       	0.95 	13.9324   
0       0.7135  11      	0.998	14.6644   
0       0.7135  12      	0.922	13.5986   
0       0.7135  13      	0.94 	13.7915   
0       0.7135  16      	0.06 	0.879871  
0       0.7135  17      	0.682	9.97259   
0       0.7135  20      	0.928	13.6301   
1       0.1137  10      	0.744	6.67182   
1       0.1137  14      	0.107	1.04442   
15      0.076   6       	0.08 	0.832013  
15      0.076   7       	0.08 	0.767474  
19      0.0969  18      	0.633	4.73395   
