0       0.4725  4       	0.942	13.8635   
0       0.4725  11      	0.466	6.81644   
0       0.4725  12      	0.93 	13.1153   
0       0.4725  15      	0.718	10.4328   
0       0.4725  17      	0.922	13.4579   
1       0.0876  13      	0.104	1.22201   
1       0.0876  16      	0.617	6.87062   
2       0.1262  8       	0.64 	7.81198   
2       0.1262  9       	0.765	9.20037   
7       0.0933  6       	0.737	9.32812   
10      0.0475  18      	0.141	1.45156   
14      0.1139  3       	0.511	5.32022   
14      0.1139  5       	0.684	7.39551   
20      0.0591  19      	0.08 	0.659695  
