0       0.5622  2       	0.936	14.0315   
0       0.5622  3       	0.92 	13.8714   
0       0.5622  5       	0.478	7.29881   
0       0.5622  7       	0.94 	14.1361   
0       0.5622  8       	1    	15.0455   
0       0.5622  11      	0.772	11.6296   
0       0.5622  13      	0.954	14.2849   
0       0.5622  14      	0.476	7.26768   
1       0.1278  15      	0.618	6.78603   
1       0.1278  20      	0.73 	8.00115   
9       0.0889  4       	0.724	6.78234   
9       0.0889  18      	0.102	1.01957   
10      0.0912  12      	0.726	4.49389   
17      0.0442  6       	0.12 	1.46765   
19      0.0857  16      	0.608	3.42614   
