0       0.781   1       	0.958	13.5851   
0       0.781   3       	0.938	13.3292   
0       0.781   4       	0.95 	13.4747   
0       0.781   5       	0.986	14.0739   
0       0.781   6       	0.956	13.5651   
0       0.781   7       	0.93 	13.2107   
0       0.781   8       	0.932	13.2258   
0       0.781   11      	0.954	13.5142   
0       0.781   12      	0.682	9.65014   
0       0.781   13      	0.476	6.7787    
0       0.781   15      	0.942	13.378    
0       0.781   17      	0.948	13.51     
0       0.781   19      	0.826	11.7617   
0       0.781   20      	0.93 	13.2214   
10      0.0872  2       	0.613	6.69604   
16      0.0533  9       	0.273	2.66533   
18      0.0785  14      	0.492	4.5288    
