0       0.735   1       	0.586	8.78331   
0       0.735   3       	1    	15.0414   
0       0.735   4       	0.794	11.8977   
0       0.735   5       	0.718	10.7332   
0       0.735   6       	0.772	11.6037   
0       0.735   8       	0.548	8.13476   
0       0.735   12      	0.944	14.181    
0       0.735   13      	0.952	14.3319   
0       0.735   14      	0.962	14.4407   
0       0.735   16      	0.896	13.4884   
0       0.735   17      	0.95 	14.2573   
0       0.735   19      	0.846	12.6852   
0       0.735   20      	0.626	9.39976   
10      0.1449  2       	0.79 	8.06348   
10      0.1449  7       	0.737	7.25839   
15      0.0585  11      	0.084	0.672359  
18      0.0616  9       	0.078	1.17685   
