0       0.8383  1       	0.942	13.8245   
0       0.8383  2       	0.5  	7.38915   
0       0.8383  3       	0.954	13.9923   
0       0.8383  4       	0.958	14.0026   
0       0.8383  5       	0.958	13.9888   
0       0.8383  7       	0.914	13.4161   
0       0.8383  8       	0.772	11.3598   
0       0.8383  9       	0.96 	14.0529   
0       0.8383  10      	0.954	13.9165   
0       0.8383  13      	1    	14.6434   
0       0.8383  14      	0.572	8.31629   
0       0.8383  15      	0.682	9.9959    
0       0.8383  17      	0.952	13.9567   
0       0.8383  18      	0.95 	13.893    
12      0.0892  6       	0.08 	0.797007  
12      0.0892  16      	0.54 	4.85168   
20      0.0725  11      	0.379	3.96352   
20      0.0725  19      	0.098	0.982731  
