0       0.6846  1       	0.532	7.72074   
0       0.6846  2       	0.938	13.7324   
0       0.6846  5       	0.532	7.76052   
0       0.6846  6       	0.81 	11.8849   
0       0.6846  8       	0.94 	13.7435   
0       0.6846  9       	0.514	7.41633   
0       0.6846  11      	0.96 	14.0403   
0       0.6846  13      	0.928	13.6209   
0       0.6846  14      	0.958	14.0488   
0       0.6846  15      	0.942	13.7238   
0       0.6846  16      	0.564	8.198     
0       0.6846  18      	0.682	9.88321   
10      0.1244  3       	0.705	7.26919   
10      0.1244  7       	0.652	6.72281   
12      0.1209  4       	0.598	7.62743   
12      0.1209  20      	0.627	7.87292   
19      0.0701  17      	0.304	2.07481   
