0       0.7792  3       	0.826	10.7318   
0       0.7792  5       	0.944	12.2329   
0       0.7792  6       	0.94 	12.2155   
0       0.7792  7       	0.94 	12.1622   
0       0.7792  9       	0.942	12.2034   
0       0.7792  11      	0.938	12.1632   
0       0.7792  12      	0.548	7.14309   
0       0.7792  13      	0.592	7.68625   
0       0.7792  14      	0.956	12.3982   
0       0.7792  15      	0.592	7.70214   
0       0.7792  16      	0.93 	12.0744   
0       0.7792  17      	0.954	12.3615   
0       0.7792  18      	0.748	9.71532   
0       0.7792  20      	0.592	7.70818   
8       0.1101  1       	0.789	8.19128   
8       0.1101  19      	0.24 	2.60862   
10      0.1106  2       	0.522	5.76979   
10      0.1106  4       	0.61 	6.74519   
