0       0.5915  1       	0.922	13.1936   
0       0.5915  4       	0.59 	8.14916   
0       0.5915  6       	0.736	10.5393   
0       0.5915  12      	0.678	9.63966   
0       0.5915  14      	0.952	13.5898   
0       0.5915  17      	0.922	13.1882   
0       0.5915  18      	0.924	13.1929   
0       0.5915  19      	0.938	13.3932   
0       0.5915  20      	0.928	13.2673   
3       0.0796  2       	0.661	5.1099    
9       0.1177  7       	0.617	5.21285   
9       0.1177  16      	0.771	7.81387   
10      0.0693  8       	0.627	7.50557   
11      0.0892  15      	0.726	6.53175   
13      0.0528  5       	0.058	0.309697  
