0       0.724   1       	0.676	10.8347   
0       0.724   3       	0.942	15.0174   
0       0.724   4       	0.944	15.0451   
0       0.724   6       	0.87 	13.9012   
0       0.724   7       	0.96 	15.2765   
0       0.724   10      	0.958	15.2838   
0       0.724   12      	0.87 	13.8529   
0       0.724   13      	0.948	15.1257   
0       0.724   14      	0.936	14.9404   
0       0.724   15      	0.564	8.93814   
0       0.724   17      	0.476	7.59818   
0       0.724   18      	0.932	14.8587   
5       0.1144  2       	0.609	6.97054   
5       0.1144  9       	0.633	7.13164   
19      0.0559  16      	0.07 	0.806047  
20      0.1057  8       	0.496	5.08746   
20      0.1057  11      	0.589	6.08852   
