0       0.7561  2       	0.954	14.7298   
0       0.7561  3       	0.854	13.2175   
0       0.7561  4       	0.94 	14.479    
0       0.7561  7       	0.938	14.4862   
0       0.7561  8       	0.944	14.6091   
0       0.7561  9       	1    	15.4797   
0       0.7561  10      	0.942	14.5405   
0       0.7561  13      	0.956	14.7327   
0       0.7561  14      	0.956	14.804    
0       0.7561  15      	0.914	14.0729   
0       0.7561  16      	0.948	14.6668   
0       0.7561  17      	0.914	14.15     
0       0.7561  20      	0.932	14.3979   
1       0.052   5       	0.255	2.90338   
11      0.0794  12      	0.649	6.58948   
18      0.1125  6       	0.671	7.43887   
18      0.1125  19      	0.524	5.88735   
