0       0.7858  1       	0.932	14.027    
0       0.7858  2       	0.938	14.1665   
0       0.7858  4       	0.942	14.207    
0       0.7858  5       	0.952	14.3362   
0       0.7858  7       	0.914	13.7841   
0       0.7858  8       	0.948	14.3288   
0       0.7858  10      	0.866	13.1122   
0       0.7858  11      	0.456	6.8544    
0       0.7858  12      	0.922	13.9273   
0       0.7858  14      	0.676	10.2612   
0       0.7858  17      	0.856	12.8999   
0       0.7858  18      	0.954	14.3876   
0       0.7858  19      	0.456	6.95087   
0       0.7858  20      	0.914	13.8211   
6       0.1212  9       	0.834	9.90615   
6       0.1212  13      	0.373	4.6159    
16      0.093   3       	0.724	3.99722   
16      0.093   15      	0.092	0.510903  
