0       0.6673  3       	0.94 	13.7703   
0       0.6673  5       	0.87 	12.7657   
0       0.6673  7       	0.962	14.0762   
0       0.6673  8       	0.922	13.4759   
0       0.6673  9       	0.928	13.5792   
0       0.6673  13      	0.948	13.9243   
0       0.6673  14      	0.96 	14.0375   
0       0.6673  15      	0.952	13.928    
0       0.6673  16      	0.942	13.7985   
0       0.6673  17      	0.924	13.4681   
1       0.041   6       	0.1  	0.493927  
4       0.0639  11      	0.102	0.9241    
10      0.0618  20      	0.075	0.700291  
18      0.1012  12      	0.724	7.66228   
19      0.0647  2       	0.066	0.920649  
