0       0.6128  2       	0.846	12.6357   
0       0.6128  4       	0.682	10.2312   
0       0.6128  7       	0.06 	0.901966  
0       0.6128  8       	0.072	1.02566   
0       0.6128  9       	0.952	14.278    
0       0.6128  11      	0.564	8.48228   
0       0.6128  13      	0.986	14.7195   
0       0.6128  14      	0.456	6.78895   
0       0.6128  16      	0.914	13.738    
0       0.6128  19      	0.58 	8.69998   
0       0.6128  20      	0.466	7.08417   
3       0.0969  1       	0.68 	5.90951   
5       0.0945  6       	0.633	6.33108   
5       0.0945  10      	0.131	1.2858    
15      0.0923  18      	0.692	4.56152   
17      0.1035  12      	0.713	8.17813   
