0       0.4762  1       	0.954	14.9277   
0       0.4762  3       	0.772	12.1129   
0       0.4762  5       	0.476	7.4479    
0       0.4762  6       	0.514	8.14224   
0       0.4762  7       	0.772	12.072    
0       0.4762  14      	0.466	7.28172   
0       0.4762  17      	0.542	8.39543   
2       0.0598  15      	0.079	0.635853  
8       0.1433  4       	0.781	8.54701   
8       0.1433  10      	0.737	8.24375   
9       0.0759  12      	0.52 	5.46963   
13      0.0525  11      	0.069	0.912686  
18      0.0997  16      	0.761	7.34698   
20      0.0925  19      	0.683	4.22931   
