0       0.72    1       	0.4  	5.9064    
0       0.72    2       	0.944	13.8041   
0       0.72    3       	0.938	13.7485   
0       0.72    5       	0.58 	8.46997   
0       0.72    6       	0.954	13.9852   
0       0.72    7       	0.93 	13.6444   
0       0.72    9       	0.072	1.06397   
0       0.72    12      	0.948	13.9107   
0       0.72    13      	0.94 	13.7847   
0       0.72    14      	0.928	13.6137   
0       0.72    15      	0.064	0.932881  
0       0.72    17      	0.476	7.02036   
0       0.72    18      	0.718	10.4908   
4       0.1292  8       	0.17 	2.04641   
4       0.1292  16      	0.696	8.54655   
10      0.0747  20      	0.069	0.641258  
19      0.0761  11      	0.097	1.28208   
