0       0.6152  2       	0.772	11.9744   
0       0.6152  3       	0.592	9.27445   
0       0.6152  4       	0.564	8.63153   
0       0.6152  5       	0.476	7.35313   
0       0.6152  8       	0.944	14.5691   
0       0.6152  13      	0.924	14.3055   
0       0.6152  14      	0.964	14.8642   
0       0.6152  17      	0.73 	11.3212   
0       0.6152  18      	1    	15.4408   
6       0.0771  1       	0.147	1.22908   
6       0.0771  10      	0.448	3.84813   
12      0.1245  11      	0.349	4.52892   
12      0.1245  16      	0.792	10.4409   
19      0.0951  15      	0.614	6.87426   
20      0.0882  7       	0.38 	1.88378   
20      0.0882  9       	0.374	1.79602   
