0       1       1       	0.158	2.41401   
0       1       2       	0.856	13.1285   
0       1       3       	0.952	14.6895   
0       1       4       	0.772	11.831    
0       1       5       	1    	15.4476   
0       1       6       	0.054	0.852624  
0       1       7       	0.066	0.988905  
0       1       8       	0.926	14.2775   
0       1       9       	0.466	7.18427   
0       1       10      	0.238	3.63923   
0       1       11      	0.928	14.3053   
0       1       12      	0.26 	3.97822   
0       1       13      	0.944	14.5299   
0       1       14      	0.398	6.05646   
0       1       15      	0.336	5.0655    
0       1       16      	0.414	6.45187   
0       1       17      	0.862	13.2723   
0       1       18      	0.124	1.89517   
0       1       19      	0.986	15.1956   
0       1       20      	0.078	1.19561   
