0       1       1       	0.894	13.3727   
0       1       2       	0.408	6.09037   
0       1       3       	0.592	8.86162   
0       1       4       	0.928	13.9591   
0       1       5       	0.94 	14.07     
0       1       6       	0.2  	2.98342   
0       1       7       	0.828	12.3872   
0       1       8       	0.948	14.201    
0       1       9       	0.064	0.981409  
0       1       10      	0.514	7.66984   
0       1       11      	0.884	13.3143   
0       1       12      	0.278	4.26002   
0       1       13      	0.37 	5.60425   
0       1       14      	0.928	13.947    
0       1       15      	0.998	14.9984   
0       1       16      	0.928	13.8947   
0       1       17      	0.772	11.5221   
0       1       18      	0.974	14.5551   
0       1       19      	0.95 	14.2472   
0       1       20      	0.054	0.801054  
