0       1       1       	0.662	9.23777   
0       1       2       	1    	13.9705   
0       1       3       	0.81 	11.3441   
0       1       4       	0.3  	4.21454   
0       1       5       	0.952	13.3095   
0       1       6       	0.856	12.0322   
0       1       7       	0.938	13.134    
0       1       8       	0.408	5.75131   
0       1       9       	0.942	13.1483   
0       1       10      	0.938	13.1179   
0       1       11      	0.072	1.03875   
0       1       12      	1    	13.9705   
0       1       13      	0.772	10.7967   
0       1       14      	0.928	12.9764   
0       1       15      	0.548	7.6427    
0       1       16      	0.94 	13.1538   
0       1       17      	0.728	10.1602   
0       1       18      	0.58 	8.07629   
0       1       19      	0.466	6.48635   
0       1       20      	0.564	7.95995   
