0       1       1       	0.956	12.1626   
0       1       2       	0.674	8.5891    
0       1       3       	0.924	11.7333   
0       1       4       	0.862	10.9639   
0       1       5       	0.564	7.16075   
0       1       6       	0.226	2.81616   
0       1       7       	0.514	6.60702   
0       1       8       	0.944	11.9688   
0       1       9       	0.958	12.1586   
0       1       10      	0.202	2.52579   
0       1       11      	0.206	2.61275   
0       1       12      	0.772	9.82188   
0       1       13      	0.932	11.8599   
0       1       14      	0.74 	9.36157   
0       1       15      	0.948	12.0514   
0       1       16      	0.736	9.31097   
0       1       17      	0.942	11.9341   
0       1       18      	0.912	11.6094   
0       1       19      	0.084	1.06114   
0       1       20      	0.122	1.5249    
