0       1       1       	0.268	3.82567   
0       1       2       	0.854	12.1926   
0       1       3       	0.202	2.89751   
0       1       4       	0.152	2.16492   
0       1       5       	0.668	9.55091   
0       1       6       	0.592	8.50621   
0       1       7       	0.79 	11.2721   
0       1       8       	0.94 	13.4356   
0       1       9       	0.938	13.4029   
0       1       10      	0.69 	9.88458   
0       1       11      	0.954	13.6126   
0       1       12      	0.846	12.061    
0       1       13      	0.942	13.4378   
0       1       14      	0.924	13.2024   
0       1       15      	0.936	13.3567   
0       1       16      	0.846	12.0704   
0       1       17      	0.654	9.34254   
0       1       18      	0.466	6.6522    
0       1       19      	0.048	0.683945  
0       1       20      	0.156	2.2056    
