0       1       1       	0.122	1.7807    
0       1       2       	0.926	13.2542   
0       1       3       	0.938	13.4208   
0       1       4       	0.16 	2.33889   
0       1       5       	0.084	1.1752    
0       1       6       	0.954	13.6506   
0       1       7       	0.862	12.3088   
0       1       8       	0.954	13.6366   
0       1       9       	0.564	8.07259   
0       1       10      	0.06 	0.869013  
0       1       11      	0.214	3.05204   
0       1       12      	0.548	7.78726   
0       1       13      	0.214	3.05542   
0       1       14      	0.81 	11.6329   
0       1       15      	0.954	13.6469   
0       1       16      	0.072	0.97101   
0       1       17      	0.048	0.675634  
0       1       18      	0.548	7.83212   
0       1       19      	0.826	11.7808   
0       1       20      	0.868	12.4191   
