0       1       1       	0.316	4.40667   
0       1       2       	0.936	13.0345   
0       1       3       	0.604	8.39065   
0       1       4       	0.686	9.54395   
0       1       5       	0.368	5.17293   
0       1       6       	0.944	13.1348   
0       1       7       	0.8  	11.1414   
0       1       8       	0.336	4.61867   
0       1       9       	0.354	4.88451   
0       1       10      	0.548	7.61418   
0       1       11      	0.752	10.4281   
0       1       12      	0.728	10.0859   
0       1       13      	0.052	0.712295  
0       1       14      	0.686	9.47371   
0       1       15      	0.072	1.04647   
0       1       16      	0.998	13.9182   
0       1       17      	0.956	13.313    
0       1       18      	0.604	8.43453   
0       1       19      	0.108	1.52464   
0       1       20      	0.926	12.8902   
