0       1       1       	0.94 	13.7955   
0       1       2       	0.928	13.6288   
0       1       3       	0.944	13.8396   
0       1       4       	0.94 	13.7959   
0       1       5       	0.952	13.9682   
0       1       6       	0.15 	2.19359   
0       1       7       	0.928	13.6181   
0       1       8       	0.95 	13.9353   
0       1       9       	0.476	6.98228   
0       1       10      	0.948	13.9274   
0       1       11      	0.108	1.56775   
0       1       12      	0.952	13.9802   
0       1       13      	0.926	13.6067   
0       1       14      	0.94 	13.8131   
0       1       15      	0.772	11.3537   
0       1       16      	0.772	11.2181   
0       1       17      	0.066	0.988432  
0       1       18      	0.94 	13.7667   
0       1       19      	0.05 	0.73713   
0       1       20      	0.894	13.0935   
