0       1       1       	0.216	3.06302   
0       1       2       	0.118	1.683     
0       1       3       	0.072	1.02451   
0       1       4       	0.592	8.37947   
0       1       5       	0.662	9.38712   
0       1       6       	0.914	13.038    
0       1       7       	0.952	13.6098   
0       1       8       	0.938	13.3825   
0       1       9       	0.064	0.89422   
0       1       10      	0.94 	13.4548   
0       1       11      	0.408	5.80121   
0       1       12      	0.682	9.72088   
0       1       13      	0.152	2.10209   
0       1       14      	0.67 	9.50276   
0       1       15      	0.956	13.6594   
0       1       16      	0.688	9.79564   
0       1       17      	0.922	13.1776   
0       1       18      	0.912	13.0129   
0       1       19      	0.226	3.15251   
0       1       20      	0.954	13.5892   
