0       1       1       	0.456	6.79589   
0       1       2       	0.674	10.1089   
0       1       3       	0.06 	0.899541  
0       1       4       	0.956	14.3256   
0       1       5       	0.132	2.01929   
0       1       6       	0.132	1.97787   
0       1       7       	0.938	14.0595   
0       1       8       	0.06 	0.887446  
0       1       9       	0.846	12.7397   
0       1       10      	0.514	7.79901   
0       1       11      	0.87 	13.0264   
0       1       12      	0.794	11.9209   
0       1       13      	0.94 	14.0912   
0       1       14      	0.972	14.6021   
0       1       15      	0.936	14.0752   
0       1       16      	0.89 	13.3554   
0       1       17      	0.438	6.54183   
0       1       18      	0.952	14.3129   
0       1       19      	0.686	10.2138   
0       1       20      	0.926	13.9001   
