0       1       1       	0.622	9.15505   
0       1       2       	0.972	14.2487   
0       1       3       	0.258	3.69266   
0       1       4       	0.826	12.0459   
0       1       5       	0.948	13.9113   
0       1       6       	0.972	14.2888   
0       1       7       	0.906	13.28     
0       1       8       	0.67 	9.74226   
0       1       9       	0.894	13.0917   
0       1       10      	0.064	0.943147  
0       1       11      	0.866	12.707    
0       1       12      	0.93 	13.6178   
0       1       13      	0.942	13.8395   
0       1       14      	0.118	1.73105   
0       1       15      	0.772	11.2856   
0       1       16      	0.924	13.5923   
0       1       17      	0.948	13.9454   
0       1       18      	0.662	9.73847   
0       1       19      	0.542	7.9468    
0       1       20      	0.54 	7.92774   
