0       1       1       	0.078	1.13409   
0       1       2       	0.304	4.07258   
0       1       3       	0.382	5.27128   
0       1       4       	0.408	5.49246   
0       1       5       	0.954	13.0964   
0       1       6       	0.896	12.3327   
0       1       7       	0.194	2.72874   
0       1       8       	0.794	10.8536   
0       1       9       	0.922	12.5705   
0       1       10      	0.048	0.664763  
0       1       11      	0.928	12.7004   
0       1       12      	0.942	12.9334   
0       1       13      	0.914	12.5465   
0       1       14      	0.952	13.0775   
0       1       15      	0.062	0.880047  
0       1       16      	0.054	0.775216  
0       1       17      	0.54 	7.4291    
0       1       18      	0.96 	13.1637   
0       1       19      	0.942	12.8565   
0       1       20      	0.682	9.34142   
