0       1       1       	0.866	12.6572   
0       1       2       	0.068	0.992592  
0       1       3       	0.938	13.7323   
0       1       4       	0.93 	13.5777   
0       1       5       	0.476	6.88287   
0       1       6       	0.082	1.1668    
0       1       7       	0.81 	11.8204   
0       1       8       	0.114	1.66393   
0       1       9       	0.936	13.6724   
0       1       10      	0.928	13.5787   
0       1       11      	0.178	2.59174   
0       1       12      	0.952	13.8826   
0       1       13      	0.972	14.1818   
0       1       14      	0.938	13.6424   
0       1       15      	0.466	6.82334   
0       1       16      	0.068	0.989746  
0       1       17      	1    	14.6023   
0       1       18      	0.944	13.7966   
0       1       19      	0.532	7.79964   
0       1       20      	0.152	2.18861   
