0       1       1       	0.438	6.46761   
0       1       2       	0.95 	13.941    
0       1       3       	0.938	13.8175   
0       1       4       	0.89 	12.97     
0       1       5       	0.926	13.5674   
0       1       6       	0.94 	13.8013   
0       1       7       	0.156	2.27923   
0       1       8       	0.92 	13.4441   
0       1       9       	0.054	0.812692  
0       1       10      	0.928	13.6063   
0       1       11      	0.924	13.5224   
0       1       12      	0.772	11.2777   
0       1       13      	0.952	14.0001   
0       1       14      	0.316	4.58732   
0       1       15      	0.686	10.0746   
0       1       16      	0.06 	0.860158  
0       1       17      	0.944	13.8652   
0       1       18      	0.59 	8.66275   
0       1       19      	0.718	10.4773   
0       1       20      	0.466	6.80045   
