0       1       1       	0.686	9.36947   
0       1       2       	0.726	9.88262   
0       1       3       	0.154	2.10304   
0       1       4       	0.954	13.0123   
0       1       5       	0.062	0.827608  
0       1       6       	0.736	10.0645   
0       1       7       	0.26 	3.57443   
0       1       8       	0.954	13.0508   
0       1       9       	0.524	7.1093    
0       1       10      	0.974	13.2902   
0       1       11      	0.928	12.6683   
0       1       12      	0.952	13.0337   
0       1       13      	0.924	12.6171   
0       1       14      	0.128	1.74862   
0       1       15      	0.866	11.817    
0       1       16      	0.682	9.25926   
0       1       17      	0.408	5.59872   
0       1       18      	0.958	13.0934   
0       1       19      	0.938	12.8164   
0       1       20      	0.062	0.850891  
