0       1       1       	0.548	8.24324   
0       1       2       	0.674	10.2423   
0       1       3       	0.368	5.54171   
0       1       4       	0.914	13.7391   
0       1       5       	0.336	5.10722   
0       1       6       	0.236	3.56205   
0       1       7       	0.94 	14.1742   
0       1       8       	0.626	9.43021   
0       1       9       	0.336	5.06819   
0       1       10      	0.826	12.4482   
0       1       11      	0.956	14.4123   
0       1       12      	0.548	8.26992   
0       1       13      	0.956	14.3913   
0       1       14      	0.258	3.8723    
0       1       15      	0.58 	8.74168   
0       1       16      	0.828	12.4191   
0       1       17      	0.948	14.2511   
0       1       18      	0.542	8.2092    
0       1       19      	0.132	1.97077   
0       1       20      	0.944	14.2322   
