0       1       1       	0.852	12.1411   
0       1       2       	0.914	13.0229   
0       1       3       	0.932	13.2956   
0       1       4       	0.95 	13.5469   
0       1       5       	0.062	0.903956  
0       1       6       	0.914	13.0022   
0       1       7       	0.466	6.63192   
0       1       8       	0.408	5.80848   
0       1       9       	0.954	13.6177   
0       1       10      	0.958	13.6558   
0       1       11      	0.124	1.7755    
0       1       12      	0.772	11.0043   
0       1       13      	0.152	2.16924   
0       1       14      	0.572	8.0847    
0       1       15      	0.226	3.20191   
0       1       16      	0.854	12.1553   
0       1       17      	0.936	13.3631   
0       1       18      	0.952	13.6315   
0       1       19      	0.956	13.66     
0       1       20      	0.062	0.856997  
