0        	1       	0.906	0.00109834  	0            	0          0.001002  	
0        	2       	0.368	0.0290644   	90.3972      	0.100665   1.79653   	
0        	3       	0.408	0.116812    	92.3568      	0.0360527  0.449654  	
0        	4       	0.202	0.048433    	91.4544      	0.08461    1.90948   	
0        	5       	0.336	0.0839362   	91.8794      	0.0574053  0.672203  	
0        	6       	0.928	0.0506908   	90.8452      	0.0930233  1.69967   	
0        	7       	0.258	0.0433167   	92.9706      	0.0593064  1.12202   	
0        	8       	0.118	0.0643855   	90.7732      	0.07163    0.972713  	
0        	9       	0.826	0.030771    	83.3966      	0.143318   0.940709  	
0        	10      	0.54 	0.0854578   	93.703       	0.0511951  0.89772   	
0        	11      	0.964	0.0418749   	93.2763      	0.0459315  0.679503  	
0        	12      	0.948	0.00384392  	0            	0          0.000444  	
0        	13      	0.688	0.144156    	94.4983      	0.0312793  0.599353  	
0        	14      	0.592	0.0440205   	94.1012      	0.0365145  0.673685  	
0        	15      	0.336	0.0822467   	93.7248      	0.0451889  1.26465   	
0        	16      	0.956	0.0414737   	90.6267      	0.0915627  1.39436   	
0        	17      	0.19 	0.145634    	94.2507      	0.0320993  0.711969  	
0        	18      	0.916	0.0594724   	88.0968      	0.0664158  0.52481   	
0        	19      	0.986	0.0405472   	89.4434      	0.113784   1.51297   	
0        	20      	0.884	0.06478     	91.6695      	0.0603344  0.898445  	
