0        	1       	0.948	0.000675957 	0            	0          0.000822  	
0        	2       	0.928	0.0279224   	85.7526      	0.168941   2.43224   	
0        	3       	0.592	0.0346911   	88.3701      	0.131164   2.35559   	
0        	4       	0.94 	0.0203953   	83.7662      	0.202448   2.77084   	
0        	5       	0.456	0.00420875  	0            	0          0.00051   	
0        	6       	0.276	0.00313022  	0            	0          0.00051   	
0        	7       	0.586	0.036936    	89.7362      	0.108548   1.82162   	
0        	8       	0.408	0.102002    	93.9057      	0.0457987  1.19988   	
0        	9       	0.938	0.0319866   	87.2182      	0.147729   2.32195   	
0        	10      	0.736	0.00507316  	0            	0          0.000444  	
0        	11      	0.456	0.00652291  	0            	0          0.000312  	
0        	12      	0.408	0.00424148  	0            	0          0.000378  	
0        	13      	0.258	0.001447    	0            	0          0.000756  	
0        	14      	0.932	0.0358667   	88.7042      	0.127396   2.17547   	
0        	15      	0.662	0.0581642   	91.8788      	0.0716577  1.27438   	
0        	16      	0.772	0.00464575  	95.1887      	0.0114103  0.037884  	
0        	17      	0.676	0.00386913  	0            	0          0.00105   	
0        	18      	0.81 	0.0631094   	92.2666      	0.0667824  1.2721    	
0        	19      	0.826	0.0246331   	94.5827      	0.033553   0.636541  	
0        	20      	0.226	0.00427199  	0            	0          0.000576  	
