0        	1       	0.132	0.0471688   	91.3313      	0.0813817  1.37662   	
0        	2       	0.102	0.0884374   	93.8209      	0.0411029  0.524283  	
0        	3       	0.676	0.135059    	94.8046      	0.0191571  0.263922  	
0        	4       	0.156	0.0465537   	91.1931      	0.0585823  0.710416  	
0        	5       	0.93 	0.0391936   	88.8787      	0.120883   1.80154   	
0        	6       	0.614	0.0590809   	92.414       	0.069541   1.27321   	
0        	7       	0.936	0.036531    	88.5986      	0.132646   2.17227   	
0        	8       	0.952	0.0448994   	89.6298      	0.105282   1.53694   	
0        	9       	0.132	0.115044    	94.7704      	0.0297138  0.634477  	
0        	10      	0.662	0           	0            	0          0.000259  	
0        	11      	0.572	0.0859552   	93.2045      	0.0566554  1.12369   	
0        	12      	0.15 	0.0760518   	92.1091      	0.0571802  0.822791  	
0        	13      	0.062	0.0507732   	90.1044      	0.0938509  1.27119   	
0        	14      	0.862	0.322031    	92.5216      	0.0182548  0.112867  	
0        	15      	0.078	0.121588    	90.6814      	0.0393468  0.225519  	
0        	16      	0.914	0.0779401   	92.217       	0.0464102  0.528032  	
0        	17      	0.316	0.0729014   	92.5472      	0.0613121  1.31011   	
0        	18      	0.548	0.117537    	94.6293      	0.0363086  0.786741  	
0        	19      	0.928	0.0511753   	93.2969      	0.0536498  1.04843   	
0        	20      	0.772	0.0472816   	88.9559      	0.088353   0.784621  	
