0        	1       	0.072	0.0447759   	90.0539      	0.103203   2.09623   	
0        	2       	0.87 	0.0335285   	90.8908      	0.0729082  0.863145  	
0        	3       	0.044	0.0638527   	91.1987      	0.0724055  1.17684   	
0        	4       	0.914	0.0765418   	92.5302      	0.0579899  0.97467   	
0        	5       	0.366	0.0345372   	89.1978      	0.106915   1.49833   	
0        	6       	0.728	0.0310468   	76.2742      	0.111839   0.300109  	
0        	7       	0.232	0.0485204   	90.3081      	0.0946405  1.42114   	
0        	8       	0.466	0.0411608   	90.2473      	0.0678355  0.637799  	
0        	9       	0.862	0.0159267   	90.1793      	0.0997793  1.35293   	
0        	10      	0.932	0.0443123   	90.8375      	0.0929887  1.35235   	
0        	11      	0.064	0.0815996   	93.0545      	0.0607386  1.15947   	
0        	12      	0.456	0.0474849   	93.9954      	0.0421801  0.974325  	
0        	13      	0.928	0.0449005   	90.1696      	0.0997672  1.64818   	
0        	14      	0.668	0.0650136   	0            	0          0.000954  	
0        	15      	0.736	0.0324004   	94.6997      	0.0163968  0.187799  	
0        	16      	0.068	0.00211616  	0            	0          0.000378  	
0        	17      	0.376	0.0401803   	90.0616      	0.10618    2.13112   	
0        	18      	0.936	0.0715291   	92.8155      	0.0400873  0.52701   	
0        	19      	0.466	0.00614923  	0            	0          0.000444  	
0        	20      	0.514	0.00793463  	0            	0          0.00192   	
