0        	1       	0.064	0.0443406   	90.2148      	0.101533   1.7975    	
0        	2       	0.944	0.0620428   	92.5218      	0.0645786  1.1266    	
0        	3       	0.068	0.0666397   	62.8626      	0.0637552  0.039219  	
0        	4       	0.052	0.0579033   	91.7564      	0.0727071  1.15982   	
0        	5       	0.514	0.00424902  	0            	0          0.000624  	
0        	6       	0.368	0.0537112   	90.8032      	0.0885287  1.75803   	
0        	7       	0.118	0.00716376  	0            	0          0.000444  	
0        	8       	0.516	0.0349115   	88.9897      	0.114596   2.35434   	
0        	9       	0.938	0.00547167  	0            	0          0.00069   	
0        	10      	0.914	0.0289236   	85.0543      	0.159628   1.75974   	
0        	11      	0.95 	0.0550805   	93.0201      	0.0602755  1.05177   	
0        	12      	0.954	0.046682    	91.5436      	0.0676832  0.825571  	
0        	13      	0.124	0.0707383   	92.8534      	0.0563004  1.04781   	
0        	14      	0.952	0.0437826   	89.8778      	0.0974732  1.27208   	
0        	15      	0.928	0.0812256   	92.7434      	0.0505011  0.753245  	
0        	16      	0.87 	0.00215873  	0            	0          0.001182  	
0        	17      	0.478	0.062409    	92.5379      	0.0416358  0.524087  	
0        	18      	0.476	0.00311333  	93.218       	0.0165819  0.014599  	
0        	19      	0.952	0.0348465   	88.0688      	0.136286   1.84112   	
0        	20      	0.548	0.042116    	88.0241      	0.107759   1.08543   	
