0        	1       	0.3  	0           	95.2949      	0.00427734 0.000183  	
0        	2       	0.962	0.112734    	93.3571      	0.0441631  0.564207  	
0        	3       	0.948	0.0467233   	90.533       	0.0911641  1.38897   	
0        	4       	0.662	0.0384673   	92.6363      	0.0602591  1.17575   	
0        	5       	0.22 	0.0937292   	94.2501      	0.0271223  0.559295  	
0        	6       	0.448	0.0599966   	91.8027      	0.0777146  1.35273   	
0        	7       	0.936	0.0346664   	88.1706      	0.135123   2.13856   	
0        	8       	0.232	0.0441607   	90.3307      	0.099254   1.7954    	
0        	9       	0.928	0.0419799   	89.7074      	0.101907   1.27274   	
0        	10      	0.94 	0.035644    	87.1939      	0.132835   1.75933   	
0        	11      	0.06 	0.00418735  	0            	0          0.000791  	
0        	12      	0.998	0.0704761   	93.0476      	0.0571955  0.975901  	
0        	13      	0.958	0.00261739  	0            	0          0.000378  	
0        	14      	0.476	0.0420606   	89.8567      	0.109329   1.83499   	
0        	15      	0.476	0.0397845   	89.1824      	0.115573   1.83332   	
0        	16      	0.83 	0.0057007   	0            	0          0.000624  	
0        	17      	0.682	0.00150932  	95.4366      	0.00414852 0.000257  	
0        	18      	0.686	0.0892413   	93.0621      	0.054656   0.748621  	
0        	19      	0.368	0.00504177  	0            	0          0.000624  	
0        	20      	0.952	0.0714922   	91.8802      	0.0610203  0.935515  	
