0        	1       	0.476	0.00461386  	0            	0          0.001182  	
0        	2       	0.956	0.028431    	85.7195      	0.164102   2.28218   	
0        	3       	0.376	0.00297175  	0            	0          0.000312  	
0        	4       	0.946	0.0358532   	88.5504      	0.123927   2.10098   	
0        	5       	0.952	0.00331594  	0            	0          0.00051   	
0        	6       	0.532	0.0463188   	90.3262      	0.0944981  1.42211   	
0        	7       	0.894	0.00319581  	0            	0          0.000378  	
0        	8       	0.082	0.0278274   	86.0337      	0.168741   2.93901   	
0        	9       	0.368	0.00278974  	0            	0          0.000624  	
0        	10      	0.258	0.00756266  	0            	0          0.000624  	
0        	11      	0.062	0.00347788  	0            	0          0.00087   	
0        	12      	0.938	0.0355262   	88.7658      	0.123061   1.91107   	
0        	13      	0.366	0.00242446  	0            	0          0.000804  	
0        	14      	0.456	0.00824489  	0            	0          0.000558  	
0        	15      	0.152	0.0281645   	86.212       	0.165751   3.02827   	
0        	16      	0.948	0.0257952   	85.2438      	0.17583    2.62411   	
0        	17      	0.81 	0.0316403   	89.108       	0.121157   1.91195   	
0        	18      	0.906	0.00323358  	0            	0          0.000936  	
0        	19      	0.098	0.00737759  	0            	0          0.000312  	
0        	20      	0.772	0.00812256  	0            	0          0.00105   	
