0        	1       	0.956	0.0342705   	88.3843      	0.12826    2.09948   	
0        	2       	0.972	0.0264774   	84.9563      	0.174018   2.323     	
0        	3       	0.938	0.00475913  	95.8962      	0.00372731 0.000437  	
0        	4       	0.93 	0.0128826   	94.9615      	0.0151647  0.113265  	
0        	5       	0.94 	0.0364094   	88.5132      	0.130394   2.28481   	
0        	6       	0.912	0.0165183   	94.5957      	0.0272944  0.337421  	
0        	7       	0.932	0.00644691  	0            	0          0.000378  	
0        	8       	0.938	0.0612392   	92.657       	0.0647908  1.1599    	
0        	9       	0.048	0.00334204  	0            	0          0.000444  	
0        	10      	0.132	0.0409645   	89.625       	0.110844   2.01961   	
0        	11      	0.74 	0.00165507  	0            	0          0.00069   	
0        	12      	0.932	0.0383503   	88.86        	0.11559    1.49673   	
0        	13      	0.922	0.035481    	88.5984      	0.12859    2.1375    	
0        	14      	0.96 	0.00642193  	0            	0          0.000312  	
0        	15      	0.456	0.045809    	90.7759      	0.0904623  1.81764   	
0        	16      	0.132	0.00455344  	0            	0          0.000624  	
0        	17      	0.408	0.00292874  	0            	0          0.000378  	
0        	18      	0.896	0.0466199   	91.4492      	0.0846612  1.84868   	
0        	19      	0.936	0.0038809   	0            	0          0.000312  	
0        	20      	0.668	0.0529337   	91.8743      	0.0630815  1.15959   	
