0        	1       	0.944	0.0297259   	87.5617      	0.132888   1.65725   	
0        	2       	0.94 	0.0375274   	88.6848      	0.123984   2.02478   	
0        	3       	0.846	0.00746848  	94.9876      	0.0150864  0.150222  	
0        	4       	0.922	0.0651516   	91.1591      	0.0686342  0.939934  	
0        	5       	0.548	0.00191797  	95.212       	0.00434877 0.000815  	
0        	6       	0.062	0.0736303   	92.8367      	0.0633924  1.54573   	
0        	7       	0.94 	0.0385921   	0            	0          0.00041   	
0        	8       	0.408	0.0518427   	90.2762      	0.0857983  1.27724   	
0        	9       	0.948	0.0227315   	85.0584      	0.184502   2.77965   	
0        	10      	0.682	0.107952    	94.2688      	0.0401485  0.636276  	
0        	11      	0.514	0.0483021   	92.339       	0.0509316  0.823889  	
0        	12      	0.958	0.0713702   	91.9744      	0.0602821  0.902008  	
0        	13      	0.58 	0.0456748   	92.7211      	0.063295   1.36058   	
0        	14      	0.95 	0.00740182  	95.5197      	0.00406934 0.000614  	
0        	15      	0.154	0.0212583   	93.9003      	0.0377799  0.636017  	
0        	16      	0.118	0.0139372   	94.2156      	0.0292141  0.262135  	
0        	17      	0.644	0.0655411   	92.0589      	0.0616784  1.12323   	
0        	18      	0.152	0.00257714  	0            	0          0.000756  	
0        	19      	0.072	0.0539302   	91.6365      	0.0793198  1.45963   	
0        	20      	0.132	0.0657233   	91.6586      	0.0703756  0.975273  	
