0        	1       	0.856	0.0381601   	94.1973      	0.0410198  0.568484  	
0        	2       	0.354	0.158423    	95.2619      	0.0174709  0.376771  	
0        	3       	0.718	0.0381599   	93.3605      	0.0512357  1.05432   	
0        	4       	0.69 	0.0613702   	93.8363      	0.0485569  0.748292  	
0        	5       	0.854	0.0636306   	89.5411      	0.0727476  0.752527  	
0        	6       	0.54 	0.0449618   	91.754       	0.0794063  1.35052   	
0        	7       	0.88 	0.0482122   	91.5368      	0.0696244  0.9361    	
0        	8       	0.948	0.00102853  	0            	0          0.00051   	
0        	9       	0.21 	0.00700295  	0            	0          0.00051   	
0        	10      	0.152	0.0569309   	91.6065      	0.0795748  1.60829   	
0        	11      	0.914	0.0431296   	88.1747      	0.0610734  0.412562  	
0        	12      	0.152	0.0588038   	91.0265      	0.0807428  1.30989   	
0        	13      	0.87 	0.030335    	87.0506      	0.152849   2.43654   	
0        	14      	0.06 	0.00534215  	0            	0          0.000936  	
0        	15      	0.67 	0.0646054   	87.4494      	0.070028   0.524719  	
0        	16      	0.846	0.0733119   	86.1536      	0.0715116  0.299937  	
0        	17      	0.93 	0.0305799   	86.8944      	0.154667   2.16269   	
0        	18      	0.952	0.0294575   	86.6853      	0.152049   2.13647   	
0        	19      	0.928	0.0457329   	89.4042      	0.0447394  0.262894  	
0        	20      	0.674	0.0833996   	93.3451      	0.0517063  1.27338   	
