0        	1       	0.894	0.0723319   	92.0835      	0.0650971  1.27483   	
0        	2       	0.96 	0.0559362   	91.4223      	0.0813511  1.52156   	
0        	3       	0.922	0.0566506   	92.7646      	0.0646293  1.05571   	
0        	4       	0.582	0.0614766   	91.7852      	0.063773   1.0506    	
0        	5       	0.06 	0.0604336   	92.3932      	0.0671184  1.31527   	
0        	6       	0.084	0.0293701   	92.3241      	0.0659279  1.06878   	
0        	7       	0.604	0.0792479   	93.3175      	0.0587817  1.01166   	
0        	8       	0.956	0.0385969   	90.4131      	0.0845547  0.981427  	
0        	9       	0.068	0.0626147   	93.5507      	0.0516184  1.27168   	
0        	10      	0.466	0.057568    	91.6536      	0.0786259  1.75586   	
0        	11      	0.952	0.0591953   	88.445       	0.0768197  0.749548  	
0        	12      	0.26 	0.0650446   	92.3209      	0.0692896  1.20768   	
0        	13      	0.082	0.00327071  	0            	0          0.00069   	
0        	14      	0.698	0.0109052   	92.4954      	0.0316874  0.299879  	
0        	15      	0.682	0.0617662   	92.4197      	0.0588473  1.01008   	
0        	16      	0.736	0.0538056   	93.0236      	0.0463804  0.717911  	
0        	17      	0.8  	0.00254437  	91.9559      	0.0073062  0.00091   	
0        	18      	0.794	0.128791    	93.3818      	0.0394882  0.45299   	
0        	19      	0.942	0.0417758   	89.4021      	0.112182   1.65441   	
0        	20      	0.626	0.00260255  	0            	0          0.00087   	
