0        	1       	0.044	0.042745    	93.5575      	0.0296497  0.224902  	
0        	2       	0.408	0.0948851   	90.8337      	0.0511451  0.412419  	
0        	3       	0.674	0.059069    	91.4957      	0.0750375  1.31165   	
0        	4       	0.644	0.0232425   	93.2979      	0.0346141  0.375038  	
0        	5       	0.924	0.0411429   	91.76        	0.072466   1.44149   	
0        	6       	0.8  	0.064804    	90.3603      	0.0724428  0.63752   	
0        	7       	0.132	0.0283518   	88.7666      	0.126693   2.25096   	
0        	8       	0.866	0.017653    	94.2461      	0.0264981  0.262159  	
0        	9       	0.942	0.0628121   	90.912       	0.0768795  1.08528   	
0        	10      	0.382	0.0204749   	89.3318      	0.114987   2.0577    	
0        	11      	0.064	0.102467    	92.8878      	0.0541146  0.711801  	
0        	12      	0.062	0.0560055   	95.0846      	0.00843846 0.112837  	
0        	13      	0.862	0.100858    	93.6239      	0.0402857  0.641709  	
0        	14      	0.604	0.113963    	91.9021      	0.0381721  0.263182  	
0        	15      	0.456	0.0489982   	90.7789      	0.0946536  1.64755   	
0        	16      	0.514	0.0769767   	93.7676      	0.0468369  1.15955   	
0        	17      	0.082	0.0381232   	92.1187      	0.0680596  1.23528   	
0        	18      	0.932	0.0521479   	90.0843      	0.0855908  0.905194  	
0        	19      	0.668	0.0178623   	92.9123      	0.0219262  0.225017  	
0        	20      	0.956	0.0599936   	90.8281      	0.0792048  0.941454  	
