0        	1       	0.542	0.041128    	89.3595      	0.113681   1.61736   	
0        	2       	0.93 	0.0939293   	91.1915      	0.0525569  0.452872  	
0        	3       	0.052	0.0074085   	0            	0          0.000444  	
0        	4       	0.202	0.0297729   	91.9388      	0.0509613  0.598403  	
0        	5       	0.456	0.276922    	87.9124      	0.0207512  0.038068  	
0        	6       	0.928	0.0620835   	92.2679      	0.0538102  0.642726  	
0        	7       	0.772	0.00469833  	0            	0          0.00174   	
0        	8       	0.206	0.029421    	91.9762      	0.066009   0.898189  	
0        	9       	0.956	0.121527    	91.9921      	0.0338123  0.264055  	
0        	10      	0.728	0.0384088   	87.7186      	0.106011   0.976193  	
0        	11      	0.94 	0.0670176   	90.0966      	0.06584    0.564776  	
0        	12      	0.474	0.0868458   	91.1155      	0.0496032  0.598602  	
0        	13      	0.928	0.0337956   	88.1963      	0.108205   1.09178   	
0        	14      	0.174	0.0539029   	90.9482      	0.0724144  0.935255  	
0        	15      	0.108	0.0408345   	90.1045      	0.105721   2.01245   	
0        	16      	0.728	0.0356612   	89.1136      	0.11453    1.80803   	
0        	17      	0.346	0.0394659   	89.2754      	0.117512   2.24516   	
0        	18      	0.102	0.0340633   	91.9683      	0.0749461  1.1603    	
0        	19      	0.064	0.0588716   	91.2678      	0.0824119  1.34616   	
0        	20      	0.15 	0.0875688   	92.1159      	0.0548384  0.892399  	
