0        	1       	0.476	0.0208632   	84.076       	0.199203   3.1426    	
0        	2       	0.132	0.00528473  	0            	0          0.00069   	
0        	3       	0.082	0.00599534  	0            	0          0.000624  	
0        	4       	0.688	0.0188275   	72.2456      	0.254425   1.04729   	
0        	5       	0.922	0.00199472  	0            	0          0.001494  	
0        	6       	0.542	0.00398041  	0            	0          0.000444  	
0        	7       	0.736	0.0273481   	85.7612      	0.173682   2.479     	
0        	8       	0.514	0.00139945  	0            	0          0.000756  	
0        	9       	0.532	0.0339146   	88.4808      	0.12904    2.13171   	
0        	10      	0.238	0.00475721  	0            	0          0.001116  	
0        	11      	0.628	0.00831347  	0            	0          0.000624  	
0        	12      	0.826	0.0238559   	84.206       	0.195689   2.9585    	
0        	13      	0.372	0.0273554   	86.8898      	0.150657   2.80074   	
0        	14      	0.202	0.0106873   	0            	0          0.000576  	
0        	15      	0.952	0.0259508   	85.4583      	0.178296   3.11048   	
0        	16      	0.604	0.075203    	94.3478      	0.0232919  0.336811  	
0        	17      	0.532	0.00641412  	0            	0          0.000936  	
0        	18      	0.914	0.0039119   	0            	0          0.00051   	
0        	19      	0.466	0.005311    	0            	0          0.000312  	
0        	20      	0.682	0.0059893   	0            	0          0.000558  	
