0        	1       	0.622	0.0585432   	90.862       	0.0805956  1.53554   	
0        	2       	0.346	0.0968821   	93.5203      	0.0386384  0.600714  	
0        	3       	0.958	0.0741652   	92.7653      	0.0638356  1.12337   	
0        	4       	0.604	0.121011    	94.7583      	0.0318258  0.636066  	
0        	5       	0.952	0.0374491   	93.5707      	0.0406219  0.562076  	
0        	6       	0.748	0.0991099   	93.4491      	0.0492304  1.01103   	
0        	7       	0.866	0.0721889   	92.4921      	0.0499417  0.712007  	
0        	8       	0.948	0.0347075   	89.3068      	0.092302   1.01464   	
0        	9       	0.948	0.0403886   	90.6525      	0.0841429  1.09034   	
0        	10      	0.942	0.0614673   	88.8566      	0.0740832  0.639396  	
0        	11      	0.94 	0.0444052   	90.3131      	0.0934044  1.7683    	
0        	12      	0.67 	0.0235091   	91.814       	0.0765908  1.23516   	
0        	13      	0.258	0.0819403   	93.3863      	0.052102   0.89772   	
0        	14      	0.772	0.188353    	94.8625      	0.0247166  0.598733  	
0        	15      	0.476	0.0410757   	90.6763      	0.0944971  1.50012   	
0        	16      	0.054	0.0252107   	94.5071      	0.0226202  0.225308  	
0        	17      	0.962	0.0535538   	91.34        	0.0857423  1.46701   	
0        	18      	0.564	0.0483416   	92.6691      	0.0409296  0.338088  	
0        	19      	0.936	0.0576386   	89.4635      	0.0842919  0.789752  	
0        	20      	0.344	0.0897402   	92.4586      	0.0476479  0.674743  	
