0        	1       	0.3  	0.117705    	92.7296      	0.0405661  0.561704  	
0        	2       	0.674	0.0792461   	92.0562      	0.0575634  0.750379  	
0        	3       	0.098	0.0874253   	92.0903      	0.049975   0.749458  	
0        	4       	0.928	0.0554614   	91.736       	0.0771134  1.2771    	
0        	5       	0.998	0.0360133   	92.1422      	0.0646436  0.790475  	
0        	6       	0.866	0.0532367   	89.278       	0.0857763  0.866113  	
0        	7       	0.926	0.0550517   	90.4645      	0.0740261  1.01113   	
0        	8       	0.044	0.00219291  	0            	0          0.001608  	
0        	9       	0.564	0.0717282   	92.0096      	0.0505143  0.748104  	
0        	10      	0.862	0.0552422   	90.0928      	0.0835495  1.13259   	
0        	11      	0.952	0.00113386  	0            	0          0.000378  	
0        	12      	0.154	0.0432222   	89.8377      	0.110288   1.9542    	
0        	13      	0.592	0.054281    	90.3667      	0.0831532  1.1229    	
0        	14      	0.062	0.0356686   	93.6394      	0.0414823  0.598475  	
0        	15      	0.948	0.00398248  	0            	0          0.000624  	
0        	16      	0.846	0.0270218   	90.5267      	0.0934073  1.38688   	
0        	17      	0.202	0.0292716   	86.4502      	0.161456   2.65787   	
0        	18      	0.132	0.0523948   	91.4446      	0.0847073  1.72184   	
0        	19      	0.6  	0.112646    	93.0787      	0.0412967  0.93625   	
0        	20      	0.098	0.16157     	93.7345      	0.0270258  0.336917  	
