0        	1       	0.962	0.00207168  	0            	0          0.00069   	
0        	2       	0.15 	0.00651306  	0            	0          0.000312  	
0        	3       	0.986	0.0273188   	85.8809      	0.168852   2.76228   	
0        	4       	0.794	0.00233839  	0            	0          0.000444  	
0        	5       	0.232	0.0370921   	89.5373      	0.108563   1.7585    	
0        	6       	0.938	0.00455366  	0            	0          0.000378  	
0        	7       	0.87 	0.0162181   	91.7076      	0.0723436  1.24602   	
0        	8       	0.476	0.0368405   	88.9589      	0.123684   2.05999   	
0        	9       	0.944	0.0534371   	91.0608      	0.0873221  1.27535   	
0        	10      	0.758	0.0460824   	89.8561      	0.0640914  0.525259  	
0        	11      	0.132	0.004456    	0            	0          0.000378  	
0        	12      	0.93 	0.0311084   	87.1737      	0.147391   1.98774   	
0        	13      	0.06 	0.0842441   	93.2475      	0.0555504  1.04899   	
0        	14      	0.564	0.00332853  	0            	0          0.001608  	
0        	15      	0.548	0.0672287   	92.0433      	0.0720957  1.33422   	
0        	16      	0.54 	0.0026641   	0            	0          0.000312  	
0        	17      	0.932	0.033562    	87.9313      	0.136999   2.02475   	
0        	18      	0.682	0.0328201   	88.8514      	0.120164   1.94828   	
0        	19      	0.95 	0.00616266  	0            	0          0.000444  	
0        	20      	0.052	0.00363596  	0            	0          0.000936  	
