0        	1       	0.158	0.00483215  	0            	0          0.00069   	
0        	2       	0.88 	0.0318071   	86.8639      	0.146119   1.94907   	
0        	3       	0.95 	0.028912    	86.3677      	0.162555   2.3902    	
0        	4       	0.948	0.00232137  	0            	0          0.000756  	
0        	5       	0.368	0.0343667   	92.6314      	0.0650175  1.2733    	
0        	6       	0.916	0.0644995   	91.8767      	0.0744963  1.27782   	
0        	7       	0.89 	0.0282525   	0            	0          0.00051   	
0        	8       	0.06 	0.0735343   	92.775       	0.0561167  0.97252   	
0        	9       	0.856	0.00284957  	0            	0          0.00051   	
0        	10      	0.26 	0.0384918   	89.0911      	0.118575   1.99028   	
0        	11      	0.474	0.0603033   	91.4765      	0.0566974  0.673403  	
0        	12      	0.084	0.0540541   	91.4191      	0.0784195  1.80559   	
0        	13      	0.938	0.0286385   	90.5518      	0.0980362  1.64773   	
0        	14      	0.132	0.0584568   	93.0576      	0.0538956  1.04888   	
0        	15      	0.456	0.186669    	95.2703      	0.0178209  0.297825  	
0        	16      	0.964	0.00870019  	0            	0          0.00069   	
0        	17      	0.16 	0.0785585   	92.5443      	0.0579081  0.787749  	
0        	18      	0.846	0.00517381  	0            	0          0.00069   	
0        	19      	0.94 	0.0573582   	91.5747      	0.082302   1.4648    	
0        	20      	0.928	0.050657    	92.7512      	0.058793   0.792455  	
