0        	1       	0.96 	0.0361358   	87.8451      	0.0808081  0.600235  	
0        	2       	0.922	0.00400759  	0            	0          0.000936  	
0        	3       	0.894	0.00312046  	0            	0          0.00051   	
0        	4       	0.174	0.0446748   	85.3984      	0.101562   0.748589  	
0        	5       	0.884	0.0390193   	88.7248      	0.110141   1.4634    	
0        	6       	0.728	0.0194678   	88.3895      	0.129608   1.84556   	
0        	7       	0.942	0.00121709  	0            	0          0.00069   	
0        	8       	0.072	0.0453887   	87.5491      	0.0866032  0.598638  	
0        	9       	0.914	0.00940874  	0            	0          0.000444  	
0        	10      	0.368	0.0508607   	90.5135      	0.0853938  1.4607    	
0        	11      	0.772	0.0912291   	93.9859      	0.0442212  0.635986  	
0        	12      	0.728	0.119243    	93.0227      	0.0424412  0.616849  	
0        	13      	0.678	0.00511894  	0            	0          0.000373  	
0        	14      	0.592	0.0252607   	85.272       	0.181231   2.96033   	
0        	15      	0.582	0.0307328   	88.6527      	0.116441   1.50275   	
0        	16      	0.682	0.106428    	93.0289      	0.0415939  0.59974   	
0        	17      	0.58 	0.0364003   	88.676       	0.127714   2.13179   	
0        	18      	0.846	0.0518556   	91.1659      	0.0905442  1.2387    	
0        	19      	0.87 	0.00393106  	0            	0          0.000624  	
0        	20      	0.772	0.0589733   	91.7946      	0.0790153  1.23968   	
