0        	1       	0.514	0.112507    	93.6021      	0.0381738  0.635958  	
0        	2       	0.322	0.041597    	93.3515      	0.044225   0.783925  	
0        	3       	0.54 	0.0560852   	92.7546      	0.0677715  1.38552   	
0        	4       	0.258	0.0398789   	89.8494      	0.104195   1.90811   	
0        	5       	0.936	0.0446291   	89.6293      	0.105215   1.47025   	
0        	6       	0.124	0.0617028   	92.743       	0.0375041  0.561353  	
0        	7       	0.87 	0.0195486   	91.2345      	0.0857265  1.4586    	
0        	8       	0.952	0.182437    	93.9147      	0.0229116  0.338982  	
0        	9       	0.202	0.0410886   	88.2709      	0.11124    1.34699   	
0        	10      	0.938	0.0117823   	95.7497      	0.012802   0.18747   	
0        	11      	0.938	0.0875103   	88.8721      	0.0574713  0.3061    	
0        	12      	0.3  	0.0526548   	93.7791      	0.0483179  0.900039  	
0        	13      	0.928	0.0258999   	93.6307      	0.0470175  0.78951   	
0        	14      	0.924	0.0693597   	90.4471      	0.0450306  0.378915  	
0        	15      	0.728	0.0758567   	92.0791      	0.0615219  1.01216   	
0        	16      	0.826	0.0863462   	88.811       	0.0577868  0.452305  	
0        	17      	0.81 	0.0462562   	90.7367      	0.0874179  1.53405   	
0        	18      	0.476	0.031963    	95.4614      	0.0162909  0.187596  	
0        	19      	0.936	0.0830691   	91.7401      	0.0492538  0.457421  	
0        	20      	0.95 	0.0347635   	88.8632      	0.124757   2.03279   	
