0        	1       	0.368	0.000687133 	0            	0          0.000312  	
0        	2       	0.564	0.00345642  	0            	0          0.000444  	
0        	3       	0.94 	0.0658467   	92.2759      	0.0708346  1.23522   	
0        	4       	0.952	0.0318782   	87.1876      	0.143527   2.06541   	
0        	5       	0.95 	0.0483748   	90.678       	0.0967264  1.79652   	
0        	6       	0.942	0.0014874   	0            	0          0.000312  	
0        	7       	0.952	0.0622893   	92.8565      	0.0602573  1.2872    	
0        	8       	0.062	0.0472091   	91.4041      	0.0597894  0.748296  	
0        	9       	0.948	0.0350341   	85.3365      	0.131942   1.05056   	
0        	10      	0.54 	0.00282421  	0            	0          0.00069   	
0        	11      	0.95 	0.0359236   	88.7354      	0.124382   1.98796   	
0        	12      	0.258	0.00287968  	0            	0          0.001182  	
0        	13      	0.974	0.0412136   	89.7823      	0.10602    1.61405   	
0        	14      	0.37 	0.140603    	93.9136      	0.0314342  0.523986  	
0        	15      	0.216	0.0329521   	89.4491      	0.113723   1.98176   	
0        	16      	0.826	0.0683264   	92.2367      	0.0684999  1.19868   	
0        	17      	0.96 	0.000252036 	0            	0          0.000756  	
0        	18      	0.954	0.00305416  	0            	0          0.000444  	
0        	19      	0.728	0.0621145   	91.8171      	0.0672872  1.27245   	
0        	20      	0.924	0.0444556   	90.0766      	0.105042   1.68425   	
