0        	1       	0.866	0.114704    	94.2359      	0.0271707  0.486959  	
0        	2       	0.926	0.0530813   	91.116       	0.0890855  1.50215   	
0        	3       	0.884	0.0294638   	89.245       	0.113655   1.81765   	
0        	4       	0.16 	0.00176969  	0            	0          0.00069   	
0        	5       	0.93 	0.202681    	94.7888      	0.0250537  0.303768  	
0        	6       	0.896	0.0379359   	88.204       	0.123656   1.68711   	
0        	7       	0.846	0.0578798   	91.0482      	0.0716483  1.01608   	
0        	8       	0.896	0.100482    	91.5252      	0.0472863  0.60267   	
0        	9       	0.082	0.0565884   	92.4061      	0.0655781  1.04716   	
0        	10      	0.564	0.036135    	92.5385      	0.0641199  1.03877   	
0        	11      	0.93 	0.0802008   	91.6364      	0.0605746  0.639533  	
0        	12      	0.94 	0.0348661   	90.5135      	0.096432   1.69175   	
0        	13      	0.676	0.0761813   	92.304       	0.0597751  0.898843  	
0        	14      	0.942	0.156056    	94.1688      	0.0280348  0.414433  	
0        	15      	0.084	0.083329    	89.9614      	0.0560119  0.561725  	
0        	16      	0.456	0.0717798   	92.8675      	0.0601494  1.27235   	
0        	17      	0.772	0.0456889   	90.8241      	0.0610035  0.636409  	
0        	18      	0.064	0.0698562   	89.9403      	0.0699715  0.823121  	
0        	19      	0.728	0.0265631   	93.7819      	0.0482961  0.824197  	
0        	20      	0.772	0.0320617   	92.8336      	0.0595369  1.20014   	
