0        	1       	0.928	0.0651385   	91.7828      	0.0571554  0.675367  	
0        	2       	0.466	0.0455938   	90.4634      	0.0934073  2.14134   	
0        	3       	0.94 	0.0732852   	92.8536      	0.0595809  1.08856   	
0        	4       	0.476	0.0537166   	91.448       	0.0835396  1.64951   	
0        	5       	0.084	0.114186    	93.6866      	0.0419727  0.749554  	
0        	6       	0.958	0.0458898   	87.9191      	0.0937866  0.78865   	
0        	7       	0.944	0.0969766   	94.0646      	0.0353932  0.526621  	
0        	8       	0.94 	0.204993    	92.7347      	0.0224757  0.228621  	
0        	9       	0.668	0.172542    	93.4199      	0.0112962  0.038384  	
0        	10      	0.772	0.0933483   	92.5503      	0.0518445  0.825818  	
0        	11      	0.946	0.0567283   	91.3291      	0.0748783  1.16248   	
0        	12      	0.682	0.0537835   	92.9508      	0.0564688  1.15638   	
0        	13      	0.8  	0.0736284   	93.4757      	0.0513726  0.935153  	
0        	14      	0.956	0.0447645   	91.0288      	0.091047   1.64894   	
0        	15      	0.956	0.0377039   	92.451       	0.0278149  0.189436  	
0        	16      	0.942	0.059166    	91.2977      	0.0798057  1.23923   	
0        	17      	0.202	0.0485105   	89.5647      	0.0940523  1.39252   	
0        	18      	0.956	0.0266028   	90.4698      	0.0351148  0.150551  	
0        	19      	0.944	0.0688629   	94.6003      	0.0315587  0.638752  	
0        	20      	0.944	0.0668116   	91.1872      	0.0724667  1.05153   	
