0        	1       	0.548	0.066416    	92.9635      	0.0615082  1.19729   	
0        	2       	0.122	0.0615095   	94.1014      	0.0402739  0.561125  	
0        	3       	0.662	0.0270631   	87.6078      	0.144796   2.40543   	
0        	4       	0.948	0.0358509   	88.1674      	0.127537   1.80413   	
0        	5       	0.408	0.0272432   	91.6325      	0.0753284  1.36955   	
0        	6       	0.942	0.112495    	91.8544      	0.04545    0.377748  	
0        	7       	0.078	0.0308935   	89.1703      	0.119581   2.02428   	
0        	8       	0.794	0.0466197   	89.0985      	0.0999739  1.27134   	
0        	9       	0.928	0.0037152   	0            	0          0.00069   	
0        	10      	0.456	0.0390177   	92.5114      	0.0418099  0.561132  	
0        	11      	0.682	0.00150673  	0            	0          0.000624  	
0        	12      	0.336	0.0376521   	0            	0          0.000576  	
0        	13      	0.958	0.00436725  	0            	0          0.001068  	
0        	14      	0.938	0.00558344  	0            	0          0.00069   	
0        	15      	0.662	0.0737516   	93.6961      	0.0398522  0.598565  	
0        	16      	0.34 	0.0303402   	87.452       	0.142441   2.17526   	
0        	17      	0.682	0.0552978   	91.213       	0.0828958  1.31015   	
0        	18      	0.37 	0.0917882   	91.8482      	0.0454844  0.563027  	
0        	19      	0.736	0.0380569   	88.6471      	0.121292   1.65141   	
0        	20      	0.132	0.16696     	93.6267      	0.0197316  0.187309  	
