0        	1       	0.042	0.0364482   	49.4447      	0.123406   0.076195  	
0        	2       	0.928	0.0698946   	92.3171      	0.0647911  1.16996   	
0        	3       	0.884	0.0736802   	91.083       	0.0620229  0.636673  	
0        	4       	0.466	0.0788839   	91.9559      	0.0582605  0.936362  	
0        	5       	0.826	0.0377536   	88.9986      	0.112928   1.49917   	
0        	6       	0.942	0.000233712 	95.2971      	0.0042715  0.00054   	
0        	7       	0.352	0.00185143  	94.729       	0.0047918  0.000191  	
0        	8       	0.258	0.0536546   	90.9537      	0.0883363  1.64562   	
0        	9       	0.906	0.0370001   	88.729       	0.124454   2.09668   	
0        	10      	0.748	0.0755632   	91.4623      	0.0539427  0.636095  	
0        	11      	0.772	0.0211989   	93.8705      	0.0220012  0.151397  	
0        	12      	0.8  	0.052721    	92.3714      	0.0530612  0.714027  	
0        	13      	0.846	0.0335639   	89.5116      	0.114925   2.05773   	
0        	14      	0.124	0.0362687   	88.9536      	0.120726   2.57996   	
0        	15      	0.948	0.0438379   	90.1008      	0.100432   1.64566   	
0        	16      	0.94 	0.0063741   	0            	0          0.00105   	
0        	17      	0.856	0.00333921  	0            	0          0.000378  	
0        	18      	0.202	0.0366195   	89.0302      	0.122022   2.21167   	
0        	19      	0.678	0.00710542  	0            	0          0.000378  	
0        	20      	0.582	0.032345    	93.9434      	0.0330761  0.413381  	
