0        	1       	0.046	0.00869128  	0            	0          0.00051   	
0        	2       	0.202	0.00401258  	0            	0          0.001248  	
0        	3       	0.592	0.0631156   	91.9209      	0.0740908  1.42229   	
0        	4       	0.736	0.0438779   	89.9697      	0.106174   1.8033    	
0        	5       	0.856	0.0211101   	80.5833      	0.167602   0.97582   	
0        	6       	0.548	0.0409302   	90.4071      	0.0949796  1.83467   	
0        	7       	0.052	0.117808    	95.1346      	0.025128   0.636797  	
0        	8       	0.604	0.0274541   	88.2578      	0.127595   1.72586   	
0        	9       	0.58 	0.00346657  	0            	0          0.000378  	
0        	10      	0.072	0.00632889  	0            	0          0.000444  	
0        	11      	0.54 	0.0535283   	92.5927      	0.0624671  0.867818  	
0        	12      	0.382	0.0226819   	92.1363      	0.0723654  1.15931   	
0        	13      	0.054	0.0021857   	0            	0          0.00069   	
0        	14      	0.282	0.0036913   	0            	0          0.000378  	
0        	15      	0.622	0.0545121   	91.1581      	0.0810858  1.19876   	
0        	16      	0.914	0.0331227   	88.3492      	0.133083   2.13802   	
0        	17      	0.8  	0.0134149   	95.268       	0.0217919  0.187963  	
0        	18      	0.054	0.0483595   	90.8817      	0.0965863  1.79787   	
0        	19      	0.952	0.0215123   	76.4889      	0.222896   1.05083   	
0        	20      	0.942	0.041293    	92.0463      	0.075433   1.27783   	
