0        	1       	0.068	0.0017235   	0            	0          0.000822  	
0        	2       	0.456	0.00415565  	0            	0          0.00051   	
0        	3       	0.93 	0.0170792   	93.405       	0.0482044  0.901035  	
0        	4       	0.964	0.0276147   	92.4462      	0.0441228  0.63701   	
0        	5       	0.69 	0.0224429   	95.3913      	0.0181923  0.552653  	
0        	6       	0.082	0.0032634   	0            	0          0.00069   	
0        	7       	0.846	0.0659554   	87.3348      	0.075523   0.486569  	
0        	8       	0.674	0.0362294   	88.5032      	0.122829   1.87185   	
0        	9       	0.662	0.00220015  	0            	0          0.000756  	
0        	10      	0.956	0.0382686   	89.4679      	0.0982399  1.12991   	
0        	11      	0.92 	0.11955     	93.9353      	0.0443928  0.673417  	
0        	12      	0.514	0.0649428   	92.1686      	0.0718189  1.4581    	
0        	13      	0.772	0.0361743   	89.4062      	0.11608    2.05699   	
0        	14      	0.94 	0.0342751   	86.829       	0.132028   1.58527   	
0        	15      	0.152	0.0608689   	92.0075      	0.0674022  1.04789   	
0        	16      	0.948	0.0304522   	87.3072      	0.149077   2.39788   	
0        	17      	0.87 	0.00413635  	0            	0          0.000444  	
0        	18      	0.674	0.072236    	92.1285      	0.0688373  1.23416   	
0        	19      	0.894	0.0352153   	88.6061      	0.108019   1.42457   	
0        	20      	0.938	0.0610037   	91.1273      	0.0709812  1.16126   	
