0        	1       	0.592	0.0681242   	93.3205      	0.0482276  0.852663  	
0        	2       	0.688	0.0445815   	91.9547      	0.0746438  1.199     	
0        	3       	0.81 	0.0300049   	93.612       	0.0454664  0.71143   	
0        	4       	0.948	0.00458241  	0            	0          0.001806  	
0        	5       	0.522	0.0575743   	89.7099      	0.0798842  0.936977  	
0        	6       	0.896	0.0147558   	92.8099      	0.051149   0.487426  	
0        	7       	0.956	0.152473    	94.4226      	0.0338639  0.787957  	
0        	8       	0.948	0.0402053   	88.9517      	0.104743   1.31194   	
0        	9       	0.956	0.0410195   	89.5988      	0.113056   1.8735    	
0        	10      	0.914	0.0347019   	88.2216      	0.111707   1.27163   	
0        	11      	0.956	0.0572929   	92.1517      	0.0714959  1.16115   	
0        	12      	0.856	0.0335168   	88.441       	0.131214   2.20949   	
0        	13      	0.514	0.0758271   	94.2769      	0.0341472  0.897816  	
0        	14      	0.862	0.118363    	92.6132      	0.0311899  0.561882  	
0        	15      	0.952	0.0649848   	92.0012      	0.0621263  0.716636  	
0        	16      	0.408	0.044589    	89.9455      	0.0921696  1.23602   	
0        	17      	0.068	0.0593821   	68.7455      	0.0966884  0.150193  	
0        	18      	0.826	0.0812036   	92.412       	0.0479428  0.677193  	
0        	19      	0.954	0.0576199   	92.1732      	0.0587889  0.675306  	
0        	20      	0.942	0.0667576   	90.1885      	0.0682451  0.636722  	
