0        	1       	0.078	0.175948    	94.8436      	0.0159642  0.224915  	
0        	2       	0.058	0.105363    	94.1003      	0.0392439  1.00934   	
0        	3       	0.972	0.0588791   	91.9307      	0.0765298  1.27888   	
0        	4       	0.88 	0.0342622   	89.9646      	0.105166   1.76178   	
0        	5       	0.202	0.0626496   	91.8729      	0.065017   0.935315  	
0        	6       	0.928	0.0173268   	94.5523      	0.0256966  0.33687   	
0        	7       	0.548	0.0578777   	91.9199      	0.0712952  1.34747   	
0        	8       	0.062	0.0566923   	91.3819      	0.0841856  1.4279    	
0        	9       	0.59 	0.0865731   	92.9293      	0.0562845  0.794189  	
0        	10      	1    	0.101653    	93.3299      	0.047151   0.676853  	
0        	11      	0.914	0.0566925   	91.641       	0.079277   1.16376   	
0        	12      	0.064	0.0305995   	94.7599      	0.030626   0.673524  	
0        	13      	0.15 	0.0538685   	88.774       	0.0813055  0.863488  	
0        	14      	0.728	0.0442187   	93.198       	0.0573879  0.977001  	
0        	15      	0.132	0.0625117   	92.1802      	0.0494071  0.567839  	
0        	16      	0.928	0.0327413   	92.5169      	0.0602991  0.901859  	
0        	17      	0.794	0.0705552   	91.706       	0.0601013  0.74988   	
0        	18      	0.058	0.147404    	93.0801      	0.0326188  0.524447  	
0        	19      	0.368	0.0889318   	93.0924      	0.056052   0.936804  	
0        	20      	0.932	0.0298895   	84.5671      	0.152747   1.12745   	
