0        	1       	0.906	0.118325    	94.111       	0.035137   0.599149  	
0        	2       	0.928	0.00234986  	0            	0          0.00069   	
0        	3       	0.06 	0.0838124   	93.3604      	0.0515871  1.45857   	
0        	4       	0.074	0.0386293   	92.0343      	0.0730507  1.19834   	
0        	5       	0.674	0.00488587  	0            	0          0.000936  	
0        	6       	0.948	0.0575588   	91.5082      	0.0829519  1.46464   	
0        	7       	0.69 	0.0608968   	91.0939      	0.071249   0.90044   	
0        	8       	0.942	0.0523549   	91.0416      	0.0886974  1.80068   	
0        	9       	0.408	0.0393122   	89.7349      	0.107608   1.83621   	
0        	10      	0.826	0.00491068  	0            	0          0.001674  	
0        	11      	0.94 	0.0415345   	89.2327      	0.112836   1.8002    	
0        	12      	0.06 	0.13694     	93.6931      	0.027185   0.191041  	
0        	13      	0.866	0.0352798   	90.2386      	0.103328   1.68896   	
0        	14      	0.316	0.128853    	95.0848      	0.0181238  0.262153  	
0        	15      	0.93 	0.00117034  	0            	0          0.00051   	
0        	16      	0.238	0.0902494   	93.9708      	0.0436899  0.860959  	
0        	17      	0.948	0.028605    	86.5861      	0.156711   2.56724   	
0        	18      	0.232	0.0261289   	93.0948      	0.0527113  0.674499  	
0        	19      	0.082	0.120187    	94.2465      	0.0363516  0.860769  	
0        	20      	0.296	0.0689225   	87.7367      	0.0731261  0.489139  	
