0        	1       	0.906	0.00470332  	0            	0          0.00087   	
0        	2       	0.896	0.0329358   	87.8378      	0.13976    2.25013   	
0        	3       	0.152	0.0352453   	92.9244      	0.0582091  1.04728   	
0        	4       	0.09 	0.0264348   	86.3357      	0.159764   2.79347   	
0        	5       	0.674	0.0809867   	93.3867      	0.0544053  1.10774   	
0        	6       	0.954	0.0499025   	90.4449      	0.096786   1.38872   	
0        	7       	0.122	0.00263182  	0            	0          0.00051   	
0        	8       	0.772	0.00394191  	0            	0          0.000444  	
0        	9       	0.964	0.00478464  	0            	0          0.000558  	
0        	10      	0.952	0.00626022  	0            	0          0.000444  	
0        	11      	0.22 	0.038581    	88.6711      	0.12314    2.13127   	
0        	12      	0.438	0.00419811  	0            	0          0.000624  	
0        	13      	0.958	0.0536934   	91.7383      	0.0795569  1.35094   	
0        	14      	0.948	0.0801708   	93.073       	0.0554161  1.23974   	
0        	15      	0.942	0.000224709 	0            	0          0.000642  	
0        	16      	0.226	0.0337227   	87.9043      	0.138165   2.35686   	
0        	17      	0.478	0.00224719  	0            	0          0.000378  	
0        	18      	0.828	0.0354896   	84.2326      	0.132969   1.01038   	
0        	19      	0.854	0.0334247   	89.3962      	0.112245   1.68956   	
0        	20      	0.956	0.00349919  	0            	0          0.001002  	
