0        	1       	0.582	0.200302    	95.2178      	0.0247142  0.636203  	
0        	2       	0.958	0.0508883   	90.0595      	0.0911613  1.01269   	
0        	3       	0.932	0.0968961   	92.1104      	0.0498482  0.639689  	
0        	4       	0.174	0.0721009   	93.8743      	0.0387256  0.787247  	
0        	5       	0.15 	0.0462801   	89.3647      	0.0874933  1.04941   	
0        	6       	0.912	0.0134483   	91.425       	0.0783652  1.29938   	
0        	7       	0.124	0.0516456   	92.3096      	0.0674598  1.49602   	
0        	8       	0.226	0.0586401   	92.0486      	0.0597253  0.711539  	
0        	9       	0.942	0.00311822  	93.9529      	0.00549239 0.001098  	
0        	10      	1    	0.0336311   	89.4008      	0.113239   1.68718   	
0        	11      	0.112	1.4156e-05  	0            	0          0.000756  	
0        	12      	0.564	0.053923    	95.1998      	0.0197811  0.339259  	
0        	13      	0.952	0.0436383   	88.833       	0.102409   1.0854    	
0        	14      	0.952	0.0283474   	90.8526      	0.0823076  1.16581   	
0        	15      	0.668	0.114227    	94.5527      	0.0344169  0.748568  	
0        	16      	0.772	0.0333629   	88.5918      	0.121845   1.75958   	
0        	17      	0.828	0.0618334   	91.1384      	0.0747649  1.12366   	
0        	18      	1    	0.0393488   	89.0875      	0.119572   1.72728   	
0        	19      	0.59 	0.104582    	91.7115      	0.0502942  0.524052  	
0        	20      	0.296	0.11029     	94.9711      	0.0280767  0.636264  	
