0        	1       	0.938	0.0637772   	88.05        	0.0755028  0.605298  	
0        	2       	0.928	0.072405    	92.5933      	0.0653534  1.12417   	
0        	3       	0.944	0.0471361   	90.7771      	0.0874707  1.27719   	
0        	4       	0.132	0.047929    	92.2858      	0.0599161  0.935099  	
0        	5       	0.548	0.00228245  	0            	0          0.001248  	
0        	6       	0.644	0.0419009   	93.3923      	0.0204415  0.18866   	
0        	7       	0.932	0.0646146   	92.228       	0.0725229  1.31343   	
0        	8       	0.296	0.0374236   	93.0332      	0.02567    0.299879  	
0        	9       	0.322	0.057251    	92.0472      	0.0750563  1.27365   	
0        	10      	0.914	0.0758035   	91.7312      	0.0641926  0.789149  	
0        	11      	0.942	0.0531921   	91.6604      	0.0783628  1.46705   	
0        	12      	0.59 	0.0491332   	89.4748      	0.0964846  1.31017   	
0        	13      	0.83 	0.06389     	91.2155      	0.0741145  1.01084   	
0        	14      	0.626	0.056279    	91.4029      	0.0742087  1.19758   	
0        	15      	0.938	0.0372139   	91.6637      	0.0351989  0.337717  	
0        	16      	0.93 	0.05229     	92.1298      	0.0708443  1.15929   	
0        	17      	0.938	0.12388     	95.1462      	0.00833264 0.151205  	
0        	18      	0.682	0.119648    	91.4473      	0.0403156  0.563435  	
0        	19      	0.884	0.0551934   	92.0265      	0.0717454  1.34965   	
0        	20      	0.928	0.0429299   	90.0601      	0.106196   1.87417   	
