0        	1       	0.94 	0.0328681   	87.7436      	0.139864   2.24618   	
0        	2       	0.81 	0.0468005   	90.9562      	0.0895112  1.46365   	
0        	3       	0.87 	0.0387269   	90.6865      	0.0904814  1.76542   	
0        	4       	0.074	0.0622047   	90.4606      	0.0663875  0.748133  	
0        	5       	0.118	0.0644589   	89.4505      	0.0772456  0.660554  	
0        	6       	0.662	0.00544064  	0            	0          0.000576  	
0        	7       	0.89 	0.0764087   	92.7609      	0.0610756  1.01613   	
0        	8       	0.078	0.143297    	91.7239      	0.0349447  0.375941  	
0        	9       	0.062	0.0368139   	88.9931      	0.108979   1.68437   	
0        	10      	0.368	0.035038    	90.1548      	0.104215   2.02321   	
0        	11      	0.456	0.0746957   	91.9117      	0.0607533  1.1242    	
0        	12      	0.448	0.107937    	93.7596      	0.0354568  0.636451  	
0        	13      	0.108	0.0620003   	0            	0          0.000642  	
0        	14      	0.674	0.109016    	90.8957      	0.0384418  0.412777  	
0        	15      	0.054	0.0461172   	89.6809      	0.0993694  1.49643   	
0        	16      	0.914	0.00441547  	0            	0          0.000954  	
0        	17      	0.376	0.0887813   	92           	0.0532151  0.599173  	
0        	18      	0.068	0.0110841   	93.2424      	0.0194184  0.187625  	
0        	19      	0.854	0.0216181   	93.704       	0.026584   0.262277  	
0        	20      	0.846	0.0453429   	91.2158      	0.0869727  1.61711   	
