0        	1       	0.93 	0.0270285   	86.2592      	0.15666    2.51113   	
0        	2       	0.662	0.0310579   	87.3557      	0.147742   2.66727   	
0        	5       	0.476	0.0377777   	89.1888      	0.112178   1.68767   	
0        	14      	0.514	0.0280367   	86.9333      	0.154978   2.65436   	
0        	15      	0.958	0.0300767   	86.6183      	0.154663   2.09599   	
0        	18      	0.514	0.0311805   	88.5869      	0.126022   2.02154   	
0        	19      	0.94 	0.033954    	87.3162      	0.13898    1.95017   	
0        	20      	0.958	0.0268638   	85.6711      	0.175407   2.76058   	
8        	6       	0.49 	0.00353041  	12.431       	1.30469    16.2117   	
9        	7       	0.506	0.00353956  	12.6035      	1.30465    16.178    	
10       	3       	0.248	0.00491003  	36.1975      	0.939524   13.4177   	
11       	16      	0.69 	0.0035346   	12.5798      	1.30063    16.2335   	
13       	4       	0.065	0.00475136  	34.0629      	0.972792   13.4174   	
17       	12      	0.76 	0.00355552  	12.7616      	1.30369    16.234    	
