0        	1       	0.058	0.0448026   	90.0219      	0.104599   1.944     	
0        	2       	0.972	0.0312477   	87.2897      	0.141728   2.7965    	
0        	3       	0.662	0.0403007   	89.6329      	0.110759   1.94912   	
0        	6       	0.772	0.043729    	91.0438      	0.0886749  1.45832   	
0        	7       	0.884	0.036341    	88.9617      	0.119982   1.83206   	
0        	8       	0.69 	0.0375912   	88.9822      	0.122557   2.20651   	
0        	13      	0.94 	0.0431816   	91.3645      	0.0820629  1.31391   	
0        	14      	0.916	0.0338169   	88.2897      	0.133763   2.13531   	
0        	17      	0.914	0.0334557   	87.3383      	0.141839   2.02056   	
0        	19      	0.928	0.0642175   	92.6545      	0.0631796  0.973677  	
5        	18      	0.551	0.00353427  	12.5023      	1.30074    16.2468   	
10       	4       	0.785	0.00354031  	12.6522      	1.29985    16.1897   	
11       	9       	0.08 	0.00353649  	12.5968      	1.30082    16.2293   	
12       	15      	0.609	0.00353293  	12.5196      	1.29941    16.2621   	
20       	16      	0.705	0.00468372  	33.0649      	0.987101   13.5101   	
