0        	2       	0.944	0.0440005   	90.0353      	0.0994365  1.88936   	
0        	8       	0.914	0.023347    	84.1635      	0.196863   3.21936   	
0        	9       	0.948	0.103044    	94.0186      	0.0397878  0.748634  	
0        	10      	0.96 	0.0284365   	86.2411      	0.160766   2.3594    	
0        	11      	0.682	0.0528734   	90.9248      	0.089853   1.75919   	
0        	12      	0.674	0.0280636   	86.4425      	0.157786   2.60422   	
0        	15      	0.456	0.0573582   	90.401       	0.0638162  0.561525  	
0        	16      	0.81 	0.044587    	90.0351      	0.105482   1.90796   	
0        	18      	0.956	0.0322068   	87.8854      	0.140018   2.35826   	
0        	20      	0.972	0.0544798   	91.328       	0.0866578  1.52076   	
4        	1       	0.552	0.00729061  	55.6617      	0.645142   8.72638   	
4        	3       	0.476	0.00756595  	57.4868      	0.602682   8.52975   	
13       	7       	0.712	0.00688265  	53.4571      	0.668816   9.19948   	
13       	17      	0.791	0.00805239  	59.6083      	0.579016   7.96139   	
14       	6       	0.621	0.00459988  	31.9701      	1.00729    13.4372   	
19       	5       	0.681	0.00353486  	12.5533      	1.30373    16.2381   	
