0        	1       	0.466	0.0254773   	85.0374      	0.184117   3.06668   	
0        	3       	0.928	0.0287051   	87.6307      	0.141588   2.68841   	
0        	4       	0.938	0.0202098   	80.8853      	0.230753   2.51225   	
0        	7       	0.952	0.0311355   	86.632       	0.147138   2.06286   	
0        	8       	0.5  	0.0781258   	92.5659      	0.0549048  0.748109  	
0        	9       	0.514	0.0365062   	88.8511      	0.118015   2.0939    	
0        	14      	0.964	0.0303804   	87.1586      	0.148543   2.5463    	
0        	18      	0.94 	0.0575369   	92.6512      	0.0532522  0.711489  	
0        	19      	0.682	0.0417176   	89.8989      	0.106906   1.9443    	
2        	20      	0.615	0.00466883  	33.0363      	0.981997   13.4653   	
5        	16      	0.744	0.00353116  	12.4894      	1.30047    16.213    	
10       	11      	0.767	0.0035402   	12.6942      	1.30158    16.1995   	
12       	15      	0.058	0.00482545  	35.1219      	0.956851   13.4494   	
17       	6       	0.608	0.0092613   	64.8048      	0.500246   7.32637   	
17       	13      	0.778	0.00828296  	60.8123      	0.551388   8.04476   	
