0        	5       	0.06 	0           	96.4988      	0.00318289 0.000323  	
0        	8       	0.58 	0.02481     	86.1717      	0.166935   2.7665    	
0        	9       	0.952	0.0203717   	81.98        	0.231026   3.52042   	
0        	11      	0.952	0.000173823 	96.4287      	0.00324665 0.000331  	
0        	14      	0.938	0.0285513   	86.5408      	0.160375   2.40129   	
0        	16      	0.954	0.0402605   	89.6726      	0.112254   1.91043   	
0        	17      	0.952	0.0315903   	87.6015      	0.140744   2.172     	
0        	19      	0.866	0.0349794   	88.4033      	0.132706   2.49824   	
0        	20      	0.548	0.0274732   	85.8616      	0.171374   2.8418    	
2        	13      	0.71 	0.00354909  	12.8326      	1.29693    16.1528   	
3        	4       	0.678	0.00353367  	12.497       	1.30335    16.216    	
7        	6       	0.533	0.00726386  	55.6162      	0.642282   9.03781   	
7        	18      	0.65 	0.00790646  	58.8714      	0.593839   8.29798   	
10       	12      	0.78 	0.0035657   	13.0179      	1.30239    16.241    	
15       	1       	0.707	0.00352708  	12.3797      	1.30281    16.3216   	
