0        	4       	0.938	0.0250025   	84.364       	0.186313   2.65671   	
0        	6       	0.95 	0.0228538   	84.9885      	0.183912   2.79314   	
0        	7       	0.952	0.0448549   	90.1745      	0.0997175  1.68499   	
0        	8       	0.592	0.0286471   	89.9497      	0.107375   1.72111   	
0        	14      	0.95 	0.0917258   	92.9911      	0.047384   0.786074  	
0        	15      	0.83 	0.0517631   	91.054       	0.088574   1.64545   	
0        	16      	0.948	0.0245443   	84.9082      	0.183973   3.06908   	
0        	17      	0.948	0.0500813   	90.7831      	0.0887554  1.27429   	
0        	18      	0.938	0.054089    	91.0836      	0.0870996  1.49923   	
0        	20      	0.514	0.05656     	90.3081      	0.0855885  1.41766   	
1        	10      	0.56 	0.00760756  	57.5745      	0.610918   8.52223   	
1        	19      	0.56 	0.00742082  	56.4622      	0.627659   8.79204   	
2        	5       	0.112	0.00478887  	34.6411      	0.958796   13.4427   	
12       	9       	0.576	0.00473087  	33.7802      	0.979181   13.5501   	
13       	3       	0.581	0.00736397  	56.5851      	0.61835    8.8085    	
13       	11      	0.643	0.00769241  	57.7676      	0.609047   8.38664   	
