0        	1       	0.89 	0.0340402   	88.347       	0.133107   2.24689   	
0        	2       	0.944	0.0537728   	90.984       	0.0855081  1.46019   	
0        	3       	0.926	0.044834    	90.0688      	0.10257    1.71536   	
0        	4       	0.932	0.0286337   	87.9883      	0.135471   1.87679   	
0        	5       	1    	0.0301365   	93.1216      	0.0534242  0.785947  	
0        	6       	0.58 	0.0605676   	91.9461      	0.0751527  1.45841   	
0        	11      	0.534	0.056354    	91.2326      	0.0818107  1.4584    	
0        	16      	0.83 	0.0398341   	89.5606      	0.107159   1.79653   	
0        	17      	0.926	0.0833427   	93.0237      	0.0558366  1.19681   	
0        	18      	0.726	0.0350164   	88.3413      	0.130602   2.73115   	
0        	20      	0.948	0.0452892   	90.1998      	0.103738   1.87646   	
7        	10      	0.156	0.00355397  	12.8113      	1.29996    16.1575   	
9        	13      	0.429	0.00472331  	33.7138      	0.97493    13.4625   	
15       	8       	0.663	0.00810553  	60.2385      	0.57202    8.07439   	
15       	14      	0.498	0.00966267  	65.9951      	0.473505   7.52093   	
19       	12      	0.498	0.00469141  	33.2337      	0.98421    13.5547   	
