0        	3       	0.564	0.0402395   	89.2683      	0.116649   2.16983   	
0        	6       	0.628	0.0367362   	89.324       	0.116981   2.16687   	
0        	7       	0.476	0.0272725   	84.4642      	0.171496   2.00169   	
0        	8       	0.466	0.0269529   	88.0142      	0.135179   2.28183   	
0        	9       	0.718	0.0276064   	89.9373      	0.105447   2.09564   	
0        	10      	0.896	0.0340557   	87.9401      	0.136899   2.21052   	
0        	14      	0.58 	0.0335108   	88.3722      	0.12741    2.05637   	
0        	15      	0.942	0.0334384   	87.337       	0.141854   1.98517   	
0        	20      	0.87 	0.0435277   	89.9215      	0.105613   1.87462   	
5        	2       	0.072	0.00477657  	34.275       	0.973996   13.4357   	
11       	12      	0.367	0.00705462  	54.3006      	0.664906   8.18458   	
11       	16      	0.085	0.00698951  	54.0299      	0.657755   8.28903   	
13       	1       	0.694	0.0079065   	59.0359      	0.5809     8.08351   	
13       	17      	0.663	0.00697693  	53.833       	0.67192    9.01841   	
18       	4       	0.13 	0.000490052 	96.631       	0.00306269 0.000117  	
18       	19      	0.522	0.00353838  	12.5645      	1.30113    16.2691   	
