0        	1       	0.586	0.0728392   	92.9558      	0.0579505  1.05286   	
0        	3       	1    	0.0481912   	91.4541      	0.0846126  1.42273   	
0        	4       	0.794	0.0541183   	91.5082      	0.0784882  1.63885   	
0        	5       	0.718	0.0519142   	90.5458      	0.0867008  1.51162   	
0        	6       	0.772	0.0842635   	93.0222      	0.0573778  1.1602    	
0        	8       	0.548	0.0503739   	90.4357      	0.0921006  1.57014   	
0        	12      	0.944	0.0388253   	88.7153      	0.118258   1.53556   	
0        	13      	0.952	0.0459526   	90.5661      	0.0934049  1.27757   	
0        	14      	0.962	0.0204637   	88.0041      	0.138646   2.1485    	
0        	16      	0.896	0.157024    	95.5202      	0.0189286  0.376126  	
0        	17      	0.95 	0.0670086   	92.5469      	0.0657627  1.19975   	
0        	19      	0.846	0.030665    	86.6248      	0.152741   2.1383    	
0        	20      	0.626	0.0639036   	91.6757      	0.0749319  1.38485   	
10       	2       	0.79 	0.00687975  	53.5015      	0.662492   9.07959   	
10       	7       	0.737	0.00783887  	58.592       	0.594345   7.99922   	
15       	11      	0.084	0.00467381  	33.1248      	0.985192   13.487    	
18       	9       	0.078	0.00352604  	12.387       	1.30168    16.3362   	
