0        	3       	0.476	0.042411    	90.4977      	0.0903832  1.83681   	
0        	4       	0.296	0.0524435   	91.641       	0.0816549  1.5706    	
0        	5       	0.94 	0.0297788   	86.9898      	0.154307   2.32598   	
0        	7       	0.456	0.0495193   	90.8173      	0.0942593  2.09408   	
0        	9       	0.952	0.0242819   	84.6317      	0.18666    3.10465   	
0        	17      	0.94 	0.0266336   	87.6854      	0.140665   2.28258   	
0        	18      	0.96 	0.0351775   	87.8475      	0.132053   1.87432   	
0        	19      	0.938	0.0356858   	88.2667      	0.132651   2.46063   	
0        	20      	0.942	0.0706377   	92.1265      	0.0679625  1.34647   	
1        	10      	0.103	0.0069083   	53.7216      	0.669522   9.19067   	
1        	16      	0.069	0.0119291   	71.6763      	0.394059   6.12181   	
2        	6       	0.563	0.00488317  	35.6709      	0.950943   13.4955   	
2        	8       	0.629	0.00132864  	96.6331      	0.00305801 0.000211  	
11       	13      	0.279	0.00740077  	56.2491      	0.634468   8.55931   	
11       	15      	0.514	0.00734941  	56.3679      	0.622582   8.5739    	
14       	12      	0.373	0.00480576  	34.8094      	0.95672    13.4736   	
