0        	2       	0.476	0.0318792   	93.9671      	0.0393662  0.636048  	
0        	3       	1    	0.0438522   	89.4155      	0.107384   1.31384   	
0        	4       	0.94 	0.0271347   	94.3883      	0.0283597  0.411756  	
0        	5       	0.81 	0.030771    	87.1207      	0.15067    2.89295   	
0        	6       	0.958	0.0745465   	92.9869      	0.060562   1.00275   	
0        	7       	0.96 	0.0760624   	93.9104      	0.0457638  0.864296  	
0        	8       	0.542	0.114379    	94.2632      	0.0296285  0.411991  	
0        	11      	0.83 	0.0288836   	86.2819      	0.161922   2.54458   	
0        	14      	0.952	0.0490918   	90.3444      	0.0943198  1.46239   	
0        	15      	1    	0.0268938   	87.2287      	0.150748   2.17829   	
0        	16      	0.938	0.0923655   	93.9742      	0.0443305  0.463314  	
0        	17      	0.938	0.139374    	93.4589      	0.0371655  0.566977  	
0        	18      	0.53 	0.0387365   	90.4247      	0.0935356  1.68278   	
0        	19      	0.942	0.0504465   	91.0386      	0.0909477  1.75918   	
0        	20      	0.926	0.0219449   	0            	0          0.000668  	
9        	1       	0.577	0.00475028  	34.1429      	0.970259   13.5536   	
9        	12      	0.185	0.00332036  	96.6175      	0.00307503 0.000117  	
13       	10      	0.661	0.00479786  	34.7329      	0.955896   13.4983   	
