0        	2       	0.662	0.026059    	85.5027      	0.174239   2.58256   	
0        	5       	0.676	0.0289055   	86.4415      	0.163318   3.01437   	
0        	6       	0.952	0.0287055   	86.4249      	0.163191   2.63435   	
0        	9       	0.668	0.0427725   	90.4295      	0.0970968  1.87058   	
0        	12      	0.958	0.0364791   	88.5394      	0.127482   1.80272   	
0        	14      	0.068	0.0484355   	90.5453      	0.0923582  1.60805   	
0        	16      	0.676	0.0637713   	92.1375      	0.0720755  1.27441   	
0        	18      	0.962	0.0408761   	89.7777      	0.105447   1.7917    	
0        	20      	0.072	0.0396804   	89.673       	0.11225    1.83224   	
3        	19      	0.832	0.00480035  	34.6994      	0.960926   13.4799   	
7        	8       	0.785	0.00747521  	57.1105      	0.606756   8.55239   	
7        	11      	0.093	0.00743466  	56.4353      	0.632525   8.65352   	
10       	13      	0.691	0.00471421  	33.5832      	0.977031   13.4209   	
15       	4       	0.095	0.00478589  	34.6003      	0.960029   13.4784   	
17       	1       	0.703	0.00353809  	12.6057      	1.30331    16.196    	
