0        	1       	0.938	0.0384902   	88.4011      	0.12392    1.60936   	
0        	2       	0.93 	0.0841482   	94.7879      	0.029614   0.449147  	
0        	4       	0.972	0.0523859   	91.3487      	0.0845097  1.53079   	
0        	5       	0.592	0.0356181   	88.8115      	0.112194   1.57048   	
0        	6       	0.928	0.0515659   	91.2153      	0.075861   1.19724   	
0        	8       	0.682	0.0260841   	89.7504      	0.0958626  1.31877   	
0        	11      	0.938	0.0519869   	90.9669      	0.0916758  1.57566   	
0        	14      	0.938	0.0403293   	88.6693      	0.117569   1.61109   	
0        	15      	0.93 	0.0617401   	91.513       	0.0763968  1.50101   	
0        	16      	0.932	0.0494161   	90.833       	0.0930348  1.78731   	
0        	17      	0.626	0.0481437   	90.7335      	0.0935397  2.01333   	
0        	20      	0.932	0.0312946   	87.6172      	0.144687   2.62067   	
3        	13      	0.558	0.00353158  	12.4358      	1.30616    16.1907   	
12       	7       	0.472	0.00471312  	33.5424      	0.97714    13.4714   	
12       	10      	0.348	0.000807065 	96.5988      	0.00309195 0.000117  	
18       	9       	0.311	0.0069068   	53.6165      	0.666909   9.22743   	
18       	19      	0.821	0.0081005   	59.8443      	0.580865   7.92811   	
