0        	1       	0.948	0.0121737   	72.3082      	0.373561   5.69994   	
0        	10      	0.958	0.0105805   	68.7325      	0.439185   5.98397   	
0        	11      	0.956	0.00130459  	96.6263      	0.00306701 0.000183  	
0        	19      	0.682	0.0111882   	70.067       	0.4186     5.90588   	
0        	20      	0.922	0.00378384  	0            	0          0.000768  	
2        	7       	0.647	0.00473074  	33.8869      	0.970962   13.4888   	
3        	8       	0.07 	0.00354449  	12.7731      	1.29635    16.2493   	
9        	15      	0.635	0.00353944  	12.6264      	1.30129    16.2935   	
12       	13      	0.264	0.0082758   	60.7141      	0.553754   7.98157   	
12       	16      	0.455	0.00687974  	53.9326      	0.655173   9.36251   	
17       	5       	0.601	0.0100415   	66.9669      	0.467049   6.80318   	
17       	6       	0.719	0.00805039  	59.7909      	0.574157   8.44426   	
18       	4       	0.268	0.00868513  	62.6041      	0.527808   7.91311   	
18       	14      	0.091	0.0085002   	61.5853      	0.550956   7.81163   	
