0        	2       	0.476	0.0330692   	88.2633      	0.13255    2.44541   	
0        	4       	0.662	0.0324516   	87.5019      	0.146034   2.65448   	
0        	6       	0.564	0.0283869   	86.5651      	0.160806   2.91624   	
0        	9       	0.926	0.0391088   	89.1605      	0.118772   2.17125   	
0        	12      	0.958	0.023705    	83.9494      	0.197505   2.91834   	
0        	16      	0.95 	0.0280965   	87.832       	0.133116   2.42369   	
0        	20      	0.96 	0.0225973   	84.4208      	0.195829   2.81496   	
5        	1       	0.122	0.00763017  	57.46        	0.615599   8.26029   	
5        	14      	0.367	0.00705559  	54.6119      	0.649135   8.84656   	
7        	15      	0.631	0.00742959  	56.5395      	0.627577   8.66174   	
7        	17      	0.618	0.00749496  	56.9988      	0.616646   8.52158   	
8        	19      	0.82 	0.00353368  	12.4818      	1.30461    16.2024   	
11       	3       	0.15 	0.0074353   	56.755       	0.616571   8.94454   	
11       	10      	0.18 	0.00791459  	59.0552      	0.590491   8.41362   	
18       	13      	0.664	0.00471166  	33.4979      	0.981045   13.5037   	
