0        	1       	0.938	0.0772211   	92.7653      	0.0595179  1.12386   	
0        	3       	0.954	0.0358796   	88.7274      	0.127134   2.24917   	
0        	4       	0.922	0.0362983   	89.8227      	0.109696   1.98859   	
0        	6       	0.456	0.0432663   	92.0391      	0.0654617  1.19698   	
0        	8       	0.932	0.0374675   	92.7127      	0.0590067  0.824056  	
0        	9       	0.456	0.0720504   	92.3694      	0.0681597  1.19678   	
0        	12      	0.87 	0.0313414   	89.8349      	0.102434   1.96759   	
0        	14      	0.95 	0.0256746   	85.5796      	0.165709   2.21277   	
0        	15      	0.776	0.0636431   	91.2622      	0.0754233  1.12366   	
0        	16      	0.896	0.031562    	87.3238      	0.148882   2.6196    	
0        	17      	0.89 	0.0738673   	92.6143      	0.0607595  1.08642   	
0        	19      	0.592	0.0745448   	92.3564      	0.0611489  0.936765  	
2        	13      	0.213	0.00472813  	33.6506      	0.985087   13.4211   	
7        	18      	0.092	0.00464019  	32.6028      	0.991179   13.5108   	
10       	11      	0.372	0.00477683  	34.4226      	0.963928   13.4986   	
20       	5       	0.502	0.00464286  	32.6183      	0.992202   13.4592   	
