0        	1       	0.826	0.0780391   	94.0617      	0.0392263  0.636539  	
0        	2       	0.686	0.0303056   	86.8391      	0.154574   2.58203   	
0        	5       	0.906	0.0403972   	89.6601      	0.111448   1.90977   	
0        	7       	0.922	0.0640866   	92.2683      	0.0695982  1.39064   	
0        	10      	0.514	0.0869248   	93.0124      	0.0542722  1.3196    	
0        	12      	0.942	0.0294339   	86.7212      	0.160533   2.63285   	
0        	14      	0.93 	0.0376514   	88.4355      	0.12119    1.5379    	
0        	15      	0.914	0.0381815   	89.6037      	0.108983   1.83501   	
0        	16      	0.466	0.0391252   	91.9078      	0.0728429  1.3463    	
0        	19      	0.938	0.0283184   	86.3275      	0.161384   2.39953   	
0        	20      	0.676	0.0886025   	93.3976      	0.0494331  1.05479   	
3        	11      	0.79 	0.00801713  	59.3453      	0.586074   8.11101   	
3        	13      	0.69 	0.00713294  	55.1232      	0.639459   9.1312    	
4        	18      	0.305	0.00353791  	12.5969      	1.29906    16.2101   	
6        	9       	0.29 	0.00354992  	12.8928      	1.29561    16.2754   	
17       	8       	0.757	0.00487131  	35.7637      	0.944963   13.4886   	
