0        	2       	0.938	0.035591    	88.0716      	0.131712   2.16971   	
0        	4       	0.476	0.0936606   	91.9821      	0.0517282  0.763607  	
0        	5       	0.954	0.0524519   	93.4442      	0.0484183  0.749923  	
0        	7       	0.482	0.0294199   	91.4427      	0.0847252  1.45804   	
0        	9       	0.906	0.0287278   	87.3949      	0.14163    2.44067   	
0        	10      	0.958	0.0303604   	88.439       	0.112933   1.16199   	
0        	11      	0.93 	0.0526236   	92.3288      	0.0613984  1.08631   	
0        	12      	0.69 	0.0404389   	88.6317      	0.113958   1.64665   	
0        	16      	0.944	0.0434931   	89.7766      	0.109225   1.90974   	
0        	17      	0.58 	0.0380536   	87.8249      	0.118932   1.49587   	
0        	18      	0.948	0.0319693   	86.7314      	0.140409   1.64879   	
0        	20      	0.622	0.0290496   	88.7011      	0.127431   1.98152   	
8        	3       	0.526	0.00768212  	58.0843      	0.591127   8.52101   	
8        	13      	0.633	0.00735267  	55.9951      	0.638589   8.7411    	
14       	1       	0.193	0.00353434  	12.5255      	1.30119    16.1593   	
19       	6       	0.272	0.0078223   	58.5276      	0.600346   8.40535   	
19       	15      	0.664	0.00733015  	56.1012      	0.629708   8.98231   	
