0        	5       	0.846	0.00282097  	96.539       	0.00314634 0.000117  	
0        	7       	0.83 	0.010291    	67.8889      	0.448917   6.43865   	
0        	9       	0.54 	0.000412249 	96.5984      	0.00309234 0.000117  	
0        	10      	0.592	0.0023545   	96.5816      	0.00310762 0.000117  	
0        	11      	0.944	0.0123945   	72.9413      	0.373622   5.5339    	
0        	18      	0.88 	0.0116926   	71.1003      	0.402231   5.68292   	
4        	16      	0.095	0.0035335   	12.5072      	1.29937    16.2631   	
13       	2       	0.068	0.00354252  	12.7695      	1.29823    16.1494   	
14       	8       	0.595	0.00468207  	33.0654      	0.988154   13.4986   	
17       	1       	0.623	0.00468967  	33.2267      	0.981162   13.4445   	
17       	3       	0.567	0.000814573 	96.6397      	0.00305483 0.000117  	
19       	6       	0.098	0.0047753   	34.5352      	0.958051   13.4773   	
20       	12      	0.727	0.0074562   	56.7511      	0.620725   8.56243   	
20       	15      	0.622	0.00749523  	56.885       	0.624811   8.63095   	
