0        	11      	0.938	0.0158088   	78.1915      	0.288552   4.45007   	
0        	15      	0.662	0.0160824   	78.2784      	0.289988   4.56062   	
0        	18      	0.954	0.0157982   	77.8271      	0.291525   4.07532   	
0        	20      	0.478	0.0139313   	75.4461      	0.329076   4.96805   	
1        	3       	0.35 	0.00773721  	58.3774      	0.589855   8.25283   	
1        	8       	0.724	0.00709743  	54.5111      	0.661424   8.82092   	
9        	6       	0.21 	0.00354452  	12.7217      	1.29981    16.1757   	
10       	5       	0.695	0.0070006   	54.2825      	0.649096   8.65015   	
10       	14      	0.601	0.00736621  	56.0344      	0.63824    8.21453   	
12       	2       	0.442	0.00888415  	63.2755      	0.523814   7.89843   	
12       	7       	0.715	0.00918637  	64.1896      	0.511665   7.68094   	
16       	4       	0.409	0.00831355  	60.8337      	0.561989   7.96354   	
16       	13      	0.189	0.00945721  	65.788       	0.476506   7.52234   	
17       	19      	0.653	0.00353863  	12.6386      	1.29953    16.2364   	
