0        	2       	0.476	0.00752016  	57.129       	0.620836   8.40986   	
0        	3       	0.894	0.00228785  	96.576       	0.00311274 0.000249  	
0        	4       	0.952	0.000714543 	0            	0          0.000388  	
0        	5       	0.96 	0.00515282  	0            	0          0.000512  	
0        	6       	0.954	0.00138175  	0            	0          0.000388  	
0        	7       	0.6  	0           	0            	0          0.000148  	
0        	8       	0.948	0.00554476  	0            	0          0.000256  	
0        	10      	0.914	0.000438115 	96.6201      	0.00307267 0.000117  	
0        	11      	0.96 	0.00730487  	55.8706      	0.635715   8.69684   	
0        	12      	0.83 	0.0023098   	0            	0          0.000322  	
0        	13      	0.466	0.0040754   	0            	0          0.000388  	
0        	14      	0.914	0.00611241  	0            	0          0.000454  	
0        	18      	0.826	0.000863891 	96.5812      	0.0031052  0.000373  	
17       	9       	0.299	0.00489131  	35.9012      	0.944767   13.4494   	
19       	15      	0.669	0.00757947  	57.483       	0.607386   8.6156    	
19       	16      	0.509	0.00759229  	57.2834      	0.618243   8.6308    	
20       	1       	0.197	0.00355179  	12.5696      	1.31351    16.1697   	
