0        	1       	0.94 	0.0371822   	88.3959      	0.126095   1.76455   	
0        	4       	0.986	0.0535741   	91.0462      	0.0897861  1.38583   	
0        	6       	0.826	0.0494108   	91.573       	0.0727723  1.12434   	
0        	10      	0.58 	0.0392235   	89.2375      	0.114984   1.94772   	
0        	11      	0.826	0.0402511   	91.2742      	0.085238   1.57398   	
0        	12      	0.482	0.0501559   	92.1424      	0.0662945  1.15956   	
0        	13      	0.922	0.0459175   	91.6558      	0.0815094  1.27997   	
0        	14      	0.592	0.0527611   	90.9229      	0.0847009  1.386     	
0        	15      	0.54 	0.0300754   	87.584       	0.135579   2.55574   	
0        	18      	0.922	0.0367959   	88.3846      	0.127753   1.82898   	
0        	19      	0.942	0.0305426   	93.0017      	0.0580898  0.863783  	
0        	20      	0.8  	0.0204582   	90.9438      	0.0873589  1.27059   	
2        	7       	0.402	0.00353089  	12.5075      	1.30168    16.3133   	
5        	3       	0.08 	0.00472009  	33.7058      	0.975048   13.4228   	
8        	17      	0.727	0.00469687  	33.3404      	0.982283   13.5203   	
16       	9       	0.497	0.00352833  	12.4053      	1.30423    16.2995   	
