0        	1       	0.718	0.0020983   	0            	0          0.000348  	
0        	6       	0.952	0.000643299 	96.6045      	0.0030868  0.000183  	
0        	7       	0.932	0.00135657  	96.5853      	0.00310424 0.00022   	
0        	8       	0.952	0.01287     	73.8168      	0.349471   5.44429   	
0        	13      	0.932	0.00117036  	96.5871      	0.0031026  0.00022   	
0        	15      	0.58 	0.00156933  	0            	0          0.000414  	
0        	17      	1    	0.0107643   	69.2083      	0.425804   5.98299   	
0        	20      	0.96 	0.010707    	68.8522      	0.436895   6.17054   	
9        	5       	0.614	0.00464049  	32.8306      	0.992309   13.4912   	
10       	2       	0.622	0.0035355   	12.5162      	1.30465    16.3123   	
11       	4       	0.607	0.00774469  	58.3087      	0.596709   8.40537   	
11       	12      	0.805	0.00718742  	55.3023      	0.638104   8.81002   	
16       	3       	0.7  	0.00742443  	56.5749      	0.623853   8.39751   	
16       	14      	0.709	0.00726197  	55.8341      	0.626638   8.7411    	
19       	18      	0.653	0.00488316  	35.6496      	0.947579   13.3879   	
