0        	1       	0.776	0.0499708   	92.4922      	0.064834   1.19742   	
0        	3       	0.826	0.0354763   	87.8259      	0.132327   1.7607    	
0        	8       	0.956	0.0450555   	90.3025      	0.102651   1.98533   	
0        	9       	0.54 	0.0336808   	88.2004      	0.126586   2.20643   	
0        	10      	0.466	0.0253886   	89.4912      	0.114226   1.75962   	
0        	12      	0.662	0.0631973   	92.0357      	0.0716916  1.45964   	
0        	14      	0.69 	0.0440065   	91.0264      	0.0899839  1.38759   	
0        	16      	0.476	0.0351031   	88.0772      	0.135336   2.25727   	
0        	19      	0.564	0.0552271   	91.4532      	0.0783485  1.49618   	
0        	20      	0.938	0.0241044   	84.9738      	0.185546   3.03707   	
6        	15      	0.068	0.00355508  	12.7019      	1.31035    16.2707   	
7        	5       	0.494	0.00478642  	34.6146      	0.963193   13.4786   	
11       	2       	0.645	0.00473989  	33.9397      	0.976096   13.4807   	
13       	4       	0.754	0.00354466  	12.6714      	1.30151    16.1639   	
18       	17      	0.077	0.00470394  	33.4386      	0.977951   13.4366   	
