0        	1       	0.96 	0.0345796   	88.5791      	0.127041   1.98738   	
0        	2       	0.156	0.0475919   	89.9399      	0.0995697  1.72092   	
0        	4       	0.866	0.0606884   	93.9709      	0.0431088  0.765031  	
0        	5       	0.456	0.0296811   	88.9381      	0.123047   2.13127   	
0        	6       	0.912	0.0604185   	91.5215      	0.07632    1.27269   	
0        	7       	0.456	0.0352608   	89.0112      	0.08254    0.86049   	
0        	8       	1    	0.0351516   	87.5282      	0.132018   1.72624   	
0        	10      	0.938	0.055906    	91.6398      	0.0705035  0.974363  	
0        	11      	0.896	0.0422027   	90.1945      	0.065189   0.747326  	
0        	12      	0.938	0.0449697   	91.8166      	0.0753534  1.84113   	
0        	13      	0.476	0.00234935  	0            	0          0.000486  	
0        	15      	0.906	0.0252576   	92.1689      	0.0665624  1.12281   	
0        	16      	0.944	0.00234912  	0            	0          0.00042   	
0        	17      	0.96 	0.0394095   	86.0288      	0.117822   0.830305  	
0        	18      	0.948	0.137078    	92.5399      	0.0314994  0.375161  	
0        	19      	0.956	0.0370755   	88.7346      	0.126197   2.06401   	
0        	20      	0.958	0.0103116   	92.9238      	0.0172731  0.07539   	
9        	3       	0.356	0.00776313  	58.3496      	0.602703   8.46961   	
9        	14      	0.524	0.00739869  	56.4572      	0.621868   8.94031   	
