0        	4       	0.948	0.0377811   	92.2071      	0.0492655  0.528326  	
0        	5       	0.466	0.0143645   	92.8771      	0.0359971  0.299993  	
0        	6       	0.954	0.0266099   	83.6185      	0.176514   1.72404   	
0        	7       	1    	0.0668655   	92.4045      	0.0607924  0.939055  	
0        	9       	0.564	0.038167    	89.2225      	0.119004   1.98128   	
0        	11      	0.906	0.0295178   	86.6333      	0.15999    2.58605   	
0        	13      	0.772	0.0354799   	90.9269      	0.0860496  1.1983    	
0        	14      	0.676	0.0355671   	91.527       	0.0472764  0.494802  	
0        	16      	0.078	0.0650305   	92.7956      	0.0622142  1.19684   	
0        	18      	0.998	0.0426951   	89.6534      	0.108428   1.76188   	
0        	19      	0.972	0.0193087   	81.6009      	0.232061   3.67799   	
0        	20      	0.736	0.0365525   	88.9723      	0.120834   1.83505   	
2        	12      	0.399	0.00354553  	12.7288      	1.3007     16.241    	
3        	10      	0.388	0.0035353   	12.5339      	1.30285    16.2936   	
8        	1       	0.096	0.00469968  	33.2797      	0.986044   13.4076   	
15       	17      	0.567	0.00356126  	12.8679      	1.30592    16.1821   	
