0        	1       	0.942	0.00512406  	0            	0          0.000264  	
0        	2       	0.5  	0.00340902  	96.3957      	0.00327665 0.000154  	
0        	3       	0.954	0.000406092 	0            	0          0.000396  	
0        	4       	0.958	0.0261267   	85.3665      	0.178759   2.68815   	
0        	5       	0.958	0.02422     	85.4429      	0.17645    2.8047    	
0        	7       	0.914	0.0163575   	78.5333      	0.283304   3.84978   	
0        	8       	0.772	0.00283364  	0            	0          0.00033   	
0        	9       	0.96 	0.0231706   	83.9079      	0.198891   2.96539   	
0        	10      	0.954	0.0305844   	87.0145      	0.153275   2.61823   	
0        	13      	1    	0.00187858  	96.3773      	0.00329337 0.000117  	
0        	14      	0.572	0.00970618  	0            	0          0.00033   	
0        	15      	0.682	0.0272851   	86.041       	0.16942    2.98444   	
0        	17      	0.952	0.00453271  	0            	0          0.00033   	
0        	18      	0.95 	0.00215883  	0            	0          0.00033   	
12       	6       	0.08 	0.000504527 	96.6308      	0.00306288 0.000183  	
12       	16      	0.54 	0.00472775  	33.6614      	0.981162   13.5086   	
20       	11      	0.379	0.00940193  	64.9526      	0.49842    7.73731   	
20       	19      	0.098	0.00869939  	62.5942      	0.533293   7.84566   	
