0        	1       	0.564	0.033616    	88.6802      	0.120584   2.46605   	
0        	5       	0.944	0.02354     	84.0304      	0.199154   3.10805   	
0        	8       	0.928	0.0206388   	82.5781      	0.22225    3.33236   	
0        	10      	0.928	0.0219731   	83.4928      	0.208914   3.44294   	
0        	11      	0.466	0.0527063   	90.7277      	0.0905433  1.64648   	
0        	12      	0.856	0.040977    	90.9573      	0.0915635  1.30928   	
0        	15      	0.564	0.050355    	90.701       	0.0932146  1.6081    	
0        	18      	0.948	0.0296354   	89.6565      	0.106175   1.57682   	
2        	9       	0.617	0.00748782  	56.931       	0.623254   8.29766   	
2        	17      	0.322	0.00714927  	55.1686      	0.635715   8.86773   	
4        	13      	0.634	0.00355305  	12.8626      	1.29689    16.1487   	
6        	20      	0.468	0.00355449  	12.6257      	1.30904    16.186    	
16       	3       	0.514	0.00764855  	57.6765      	0.611593   8.777     	
16       	14      	0.312	0.00764087  	57.9711      	0.592127   8.64322   	
19       	7       	0.297	0.00482659  	35.0621      	0.952872   13.4339   	
