0        	2       	0.946	0.0194472   	81.3266      	0.242153   3.85163   	
0        	7       	0.102	0.0242584   	84.7612      	0.184145   3.34305   	
0        	11      	0.948	0.030332    	87.0495      	0.152103   2.41208   	
0        	13      	0.96 	0.0460425   	91.4202      	0.0849489  1.6465    	
0        	16      	0.948	0.0298661   	87.1531      	0.151639   2.54751   	
0        	17      	0.88 	0.0404081   	89.4196      	0.113038   1.94444   	
0        	20      	0.94 	0.0275021   	85.8637      	0.170654   2.76718   	
1        	15      	0.248	0.00456639  	31.5114      	1.01142    13.4732   	
4        	10      	0.572	0.00763794  	57.5573      	0.61476    8.28725   	
4        	19      	0.757	0.00712684  	54.9454      	0.645317   8.83146   	
6        	18      	0.506	0.00353705  	12.4939      	1.30335    16.2164   	
8        	3       	0.519	0.00727919  	55.5793      	0.644      8.58218   	
8        	14      	0.519	0.00740342  	56.6672      	0.616407   8.42437   	
12       	5       	0.408	0           	96.6104      	0.00308147 0.000249  	
12       	9       	0.651	0.00354112  	12.5808      	1.30209    16.1745   	
