0        	1       	0.476	0.0774357   	92.7643      	0.0624571  1.19698   	
0        	2       	0.928	0.0473022   	90.3025      	0.099544   1.68543   	
0        	3       	0.592	0.0822195   	92.7265      	0.0582152  1.0092    	
0        	5       	0.572	0.0478954   	91.1712      	0.0837325  1.35018   	
0        	6       	0.728	0.0775106   	92.9036      	0.0551173  1.05008   	
0        	8       	1    	0.0515792   	90.3142      	0.0918611  1.13298   	
0        	10      	0.456	0.0702179   	92.6432      	0.064913   1.19973   	
0        	11      	0.476	0.0493452   	91.1628      	0.0874973  1.61024   	
0        	12      	0.956	0.0519044   	90.9993      	0.0913464  1.49864   	
0        	13      	0.972	0.0384146   	90.7036      	0.0934467  1.72413   	
0        	14      	0.476	0.0558426   	90.6394      	0.0808342  1.34861   	
0        	15      	0.932	0.0545869   	92.8222      	0.0633331  1.1652    	
0        	17      	0.954	0.0349894   	89.5772      	0.112342   1.69302   	
0        	18      	0.954	0.0443495   	92.2334      	0.0638932  0.899959  	
9        	4       	0.218	0.00489898  	36.0895      	0.939861   13.5131   	
16       	20      	0.061	0.00353428  	12.5467      	1.306      16.1722   	
19       	7       	0.317	0.00353693  	12.5348      	1.30274    16.2532   	
