0        	1       	0.894	0.000999701 	96.6104      	0.00308147 0.000183  	
0        	2       	0.948	0.000793418 	96.6766      	0.00302124 0.000228  	
0        	3       	0.682	0.00720561  	55.2204      	0.650263   8.78362   	
0        	5       	0.476	0.0049684   	0            	0          0.000388  	
0        	6       	0.794	0.00187844  	96.5902      	0.00309981 0.000183  	
0        	7       	1    	0.00766106  	57.8405      	0.599524   8.27679   	
0        	8       	0.748	0.00828727  	0            	0          0.000388  	
0        	11      	0.87 	0.00359965  	0            	0          0.000768  	
0        	12      	0.59 	0.00512663  	96.6204      	0.00307239 0.000117  	
0        	15      	0.952	0.00339652  	0            	0          0.000512  	
0        	17      	0.926	0.00229567  	0            	0          0.000454  	
0        	19      	0.476	0.00407552  	0            	0          0.000388  	
0        	20      	0.772	0.00459871  	96.5921      	0.00309809 0.00022   	
4        	14      	0.782	0.00716761  	55.0898      	0.651446   8.65094   	
4        	16      	0.499	0.00743588  	56.7749      	0.618233   8.47518   	
9        	18      	0.095	0.00455865  	31.4531      	1.00827    13.447    	
10       	13      	0.073	0.00355306  	12.7689      	1.30178    16.1802   	
