0        	3       	0.674	0.0590377   	91.6602      	0.077821   1.53314   	
0        	5       	0.932	0.0754922   	92.7583      	0.059575   1.04942   	
0        	6       	0.942	0.075864    	92.8591      	0.0637852  1.05013   	
0        	7       	0.938	0.0267486   	89.4131      	0.10846    1.74952   	
0        	8       	0.524	0.0423239   	89.6276      	0.112743   1.90678   	
0        	9       	0.948	0.0405263   	89.3468      	0.105477   1.3126    	
0        	11      	0.942	0.0265716   	85.9982      	0.146732   1.53879   	
0        	12      	0.93 	0.097584    	93.4683      	0.0473309  0.824695  	
0        	15      	0.93 	0.0632768   	91.2308      	0.0681335  1.04719   	
0        	16      	0.948	0.0242506   	92.3122      	0.068198   0.976309  	
0        	17      	1    	0.0266079   	85.5308      	0.175384   2.51435   	
0        	18      	0.77 	0.0546139   	92.415       	0.0668982  1.64566   	
0        	20      	0.674	0.0626293   	91.1143      	0.0777061  1.2155    	
1        	13      	0.765	0.00354349  	12.5272      	1.31039    16.2748   	
1        	14      	0.693	0.00274383  	96.6407      	0.0030539  0.000117  	
2        	10      	0.62 	0.00353522  	12.5061      	1.30284    16.1797   	
4        	19      	0.077	0.00353477  	12.5554      	1.30166    16.1872   	
