0        	3       	0.884	0.034236    	88.0599      	0.132634   2.48815   	
0        	4       	0.682	0.0380259   	88.9626      	0.124186   2.00734   	
0        	7       	0.928	0.0353491   	88.523       	0.128567   1.94986   	
0        	8       	0.932	0.0557814   	91.0984      	0.085687   1.57073   	
0        	10      	0.95 	0.0219829   	84.4591      	0.189447   2.95621   	
0        	12      	0.936	0.0211311   	83.5073      	0.208148   2.96127   	
0        	15      	0.92 	0.038198    	90.066       	0.099855   1.57335   	
0        	20      	0.87 	0.0268692   	85.3587      	0.174462   2.65575   	
1        	6       	0.658	0.00804044  	59.7831      	0.572462   8.27771   	
1        	14      	0.724	0.00850607  	61.5923      	0.550855   7.69985   	
5        	13      	0.731	0.0035472   	12.8007      	1.29941    16.2434   	
9        	2       	0.442	0           	96.6452      	0.0030498  0.000117  	
9        	16      	0.486	0.00470851  	33.4529      	0.982312   13.4987   	
18       	11      	0.6  	0.00353747  	12.6166      	1.30121    16.2609   	
19       	17      	0.188	0.00355196  	12.9466      	1.29831    16.1149   	
