0        	3       	0.936	0.0829712   	93.382       	0.0460568  0.716931  	
0        	4       	1    	0.0484494   	90.4116      	0.0992127  1.36876   	
0        	5       	0.772	0.11613     	94.1785      	0.0353245  0.561284  	
0        	7       	0.826	0.0323957   	87.0731      	0.143792   1.87452   	
0        	8       	0.674	0.0519596   	90.974       	0.0916031  1.61126   	
0        	9       	0.69 	0.0510847   	90.8748      	0.0903488  1.46116   	
0        	10      	0.94 	0.0370255   	88.7609      	0.125902   2.13359   	
0        	11      	0.884	0.0332299   	88.9379      	0.120897   2.24618   	
0        	12      	1    	0.0306165   	87.9094      	0.137249   2.09601   	
0        	13      	0.954	0.0478773   	89.9133      	0.0941213  1.38643   	
0        	19      	0.466	0.0499244   	90.3253      	0.0957887  1.68261   	
0        	20      	0.952	0.0553599   	92.9636      	0.0573049  1.0594    	
2        	1       	0.318	0.00183116  	96.6233      	0.00306974 0.000117  	
2        	17      	0.734	0.00461346  	31.9626      	1.00839    13.4581   	
6        	15      	0.77 	0.0101035   	67.1308      	0.46316    6.92603   	
6        	18      	0.673	0.00797848  	59.649       	0.572997   8.45098   	
14       	16      	0.607	0.00476709  	34.3175      	0.970084   13.4837   	
