0        	2       	0.894	0.0339214   	88.1588      	0.136071   2.17196   	
0        	4       	0.94 	0.0399853   	91.6474      	0.0792167  1.42212   	
0        	7       	0.998	0.0215393   	88.4028      	0.125      1.57776   	
0        	8       	0.894	0.0353393   	88.3093      	0.130961   2.30403   	
0        	9       	0.942	0.0489995   	90.4583      	0.0956812  1.38927   	
0        	11      	0.542	0.057094    	91.0159      	0.0775825  1.12312   	
0        	12      	0.644	0.0412239   	89.0892      	0.115458   1.61013   	
0        	13      	0.926	0.0393154   	90.5207      	0.0934073  1.95173   	
0        	14      	0.514	0.0763244   	92.7542      	0.0611326  1.38384   	
0        	15      	0.946	0.0423031   	89.6621      	0.106117   1.76161   	
0        	16      	0.682	0.0797246   	93.13        	0.0456986  0.785605  	
0        	18      	0.456	0.0612519   	91.5843      	0.0692015  1.12258   	
1        	20      	0.067	0.00353246  	12.5068      	1.30285    16.2976   	
6        	5       	0.781	0.00353999  	12.6637      	1.29784    16.2533   	
17       	3       	0.063	0.00353431  	12.4958      	1.30051    16.2112   	
19       	10      	0.373	0.0035292   	12.4263      	1.30247    16.2779   	
