0        	1       	0.532	0.0847697   	92.1646      	0.0567491  0.936771  	
0        	2       	0.938	0.0332236   	87.6771      	0.129138   1.83404   	
0        	5       	0.532	0.0470543   	90.5552      	0.0980002  1.68262   	
0        	6       	0.81 	0.0592642   	92.6324      	0.0636233  1.12426   	
0        	8       	0.94 	0.0430683   	91.8362      	0.078614   1.53835   	
0        	9       	0.514	0.0381665   	89.5782      	0.105453   2.05345   	
0        	11      	0.96 	0.0404215   	88.8519      	0.116864   1.73046   	
0        	13      	0.928	0.0422929   	90.5484      	0.0959233  1.70359   	
0        	14      	0.958	0.0331241   	86.8951      	0.139966   1.61143   	
0        	15      	0.942	0.037297    	89.2081      	0.100663   1.20029   	
0        	16      	0.564	0.0450072   	90.187       	0.102868   1.90695   	
0        	18      	0.682	0.0592079   	91.0365      	0.0833112  1.09319   	
10       	3       	0.705	0.00880893  	62.867       	0.531382   8.03087   	
10       	7       	0.652	0.00723154  	55.4773      	0.643497   9.60644   	
12       	4       	0.598	0.0070913   	54.5399      	0.659019   8.918     	
12       	20      	0.627	0.00786563  	58.9147      	0.581395   8.21556   	
19       	17      	0.304	0.00353323  	12.4347      	1.303      16.1907   	
