0        	3       	0.564	0.0223648   	92.9833      	0.0582679  0.709789  	
0        	4       	0.476	0.0437013   	90.0018      	0.106818   1.72125   	
0        	6       	0.956	0.0285169   	86.1442      	0.165918   2.44706   	
0        	7       	0.94 	0.0254641   	85.076       	0.181263   2.99537   	
0        	8       	0.662	0.0447427   	91.784       	0.0724638  1.12279   	
0        	9       	0.956	0.0434294   	91.1975      	0.0821383  1.12526   	
0        	10      	0.954	0.0461072   	91.0784      	0.0905442  1.53429   	
0        	11      	0.942	0.0410393   	89.4281      	0.110824   1.6101    	
0        	17      	0.686	0.0651097   	92.1887      	0.0703145  1.61091   	
0        	18      	0.958	0.039225    	90.2936      	0.0967634  1.22853   	
0        	19      	0.74 	0.0403347   	89.4517      	0.114918   2.03072   	
12       	5       	0.679	0.00752952  	57.2395      	0.612849   8.60154   	
12       	20      	0.707	0.00746221  	56.6005      	0.629197   8.63186   	
13       	1       	0.826	0.00353371  	12.4947      	1.30469    16.1984   	
15       	14      	0.651	0.00352284  	12.3157      	1.30166    16.2339   	
16       	2       	0.303	0.00353926  	12.5787      	1.30156    16.2995   	
