0        	1       	0.94 	0.05261     	90.9994      	0.0879221  1.46056   	
0        	2       	0.674	0.13113     	94.6148      	0.039419   0.823094  	
0        	3       	0.548	0.0577677   	91.2692      	0.0800668  1.19662   	
0        	8       	0.952	0.0482809   	91.599       	0.0741264  1.08508   	
0        	10      	0.942	0.0288423   	85.7854      	0.164703   2.08986   	
0        	12      	0.456	0.0267786   	85.6657      	0.165698   3.07145   	
0        	13      	0.938	0.027558    	86.7936      	0.156634   2.61761   	
0        	14      	0.948	0.0355009   	88.7268      	0.124477   1.94876   	
0        	16      	0.998	0.0151981   	78.2032      	0.290992   4.04098   	
4        	11      	0.07 	0.00354649  	12.5061      	1.30941    16.2286   	
5        	17      	0.637	0.00470397  	33.4215      	0.978961   13.4279   	
6        	7       	0.092	0.00353938  	12.5688      	1.30553    16.2515   	
15       	9       	0.617	0.00762873  	57.7198      	0.598947   8.56789   	
15       	18      	0.465	0.00751597  	56.9876      	0.620986   8.72953   	
20       	19      	0.681	0.00481712  	34.8721      	0.958207   13.4872   	
