0        	1       	0.922	0.0298352   	90.2811      	0.0986355  1.42552   	
0        	4       	0.59 	0.0425043   	89.8698      	0.108228   2.13302   	
0        	6       	0.736	0.0377277   	89.711       	0.105791   2.16878   	
0        	12      	0.678	0.0331541   	87.7238      	0.141402   2.63421   	
0        	14      	0.952	0.0418458   	89.4682      	0.111483   1.98173   	
0        	17      	0.922	0.0244796   	84.3372      	0.189081   2.66198   	
0        	18      	0.924	0.0743973   	93.1415      	0.0578651  1.12491   	
0        	19      	0.938	0.0437418   	89.6756      	0.107127   1.72574   	
0        	20      	0.928	0.025115    	85.7156      	0.172138   2.75777   	
3        	2       	0.661	0.00478278  	34.4967      	0.966125   13.4959   	
9        	7       	0.617	0.00693765  	50.4035      	0.654041   8.9658    	
9        	16      	0.771	0.00764268  	54.4614      	0.618767   8.1022    	
10       	8       	0.627	0.00353457  	12.4939      	1.30208    16.2316   	
11       	15      	0.726	0.0047783   	34.3986      	0.963877   13.3877   	
13       	5       	0.058	0.00354106  	12.5771      	1.30296    16.2024   	
