0        	3       	0.96 	0.0183228   	80.4866      	0.254017   3.68256   	
0        	12      	0.954	0.0206583   	88.1085      	0.136649   2.20989   	
0        	15      	0.826	0.0149647   	76.6979      	0.313801   4.56269   	
0        	18      	0.954	0.018841    	80.7938      	0.249062   3.74349   	
0        	20      	0.948	0.0188055   	81.9199      	0.220158   3.61158   	
2        	4       	0.094	0.00753953  	57.2084      	0.6207     8.50161   	
2        	5       	0.172	0.00734573  	56.2962      	0.618905   8.67154   	
8        	7       	0.571	0.0079575   	59.1403      	0.58989    8.53166   	
8        	14      	0.737	0.0074376   	56.8094      	0.621382   8.91358   	
10       	1       	0.633	0.0074771   	56.8628      	0.617153   8.5822    	
10       	6       	0.237	0.00741917  	56.7085      	0.626311   8.60729   	
13       	9       	0.08 	0.00465161  	32.7636      	0.989171   13.5067   	
16       	17      	0.803	0.00461579  	32.345       	0.996347   13.5013   	
19       	11      	0.106	0.00356352  	12.874       	1.30772    16.1826   	
