0        	1       	0.916	0.0369161   	88.6129      	0.12763    2.16824   	
0        	2       	0.83 	0.068313    	91.7639      	0.0618633  0.78685   	
0        	4       	0.58 	0.0313146   	92.9286      	0.0394806  0.598693  	
0        	5       	0.912	0.15547     	94.7115      	0.0295266  0.450209  	
0        	6       	0.938	0.0422571   	89.9554      	0.0847458  0.94194   	
0        	8       	0.54 	0.0461593   	90.2337      	0.101336   1.91162   	
0        	9       	0.94 	0.0343453   	88.1952      	0.132638   2.12037   	
0        	10      	0.514	0.0964885   	92.8956      	0.0423639  0.561618  	
0        	11      	0.564	0.0312192   	87.0104      	0.150131   2.46815   	
0        	12      	0.662	0.048708    	90.7069      	0.0931877  1.68388   	
0        	13      	0.93 	0.0414185   	90.6968      	0.0965309  1.76502   	
0        	15      	0.748	0.0347194   	87.5222      	0.129429   1.72136   	
0        	20      	0.942	0.0526401   	92.749       	0.0639795  1.16568   	
7        	18      	0.443	0.00718232  	55.0656      	0.649903   8.93379   	
7        	19      	0.318	0.00790213  	58.9994      	0.591967   8.2541    	
16       	14      	0.118	0.0035396   	12.6429      	1.29988    16.2708   	
17       	3       	0.058	0.00353062  	12.4777      	1.30197    16.2369   	
