0        	3       	0.782	0.0190715   	81.4203      	0.240414   3.7045    	
0        	4       	0.574	0.0307038   	89.1834      	0.111573   1.69541   	
0        	11      	0.688	0.0203238   	82.5472      	0.222155   3.72589   	
0        	17      	0.928	0.0512821   	90.8812      	0.0902847  1.46022   	
0        	18      	0.466	0.022913    	87.3859      	0.145791   2.31803   	
0        	19      	0.972	0.0240685   	88.0938      	0.136      2.28363   	
0        	20      	0.936	0.0261772   	85.4964      	0.177829   2.80983   	
6        	2       	0.646	0.00353241  	12.47        	1.30162    16.2024   	
7        	16      	0.058	0.0048857   	35.9777      	0.938654   13.4353   	
12       	9       	0.504	0.00768707  	57.8006      	0.608587   8.27846   	
12       	15      	0.51 	0.00717724  	55.3203      	0.639402   8.90625   	
13       	1       	0.077	0.00197492  	96.6366      	0.00305764 0.000191  	
13       	10      	0.429	0.00476818  	34.3387      	0.96818    13.4839   	
14       	5       	0.786	0.00213602  	96.6205      	0.00307229 0.000117  	
14       	8       	0.798	0.0035381   	12.5042      	1.306      16.1791   	
