0        	4       	0.972	0.0268978   	85.6482      	0.169307   2.80287   	
0        	7       	0.8  	0.0473142   	90.5133      	0.0973802  1.5706    	
0        	8       	0.958	0.0270851   	85.8931      	0.163912   2.02131   	
0        	10      	0.926	0.0419789   	89.422       	0.113013   1.72584   	
0        	14      	0.93 	0.0277623   	85.989       	0.169831   2.7684    	
0        	16      	0.938	0.0369659   	89.3358      	0.116851   2.02017   	
0        	17      	0.96 	0.0295564   	91.9237      	0.0681394  0.899394  	
0        	18      	0.954	0.0275571   	85.9793      	0.166292   2.47606   	
0        	20      	0.564	0.049074    	90.5773      	0.0956297  1.8697    	
1        	3       	0.599	0.00352917  	12.4171      	1.30168    16.3297   	
2        	11      	0.464	0.00449961  	30.6577      	1.02344    13.564    	
12       	5       	0.617	0.00727921  	55.8502      	0.63727    8.5301    	
12       	9       	0.39 	0.00734217  	56.0475      	0.640716   8.52368   	
13       	6       	0.11 	0.00353122  	12.4629      	1.3063     16.2224   	
19       	15      	0.552	0.00355057  	12.8376      	1.29862    16.1697   	
