0        	2       	0.944	0.0303437   	86.7589      	0.150308   1.80153   	
0        	6       	0.69 	0.0355233   	87.5129      	0.13341    1.53821   	
0        	8       	0.682	0.0301011   	86.7127      	0.156838   2.39667   	
0        	10      	0.456	0.0296199   	86.7344      	0.152439   2.16849   	
0        	12      	0.548	0.0550085   	92.1665      	0.0660617  1.45906   	
0        	14      	0.958	0.0202741   	81.9185      	0.232371   3.22125   	
0        	16      	0.564	0.0285076   	86.4654      	0.159691   2.9676    	
0        	17      	0.736	0.0267004   	87.5185      	0.144853   2.48857   	
1        	3       	0.712	0.00482214  	34.9712      	0.957866   13.391    	
7        	5       	0.808	0.00353741  	12.5649      	1.29992    16.1669   	
9        	4       	0.801	0.00353221  	12.5072      	1.30043    16.2135   	
11       	20      	0.434	0.00355195  	12.79        	1.29776    16.23     	
15       	19      	0.533	0.00475066  	34.1007      	0.970259   13.4872   	
18       	13      	0.069	0.00353206  	12.4643      	1.29988    16.189    	
