0        	6       	0.942	0.02359     	84.0286      	0.199884   2.6997    	
0        	8       	0.938	0.018359    	80.3121      	0.255812   3.66925   	
0        	9       	0.96 	0.0177981   	80.1956      	0.260425   3.70584   	
0        	10      	0.928	0.019019    	87.2003      	0.14175    2.47218   	
0        	11      	0.938	0.0321903   	87.7376      	0.141691   2.46998   	
0        	15      	0.954	0.0252499   	84.9248      	0.184837   2.8827    	
1        	2       	0.102	0.00355207  	12.7526      	1.30469    16.1867   	
1        	3       	0.07 	0.00194832  	96.6274      	0.00306598 0.000154  	
7        	5       	0.159	0.00859835  	62.1279      	0.533325   7.97555   	
7        	16      	0.081	0.00923106  	64.4102      	0.506952   7.43847   	
14       	4       	0.549	0.004752    	34.0717      	0.974085   13.4024   	
17       	18      	0.432	0.00760023  	57.4706      	0.614351   8.72482   	
17       	19      	0.321	0.00772754  	58.1556      	0.602555   8.69159   	
20       	12      	0.649	0.00739693  	56.2637      	0.635799   8.69085   	
20       	13      	0.13 	0.00758967  	57.6333      	0.601354   8.51637   	
