0        	1       	0.956	0.0182925   	95.26        	0.0215034  0.202501  	
0        	2       	0.772	0.00363974  	0            	0          0.00061   	
0        	3       	0.614	0.0473141   	88.8149      	0.0965484  1.01063   	
0        	4       	0.564	0.0500341   	90.496       	0.0956338  1.82403   	
0        	6       	0.938	0.0539499   	90.213       	0.0880987  0.976787  	
0        	8       	0.93 	0.0248976   	88.0792      	0.13062    1.79809   	
0        	10      	1    	0.0222272   	90.3465      	0.100166   1.53704   	
0        	11      	0.952	0.0260538   	85.604       	0.168868   2.89793   	
0        	12      	0.944	0.00187068  	0            	0          0.000816  	
0        	14      	0.728	0.038823    	88.3374      	0.120974   1.90957   	
0        	15      	0.942	0.0279263   	88.1046      	0.129298   1.90744   	
0        	17      	0.942	0.0683788   	92.039       	0.0654927  1.01384   	
0        	18      	0.662	0.0571745   	94.0544      	0.036846   0.523865  	
0        	19      	0.942	0.0675049   	92.6933      	0.0630975  1.12539   	
0        	20      	0.772	0.0549403   	91.373       	0.0842723  1.46005   	
9        	13      	0.753	0.00487964  	35.8107      	0.94183    13.5071   	
16       	5       	0.699	0.004729    	33.8108      	0.974124   13.4918   	
16       	7       	0.215	0.00174666  	96.6271      	0.00306626 0.000117  	
