0        	2       	0.734	0.0592119   	91.5195      	0.0804298  1.79499   	
0        	3       	0.936	0.0351458   	88.2961      	0.13369    2.36301   	
0        	4       	0.952	0.0618659   	92.7844      	0.0541986  0.63892   	
0        	5       	0.96 	0.0291803   	86.5823      	0.161621   2.52397   	
0        	7       	0.936	0.0517216   	92.5088      	0.0682149  1.23475   	
0        	8       	0.942	0.0572511   	91.3143      	0.0749738  1.08855   	
0        	9       	0.866	0.0447995   	90.1668      	0.0973236  1.64664   	
0        	12      	0.748	0.0350681   	87.9852      	0.135506   2.20604   	
0        	14      	0.922	0.0384657   	89.0389      	0.113697   1.68392   	
0        	15      	0.952	0.0523077   	92.7323      	0.0572496  1.19844   	
0        	19      	0.466	0.0441829   	90.164       	0.103109   2.09401   	
6        	20      	0.12 	0.00458002  	31.7767      	1.00328    13.4061   	
11       	10      	0.738	0.00354994  	12.7824      	1.29913    16.2112   	
13       	16      	0.175	0.00767653  	58.5839      	0.586262   8.07582   	
13       	17      	0.775	0.00692752  	53.5397      	0.679298   9.01414   	
18       	1       	0.758	0.00474979  	33.9667      	0.975951   13.3977   	
