0        	6       	0.592	0.0207548   	83.1071      	0.205128   3.67245   	
0        	8       	0.926	0.0479868   	90.3682      	0.0977517  1.61296   	
0        	11      	0.922	0.0331323   	88.841       	0.119055   1.94941   	
0        	12      	0.89 	0.0260022   	85.3398      	0.172184   2.4348    	
0        	14      	0.74 	0.0501808   	90.7382      	0.0950716  1.79774   	
0        	15      	0.866	0.0419286   	92.4168      	0.0695431  1.19501   	
0        	16      	0.914	0.0204277   	82.0475      	0.227205   3.26109   	
0        	20      	0.476	0.033605    	87.9675      	0.137045   2.41567   	
1        	5       	0.07 	0.00727555  	55.5559      	0.645611   9.07811   	
1        	9       	0.066	0.00789265  	59.0816      	0.575509   8.44511   	
2        	19      	0.122	0.00472455  	33.6671      	0.980097   13.4837   	
3        	7       	0.07 	0.00352983  	12.4043      	1.30762    16.3344   	
13       	10      	0.514	0.00465283  	32.7222      	0.992129   13.5174   	
13       	18      	0.594	0.00319413  	96.6141      	0.00307806 0.000117  	
17       	4       	0.136	0.00354123  	12.6578      	1.30212    16.2381   	
