0        	3       	0.922	0.0267915   	89.2687      	0.118494   2.17104   	
0        	7       	0.8  	0.0453007   	90.2764      	0.102927   1.72061   	
0        	9       	0.948	0.0503397   	90.7795      	0.0924597  1.46358   	
0        	10      	0.922	0.0323493   	89.2566      	0.11478    1.6849    	
0        	12      	0.514	0.0377737   	90.5259      	0.0961508  1.79492   	
0        	15      	0.668	0.0434498   	90.0986      	0.107191   2.14414   	
0        	16      	0.948	0.0295097   	87.7165      	0.135579   2.26762   	
0        	17      	0.932	0.0333563   	87.4613      	0.141414   2.20822   	
0        	18      	0.944	0.0325139   	87.032       	0.14523    2.06154   	
0        	19      	0.58 	0.093956    	93.5453      	0.0462703  0.984339  	
5        	2       	0.616	0.00740561  	56.5923      	0.626695   8.51489   	
5        	4       	0.651	0.00728448  	55.6391      	0.642911   8.61067   	
11       	14      	0.12 	0.00478116  	34.4842      	0.964806   13.473    	
13       	1       	0.57 	0.00476961  	34.4091      	0.968209   13.5303   	
20       	6       	0.686	0.00736978  	56.1907      	0.635095   8.59751   	
20       	8       	0.173	0.00756333  	57.4618      	0.605622   8.61088   	
