0        	1       	0.548	0.00301672  	96.4621      	0.00321337 0.000357  	
0        	2       	0.532	0.0236926   	84.8244      	0.179821   2.82838   	
0        	4       	0.69 	0.0418422   	89.8276      	0.106597   2.01558   	
0        	6       	0.794	0.0362809   	88.8333      	0.122041   2.02471   	
0        	10      	0.854	0.0536218   	91.3746      	0.0853997  1.53311   	
0        	12      	0.942	0.0303867   	87.41        	0.144676   2.24808   	
0        	15      	0.96 	0.00497637  	0            	0          0.000298  	
0        	17      	1    	0.0174309   	79.7957      	0.256094   3.95898   	
0        	18      	0.854	0.0371528   	89.9471      	0.106413   1.53309   	
0        	20      	1    	0.0346058   	88.1439      	0.133715   2.0294    	
5        	7       	0.692	0.00352654  	12.3882      	1.30259    16.2841   	
9        	3       	0.67 	0.00467082  	33.0238      	0.986056   13.4938   	
13       	8       	0.335	0.00483845  	35.2462      	0.947853   13.4271   	
16       	11      	0.623	0.00479838  	34.7104      	0.96081    13.4438   	
19       	14      	0.093	0.00472339  	33.6345      	0.979174   13.3861   	
