0        	2       	0.59 	0.0351234   	88.6476      	0.126279   1.98128   	
0        	4       	0.078	0.0364023   	89.3236      	0.116984   2.39309   	
0        	6       	0.94 	0.0462108   	89.8668      	0.0938262  1.38759   	
0        	9       	0.932	0.0784699   	92.8286      	0.0498811  0.748233  	
0        	11      	0.952	0.0163959   	78.6014      	0.277317   4.17969   	
0        	12      	0.954	0.042094    	88.6856      	0.110524   1.09343   	
0        	13      	0.938	0.0280896   	86.2244      	0.166299   2.88352   	
0        	14      	0.93 	0.0580213   	91.5397      	0.081864   1.5696    	
0        	16      	0.736	0.0802636   	93.2294      	0.0557     1.12205   	
0        	19      	0.682	0.0675303   	92.9044      	0.0493808  0.880134  	
8        	3       	0.062	0.00776909  	58.4693      	0.585025   8.22303   	
8        	5       	0.353	0.00702307  	54.1507      	0.667398   8.96573   	
10       	7       	0.534	0.00460058  	31.9126      	1.00629    13.3881   	
15       	17      	0.556	0.00355238  	12.606       	1.31117    16.2386   	
18       	1       	0.633	0.0071062   	54.9614      	0.650234   8.91182   	
18       	20      	0.53 	0.00793965  	59.0634      	0.592539   8.27404   	
