0        	1       	0.958	0.0370641   	88.6622      	0.124232   1.78911   	
0        	2       	0.622	0.0401153   	90.2929      	0.0986741  2.05649   	
0        	4       	0.736	0.0578693   	93.1813      	0.0575287  1.16088   	
0        	5       	0.476	0.101075    	93.2962      	0.0466535  0.859881  	
0        	7       	0.95 	0.0507727   	90.5859      	0.0932091  1.57163   	
0        	8       	0.466	0.0801611   	94.3314      	0.0267206  0.411845  	
0        	9       	0.928	0.106693    	93.3222      	0.0472058  0.785393  	
0        	13      	0.894	0.0645126   	91.7158      	0.0745712  1.38497   	
0        	14      	0.938	0.030286    	92.7689      	0.056164   0.786573  	
0        	15      	0.69 	0.0300281   	87.0545      	0.147759   2.57673   	
0        	16      	0.936	0.0722232   	93.2028      	0.0543774  0.828341  	
0        	17      	0.972	0.041321    	89.8808      	0.097444   1.35178   	
0        	18      	0.962	0.0309911   	90.7342      	0.0951124  1.75985   	
0        	19      	0.896	0.0397275   	88.7105      	0.105305   1.19861   	
3        	10      	0.614	0.00353182  	12.5045      	1.30117    16.2812   	
11       	6       	0.607	0.00353939  	12.6286      	1.3017     16.2084   	
12       	20      	0.496	0.0035314   	12.4773      	1.3035     16.2176   	
