0        	2       	0.952	0.00146822  	0            	0          0.00038   	
0        	5       	0.96 	0.0055081   	0            	0          0.000314  	
0        	6       	0.96 	0.000590367 	96.4235      	0.0032514  0.000154  	
0        	7       	0.956	0.00130594  	96.4253      	0.00324971 0.000117  	
0        	8       	0.58 	0.00144033  	96.4211      	0.00325351 0.000249  	
0        	9       	0.514	0.00146656  	96.361       	0.00330819 0.00022   	
0        	10      	0.906	0.00769504  	57.9338      	0.60983    8.39128   	
0        	13      	0.548	0.00217413  	0            	0          0.000314  	
0        	17      	1    	0.00730415  	55.8714      	0.635964   8.80594   	
0        	18      	0.064	0.00162673  	0            	0          0.000314  	
0        	19      	0.95 	0.00134367  	96.3863      	0.00328224 0.000299  	
0        	20      	0.94 	0.00519054  	0            	0          0.000562  	
3        	1       	0.292	0.00758387  	57.4007      	0.611575   8.68281   	
3        	12      	0.679	0.00747336  	56.9808      	0.623204   8.61909   	
4        	14      	0.213	0.00353838  	12.6469      	1.30247    16.2738   	
11       	15      	0.492	0.00835989  	61.2911      	0.544004   8.07799   	
11       	16      	0.629	0.00936022  	64.7747      	0.500993   7.39878   	
