0        	3       	0.952	0.0226171   	84.1375      	0.196019   3.08932   	
0        	4       	0.928	0.038225    	90.4936      	0.0855731  1.15986   	
0        	7       	0.942	0.0189405   	80.7793      	0.248709   3.477     	
0        	8       	0.456	0.0422841   	89.9299      	0.0939298  1.34644   	
0        	18      	0.94 	0.0604768   	92.6764      	0.0617886  1.08375   	
0        	19      	0.948	0.013911    	75.2186      	0.337537   4.71336   	
0        	20      	0.94 	0.0215312   	82.7474      	0.219522   3.02805   	
5        	16      	0.596	0.00352737  	12.404       	1.3017     16.2164   	
9        	1       	0.628	0.00483923  	35.3226      	0.94976    13.5012   	
10       	12      	0.114	0.00495081  	36.7013      	0.928454   13.4198   	
13       	11      	0.707	0.00484881  	35.2709      	0.951541   13.4102   	
14       	2       	0.15 	0.00480617  	34.757       	0.960926   13.4341   	
15       	6       	0.239	0.0111995   	70.045       	0.419101   6.94336   	
15       	17      	0.596	0.00781775  	58.8752      	0.585643   8.52285   	
