0        	1       	0.938	0.00401498  	96.3127      	0.00335211 0.000249  	
0        	2       	0.928	0.0274491   	85.963       	0.169455   2.99099   	
0        	3       	0.958	0.0189858   	81.441       	0.24067    3.96726   	
0        	5       	0.948	0.00901903  	0            	0          0.001092  	
0        	6       	0.946	0.0040116   	96.4402      	0.00323614 0.000183  	
0        	7       	0.956	0.0179687   	80.1518      	0.250008   4.17274   	
0        	16      	0.59 	0.00279321  	96.3638      	0.00330262 0.000671  	
0        	17      	0.826	0.00158319  	96.386       	0.00328547 0.000323  	
0        	18      	0.93 	0.0199814   	82.2216      	0.21692    3.92569   	
0        	19      	0.956	0.00401161  	96.327       	0.00333912 0.000315  	
0        	20      	0.942	0.0200949   	82.7189      	0.220453   3.33885   	
4        	10      	0.674	0.00353361  	12.4678      	1.30473    16.203    	
9        	13      	0.671	0.00737918  	56.1532      	0.635857   8.85965   	
9        	14      	0.064	0.00773085  	58.3071      	0.589266   8.49948   	
11       	12      	0.703	0.00475841  	34.1259      	0.9699     13.368    	
15       	8       	0.576	0.00353344  	12.5417      	1.30181    16.1873   	
