0        	5       	0.83 	0.0388479   	89.1597      	0.111476   2.20881   	
0        	6       	0.928	0.0384876   	89.1412      	0.116013   1.98468   	
0        	8       	0.96 	0.0349839   	88.2612      	0.132659   2.34371   	
0        	9       	0.948	0.0228924   	84.0474      	0.197654   2.84988   	
0        	10      	0.476	0.027462    	85.8562      	0.170744   2.76706   	
0        	11      	0.866	0.0535174   	91.5561      	0.0774359  1.38641   	
0        	12      	0.948	0.0370463   	88.3624      	0.125436   1.86951   	
0        	18      	0.954	0.126161    	94.8562      	0.0242634  0.411618  	
0        	19      	0.944	0.0328146   	87.1437      	0.140871   1.57902   	
0        	20      	0.354	0.0838027   	93.2438      	0.0577455  1.00978   	
4        	3       	0.116	0.00461283  	32.2179      	0.996305   13.5223   	
7        	2       	0.407	0.00468216  	33.1409      	0.985222   13.4452   	
16       	1       	0.43 	0.00778519  	58.2608      	0.602887   8.26041   	
16       	15      	0.55 	0.00708063  	54.8397      	0.64368    8.90633   	
17       	13      	0.367	0.0014954   	96.6221      	0.00307078 0.000117  	
17       	14      	0.639	0.00479655  	34.7128      	0.961975   13.4668   	
