0        	2       	0.944	0.0321927   	88.2628      	0.114655   1.31496   	
0        	4       	0.756	0.109107    	93.5815      	0.0449893  0.635969  	
0        	6       	0.938	0.0289586   	86.1408      	0.148023   1.64937   	
0        	7       	0.884	0.0696418   	92.6774      	0.0667071  1.27161   	
0        	8       	0.956	0.0701606   	94.2871      	0.0397578  0.860839  	
0        	10      	0.826	0.0419655   	89.1128      	0.104801   1.53575   	
0        	11      	0.938	0.0365934   	88.735       	0.127049   1.9093    	
0        	12      	0.96 	0.0959714   	92.2708      	0.0488346  0.599245  	
0        	13      	0.934	0.0441056   	90.0244      	0.0995745  1.77671   	
0        	14      	0.456	0.0444373   	91.0382      	0.0862985  1.77507   	
0        	15      	0.922	0.0810093   	92.2466      	0.0602206  0.902237  	
0        	16      	0.456	0.0527945   	92.2272      	0.0699679  1.30877   	
0        	19      	0.93 	0.052834    	91.5194      	0.074829   1.34803   	
0        	20      	0.944	0.0488506   	90.5338      	0.0971695  1.6153    	
3        	5       	0.708	0.0070248   	54.1057      	0.668835   8.99378   	
3        	9       	0.467	0.00777697  	58.5243      	0.585696   8.20308   	
17       	1       	0.191	0.00725319  	55.8149      	0.627337   8.73466   	
17       	18      	0.075	0.00754211  	57.3175      	0.617435   8.40944   	
