0        	4       	0.514	0.0516787   	90.9547      	0.089557   1.79669   	
0        	5       	0.54 	0.117966    	93.7734      	0.0347638  0.561869  	
0        	6       	0.928	0.048088    	90.8254      	0.0941763  1.72144   	
0        	8       	0.944	0.0440643   	89.4605      	0.101642   1.37959   	
0        	10      	0.456	0.0623843   	91.961       	0.0762428  1.49575   	
0        	13      	0.926	0.0416262   	88.9874      	0.111765   1.57473   	
0        	14      	0.522	0.0320168   	87.7059      	0.132714   2.60143   	
0        	15      	0.514	0.0466716   	91.3171      	0.0823181  1.38384   	
0        	16      	0.93 	0.057186    	92.4005      	0.0696927  1.34983   	
0        	17      	0.548	0.0239286   	91.9082      	0.0713621  1.1984    	
0        	18      	0.942	0.0358961   	88.5863      	0.12696    2.14376   	
0        	20      	0.514	0.0642731   	92.0998      	0.0711146  1.57189   	
1        	3       	0.504	0.00744206  	56.9871      	0.607441   8.48869   	
1        	9       	0.449	0.00728491  	55.7338      	0.641718   8.59567   	
2        	11      	0.817	0.00472116  	33.7455      	0.977169   13.5075   	
2        	12      	0.1  	0.000661569 	96.611       	0.0030809  0.000191  	
19       	7       	0.722	0.00466068  	32.8487      	0.986277   13.5278   	
