0        	2       	0.954	0.0278266   	85.8482      	0.168629   2.50823   	
0        	5       	0.548	0.0331789   	87.7554      	0.138997   2.33445   	
0        	6       	0.58 	0.0801614   	93.2511      	0.0506928  0.935891  	
0        	7       	0.942	0.0417424   	89.6682      	0.10674    1.9939    	
0        	8       	0.94 	0.0272797   	86.2248      	0.166294   2.70044   	
0        	11      	0.946	0.0491672   	90.3037      	0.0975202  1.39482   	
0        	13      	0.952	0.0475761   	90.9562      	0.0895427  1.42439   	
0        	14      	0.936	0.000277211 	96.6305      	0.00306316 0.000339  	
0        	15      	0.564	0.0268235   	85.6351      	0.171801   2.94828   	
0        	17      	0.476	0.0294414   	88.4527      	0.130233   2.24563   	
10       	9       	0.458	0.00664689  	51.9759      	0.6874     9.51764   	
10       	18      	0.434	0.00852853  	61.7475      	0.548379   7.62518   	
12       	1       	0.097	0.00353995  	12.644       	1.30301    16.2691   	
16       	4       	0.369	0.0047166   	33.5407      	0.981251   13.4188   	
16       	20      	0.269	0.00134736  	96.6328      	0.0030611  0.000117  	
19       	3       	0.245	0.00467476  	32.9932      	0.990249   13.4112   	
