0        	1       	0.928	0.0579009   	92.3013      	0.0557591  0.82604   	
0        	2       	0.772	0.0401891   	89.5851      	0.113205   2.01905   	
0        	4       	0.564	0.054407    	90.2548      	0.0891085  1.21025   	
0        	5       	0.624	0.0695769   	91.4355      	0.0685484  0.751494  	
0        	6       	0.846	0.0385936   	89.6273      	0.106474   1.6482    	
0        	7       	0.54 	0.0460995   	91.7918      	0.0790418  1.53454   	
0        	11      	0.942	0.0580035   	90.7459      	0.08162    1.12409   	
0        	12      	0.948	0.0505125   	90.7831      	0.0924244  1.68615   	
0        	13      	0.94 	0.0343323   	89.1227      	0.114025   1.83444   	
0        	17      	0.948	0.0244191   	84.9098      	0.17778    2.78255   	
0        	19      	0.686	0.0517818   	91.0183      	0.0864908  1.64824   	
0        	20      	0.772	0.066424    	92.3263      	0.0659361  1.49873   	
3        	16      	0.094	0.0046704   	33.0481      	0.983159   13.4489   	
8        	10      	0.653	0.00708002  	54.5515      	0.657538   8.78072   	
8        	18      	0.706	0.00753371  	57.0066      	0.622608   8.22476   	
15       	9       	0.782	0.00752739  	57.2797      	0.612325   8.59738   	
15       	14      	0.817	0.00745924  	56.6031      	0.626692   8.65812   	
