0        	3       	0.45 	0.0567307   	92.4154      	0.0665316  1.42174   	
0        	4       	0.964	0.0347388   	87.9495      	0.132041   1.98811   	
0        	5       	0.948	0.0332884   	91.9905      	0.0759624  1.04989   	
0        	6       	0.96 	0.0344242   	84.8819      	0.130497   0.938505  	
0        	7       	0.466	0.0328866   	88.3038      	0.132842   2.31739   	
0        	9       	0.466	0.0354922   	92.3383      	0.0692959  1.32756   	
0        	12      	0.938	0.0464671   	89.8689      	0.100308   1.46543   	
0        	13      	0.466	0.0430158   	91.0308      	0.0888043  1.60846   	
0        	15      	0.382	0.0386678   	88.5594      	0.11993    1.64864   	
0        	16      	0.96 	0.0328897   	87.2996      	0.143237   1.9119    	
0        	19      	0.958	0.0259796   	85.1938      	0.181538   2.84579   	
8        	2       	0.076	0.0035298   	12.4472      	1.30293    16.3087   	
10       	17      	0.101	0.00469031  	33.441       	0.981073   13.4779   	
14       	1       	0.464	0.00745077  	56.5372      	0.630162   8.73763   	
14       	11      	0.437	0.0075809   	57.5443      	0.601972   8.52634   	
18       	20      	0.089	0.00354901  	12.8204      	1.29996    16.1564   	
