0        	1       	0.772	0.0369725   	91.156       	0.0840744  1.57122   	
0        	2       	0.564	0.0412068   	91.6295      	0.0723415  1.43592   	
0        	3       	0.668	0.0289458   	86.4955      	0.16164    2.43758   	
0        	5       	0.794	0.0333758   	87.5238      	0.137761   2.09731   	
0        	6       	0.564	0.0284098   	85.7731      	0.165347   2.24311   	
0        	7       	0.828	0.0332333   	88.1969      	0.129331   1.87977   	
0        	9       	0.514	0.0786938   	94.1509      	0.0423844  0.938037  	
0        	12      	0.682	0.039652    	89.1958      	0.11624    2.05956   	
0        	17      	0.932	0.0501432   	91.9586      	0.0770844  1.12885   	
0        	18      	0.678	0.0450823   	90.0928      	0.10487    1.90864   	
0        	20      	0.456	0.0508665   	92.0862      	0.0692065  1.08334   	
8        	4       	0.788	0.000123664 	96.6444      	0.00305055 0.000154  	
8        	11      	0.071	0.00472616  	33.7656      	0.97714    13.5191   	
15       	13      	0.78 	0.00702042  	54.3682      	0.65409    9.02612   	
15       	14      	0.292	0.00784137  	58.5925      	0.597634   8.18566   	
16       	10      	0.147	0.0076461   	57.6168      	0.612239   8.44757   	
16       	19      	0.266	0.00727027  	55.7286      	0.642883   8.74693   	
