0        	1       	0.942	0.0525622   	90.6696      	0.0855655  1.38417   	
0        	2       	0.592	0.046083    	90.9046      	0.08022    1.34635   	
0        	4       	0.952	0.018122    	79.6059      	0.258761   3.18195   	
0        	6       	0.58 	0.054748    	91.4828      	0.0852022  1.68268   	
0        	10      	0.67 	0.0464502   	91.6185      	0.0753194  1.43201   	
0        	11      	0.674	0.0310844   	87.14        	0.149425   2.02858   	
0        	15      	0.686	0.028246    	87.9073      	0.134991   2.2076    	
0        	16      	0.958	0.030391    	86.9221      	0.155763   2.41358   	
0        	19      	0.956	0.0239257   	84.5387      	0.18815    2.69865   	
3        	13      	0.602	0.00723927  	55.6991      	0.639834   9.04668   	
3        	20      	0.361	0.0081214   	60.0681      	0.571672   8.29533   	
5        	12      	0.664	0.0046265   	32.3731      	1.00036    13.5602   	
5        	17      	0.309	0.00203998  	96.6195      	0.00307314 0.000117  	
8        	14      	0.813	0.00475162  	34.0516      	0.973162   13.4947   	
18       	7       	0.708	0.00758506  	57.3788      	0.613497   8.22243   	
18       	9       	0.766	0.00708081  	54.5995      	0.652306   8.80584   	
