0        	1       	0.548	0.0456268   	90.4527      	0.0945275  1.57055   	
0        	2       	0.93 	0.0184237   	82.2004      	0.226483   3.51704   	
0        	5       	0.456	0.0308521   	86.9914      	0.153549   2.57885   	
0        	10      	0.736	0.039287    	89.3633      	0.11364    1.74275   	
0        	14      	0.928	0.0363445   	88.5441      	0.130043   2.13518   	
0        	15      	0.944	0.0276647   	86.0807      	0.159749   2.76899   	
0        	18      	0.94 	0.0332839   	87.5293      	0.140647   2.24731   	
0        	19      	0.964	0.0362219   	89.0925      	0.12133    1.9488    	
6        	4       	0.317	0.00912721  	64.0804      	0.50922    7.80245   	
6        	12      	0.514	0.00882647  	63.3006      	0.524624   7.88615   	
7        	13      	0.068	0.00477202  	34.3477      	0.965743   13.4118   	
8        	17      	0.645	0.00475641  	34.1372      	0.970082   13.4801   	
9        	3       	0.136	0.00929479  	64.8879      	0.488128   7.40474   	
9        	20      	0.157	0.00819789  	60.3687      	0.569661   7.99551   	
11       	16      	0.553	0.00353486  	12.5272      	1.30435    16.2754   	
