0        	3       	0.856	0.0308971   	87.7795      	0.142028   2.3601    	
0        	5       	0.882	0.0408853   	91.1222      	0.0867219  1.4957    	
0        	7       	0.474	0.0402553   	89.2968      	0.118519   2.12236   	
0        	9       	1    	0.0688417   	91.9739      	0.0693097  1.04829   	
0        	10      	0.74 	0.0378306   	88.4904      	0.122928   1.90756   	
0        	13      	0.69 	0.0851543   	93.9792      	0.0405123  1.04723   	
0        	14      	0.93 	0.0329744   	88.712       	0.12464    2.02181   	
0        	17      	1    	0.0336193   	88.3344      	0.131567   2.09892   	
0        	19      	0.718	0.0323097   	87.5655      	0.141609   2.34534   	
0        	20      	0.94 	0.0342969   	87.8963      	0.138256   1.98548   	
1        	2       	0.233	0.00354564  	12.7896      	1.30156    16.2982   	
1        	8       	0.733	0.00449931  	96.6133      	0.00307882 0.000154  	
11       	4       	0.081	0.0073186   	56.2021      	0.622018   8.91284   	
11       	12      	0.812	0.0076888   	58.0263      	0.606504   8.37321   	
15       	6       	0.256	0.00469286  	33.1997      	0.984055   13.4099   	
18       	16      	0.078	0.00354575  	12.7806      	1.29992    16.164    	
