0        	1       	0.942	0.0563047   	90.9123      	0.0705841  0.900126  	
0        	3       	0.87 	0.00813491  	0            	0          0.000346  	
0        	4       	0.668	0.0658413   	92.9707      	0.0607017  1.16118   	
0        	5       	0.94 	0.0776518   	90.7551      	0.0584112  0.639557  	
0        	6       	0.828	0.0570456   	91.5597      	0.0863771  1.57171   	
0        	8       	0.952	0.0511368   	91.0099      	0.0878192  1.50274   	
0        	9       	0.96 	0.0411898   	88.5303      	0.091758   0.712425  	
0        	10      	0.954	0.0295022   	89.1553      	0.114599   1.76518   	
0        	11      	0.938	0.0387435   	88.9488      	0.119115   2.02302   	
0        	12      	0.854	0.0816596   	89.728       	0.061252   0.562098  	
0        	15      	0.95 	0.0485747   	88.6291      	0.0992654  1.1833    	
0        	16      	0.958	0.024608    	84.1323      	0.177705   2.02253   	
0        	17      	0.58 	0.0466032   	87.8515      	0.0943118  0.935164  	
0        	18      	0.928	0.0323224   	87.5943      	0.144181   2.39624   	
0        	19      	0.772	0.00363139  	0            	0          0.000774  	
0        	20      	0.922	0.0879141   	92.3162      	0.0458463  0.710251  	
2        	13      	0.187	0.00352765  	12.4472      	1.29992    16.308    	
14       	7       	0.817	0.00475598  	34.3396      	0.961946   13.416    	
