0        	2       	0.466	0.0412213   	92.3668      	0.066297   1.46723   	
0        	3       	0.972	0.0922191   	93.73        	0.0486988  0.830811  	
0        	5       	0.952	0.0448682   	90.1756      	0.0959693  1.38694   	
0        	6       	0.938	0.0493996   	90.8789      	0.0821049  1.04722   	
0        	7       	0.938	0.0348881   	88.1083      	0.13224    2.20892   	
0        	9       	0.466	0.0469734   	90.1262      	0.101354   1.86968   	
0        	10      	0.592	0.0497202   	89.8635      	0.0961354  1.19701   	
0        	12      	0.548	0.0099466   	0            	0          0.00071   	
0        	15      	0.456	0.0309506   	89.5799      	0.1103     1.72001   	
0        	16      	0.96 	0.0606127   	91.3855      	0.0793487  1.09651   	
0        	17      	0.914	0.0237084   	84.5995      	0.190775   3.03171   	
0        	18      	0.928	0.0349157   	88.7554      	0.126819   2.17087   	
0        	19      	0.954	0.101913    	91.3396      	0.0365675  0.262223  	
4        	14      	0.58 	0.00479559  	34.6644      	0.965      13.44     	
11       	1       	0.131	0.00468179  	33.1206      	0.986146   13.4374   	
11       	8       	0.466	0.00100615  	96.6479      	0.00304739 0.000117  	
13       	20      	0.07 	0.00469115  	33.4027      	0.980126   13.4668   	
