0        	3       	0.94 	0.0416612   	89.6823      	0.112148   2.02198   	
0        	4       	0.956	0.0395355   	89.2784      	0.114637   2.14847   	
0        	5       	0.93 	0.024356    	85.0881      	0.184134   2.88382   	
0        	7       	0.67 	0.0360426   	87.7926      	0.129219   1.94556   	
0        	9       	0.884	0.0607714   	91.6855      	0.0775544  1.57365   	
0        	12      	0.986	0.0294428   	87.3374      	0.14181    2.13816   	
0        	13      	0.95 	0.0556663   	91.0023      	0.0839601  1.16503   	
0        	14      	0.728	0.0677566   	93.3754      	0.0440415  0.787041  	
0        	16      	0.83 	0.039689    	88.9066      	0.116248   1.98129   	
0        	17      	0.514	0.0512001   	91.6845      	0.0748528  1.45846   	
0        	18      	0.928	0.147219    	94.4012      	0.0324465  0.493275  	
6        	2       	0.718	0.00353991  	12.6542      	1.30004    16.1867   	
8        	1       	0.541	0.0035381   	12.6724      	1.30105    16.2883   	
11       	15      	0.551	0.007448    	56.5765      	0.629502   8.70899   	
11       	20      	0.407	0.00754764  	57.3607      	0.605604   8.63187   	
19       	10      	0.767	0.0048591   	35.5071      	0.951892   13.4774   	
