0        	1       	0.942	0.00183136  	0            	0          0.00024   	
0        	2       	0.942	0.000427321 	96.5754      	0.00311323 0.000117  	
0        	4       	0.928	0.0046805   	0            	0          0.00024   	
0        	6       	0.476	0.00474398  	33.7983      	0.979181   13.507    	
0        	7       	1    	0.000743559 	96.5567      	0.00313028 0.000117  	
0        	8       	0.96 	0.00124586  	96.5072      	0.00317531 0.000117  	
0        	12      	0.528	0.000672164 	96.6262      	0.00306711 0.000154  	
0        	14      	0.74 	0.000521928 	96.5254      	0.00315876 0.00022   	
0        	15      	0.794	0.0013875   	96.6594      	0.00303693 0.000117  	
0        	19      	0.826	0.00252189  	96.5847      	0.00310482 0.00022   	
0        	20      	0.772	0.0029237   	0            	0          0.00024   	
5        	16      	0.677	0.00354696  	12.4909      	1.31117    16.2526   	
9        	11      	0.652	0.00485413  	35.3249      	0.958979   13.4536   	
10       	3       	0.103	0.00470103  	33.4548      	0.981107   13.3761   	
18       	13      	0.623	0.0074488   	56.6042      	0.628969   8.37136   	
18       	17      	0.623	0.00730079  	55.8737      	0.635239   8.54656   	
