0        	2       	0.93 	0.033802    	88.0176      	0.138963   1.98744   	
0        	5       	0.942	0.0450655   	90.4553      	0.0959426  1.60784   	
0        	6       	0.444	0.0220468   	83.6791      	0.196019   3.37917   	
0        	8       	0.548	0.0284538   	85.9775      	0.166313   2.84262   	
0        	9       	0.466	0.0246364   	87.2168      	0.149208   2.59503   	
0        	18      	0.572	0.0211847   	83.0917      	0.214573   3.40788   	
0        	20      	0.772	0.0297704   	86.7245      	0.156661   2.54425   	
1        	7       	0.082	0.0035298   	12.4647      	1.29866    16.2023   	
4        	3       	0.31 	0.00353877  	12.5386      	1.30503    16.223    	
10       	16      	0.611	0.00354809  	12.4913      	1.31327    16.1854   	
11       	19      	0.06 	0.00478108  	34.4125      	0.96911    13.4364   	
14       	12      	0.671	0.00473277  	33.9414      	0.97105    13.505    	
17       	13      	0.365	0.00769183  	57.8928      	0.606445   8.69288   	
17       	15      	0.478	0.00753808  	57.2249      	0.619448   8.74705   	
