0        	3       	0.674	0.0512049   	91.0699      	0.0843602  1.84405   	
0        	4       	0.94 	0.0373406   	88.5131      	0.126945   1.91025   	
0        	8       	0.548	0.0688719   	92.6704      	0.0632951  1.04726   	
0        	9       	0.936	0.0437582   	91.5262      	0.0827764  1.49922   	
0        	13      	0.942	0.02974     	86.5894      	0.158293   2.24876   	
0        	14      	0.514	0.0224874   	88.9526      	0.123755   2.01884   	
0        	15      	0.958	0.0318091   	87.7773      	0.134962   1.98329   	
0        	16      	0.94 	0.0172438   	79.4607      	0.270581   3.74729   	
0        	18      	0.866	0.0334466   	88.7045      	0.127392   2.05861   	
2        	6       	0.142	0.00869537  	62.5757      	0.524302   7.85148   	
2        	17      	0.636	0.00907254  	63.887       	0.514674   7.51329   	
5        	10      	0.576	0.00469276  	33.4158      	0.983171   13.4942   	
7        	12      	0.71 	0.00173274  	96.6503      	0.00304516 0.000117  	
7        	20      	0.678	0.00471532  	33.8375      	0.972134   13.5506   	
19       	1       	0.496	0.00757129  	57.3779      	0.611639   8.27841   	
19       	11      	0.561	0.00714612  	55.1081      	0.637      8.7895    	
