0        	5       	0.928	0.0357643   	88.443       	0.120511   2.01473   	
0        	6       	0.952	0.0467204   	88.5703      	0.10085    1.08791   	
0        	8       	0.94 	0.0296954   	89.16        	0.119694   1.8717    	
0        	9       	0.974	0.033579    	87.8175      	0.136471   2.17376   	
0        	11      	0.94 	0.0531432   	91.1969      	0.0847706  1.42336   	
0        	12      	1    	0.0454226   	90.9669      	0.0894369  1.46865   	
0        	13      	0.95 	0.0636702   	91.9312      	0.0752918  1.23853   	
0        	15      	0.482	0.0413528   	88.451       	0.107725   1.19681   	
0        	17      	0.772	0.0390132   	89.6466      	0.111593   1.9069    	
0        	19      	0.794	0.0489634   	90.125       	0.0977381  1.64661   	
0        	20      	0.94 	0.0346035   	88.3454      	0.130557   2.16977   	
3        	14      	0.665	0.00021323  	96.6365      	0.00305773 0.000117  	
3        	18      	0.611	0.00480776  	34.8197      	0.961104   13.4978   	
10       	2       	0.837	0.00715098  	55.0108      	0.652857   8.60484   	
10       	7       	0.276	0.00755274  	57.2775      	0.607342   8.39988   	
16       	1       	0.094	0.00745392  	56.761       	0.626387   8.37246   	
16       	4       	0.069	0.00718108  	55.2426      	0.634556   8.64508   	
