0        	2       	0.846	0.0287481   	87.7356      	0.140092   2.09738   	
0        	4       	0.682	0.0328285   	88.2974      	0.132843   2.17253   	
0        	7       	0.06 	0.0292439   	86.4547      	0.152766   2.0207    	
0        	8       	0.072	0.0370842   	88.1904      	0.128365   1.98228   	
0        	9       	0.952	0.0615677   	93.1659      	0.05748    0.886937  	
0        	11      	0.564	0.0585213   	91.6036      	0.0708083  1.19868   	
0        	13      	0.986	0.0556336   	91.4251      	0.0848999  1.46409   	
0        	14      	0.456	0.0574745   	91.6004      	0.0813449  1.63848   	
0        	16      	0.914	0.0419043   	90.126       	0.104519   1.64981   	
0        	19      	0.58 	0.0292864   	88.7628      	0.11776    1.68269   	
0        	20      	0.466	0.0507095   	91.101       	0.0800728  1.49933   	
3        	1       	0.68 	0.00353692  	12.573       	1.30086    16.2328   	
5        	6       	0.633	0.00699268  	53.9623      	0.667213   9.1961    	
5        	10      	0.131	0.00815642  	60.2754      	0.567753   8.08603   	
15       	18      	0.692	0.0046581   	32.7356      	0.996287   13.4636   	
17       	12      	0.713	0.0047205   	33.678       	0.976218   13.3743   	
