0        	2       	0.954	0.0278201   	86.1194      	0.156506   2.05808   	
0        	3       	0.854	0.0260763   	92.8973      	0.0542189  0.673155  	
0        	4       	0.94 	0.004635    	0            	0          0.000322  	
0        	7       	0.938	0.0248882   	84.5649      	0.18855    2.76678   	
0        	8       	0.944	0.0276968   	88.9421      	0.117052   1.6836    	
0        	9       	1    	0.019719    	81.6127      	0.231172   3.52132   	
0        	10      	0.942	0.00449843  	0            	0          0.000322  	
0        	13      	0.956	0.00440773  	0            	0          0.000388  	
0        	14      	0.956	0.0318312   	87.3908      	0.148094   2.54524   	
0        	15      	0.914	0.0537881   	91.2459      	0.0874205  1.49748   	
0        	16      	0.948	0.0453914   	91.1863      	0.0835897  1.45955   	
0        	17      	0.914	0.0338372   	92.6484      	0.050195   0.598373  	
0        	20      	0.932	0.0293011   	90.5769      	0.0967269  1.3834    	
1        	5       	0.255	0.0035344   	12.5026      	1.30381    16.2467   	
11       	12      	0.649	0.00480082  	34.6999      	0.965906   13.4952   	
18       	6       	0.671	0.00477969  	34.5136      	0.959131   13.507    	
18       	19      	0.524	0.00640587  	96.5781      	0.00311081 0.000117  	
