0        	2       	0.938	0.0275321   	86.2347      	0.16248    2.46878   	
0        	3       	0.936	0.0208349   	82.4415      	0.224487   3.60503   	
0        	5       	0.96 	0.0175553   	79.7047      	0.26761    3.96233   	
0        	7       	0.548	0.025487    	85.0887      	0.174931   3.18413   	
0        	11      	0.064	0.0365415   	88.6033      	0.128535   2.65468   	
0        	15      	0.93 	0.0275796   	86.2736      	0.163522   2.5084    	
10       	18      	0.161	0.00469823  	33.4527      	0.980065   13.4111   	
13       	8       	0.573	0.00355597  	12.8369      	1.30243    16.2363   	
14       	1       	0.111	0.00695619  	53.7547      	0.671896   9.21174   	
14       	4       	0.12 	0.00795525  	59.8545      	0.564494   8.09636   	
17       	9       	0.635	0.00353605  	12.5614      	1.30039    16.2007   	
19       	12      	0.743	0           	96.6454      	0.00304962 0.000117  	
19       	16      	0.842	0.00482531  	35.0247      	0.961191   13.569    	
20       	6       	0.06 	0.00355584  	12.8174      	1.29996    16.1552   	
