0        	1       	0.948	0.00387421  	0            	0          0.000256  	
0        	2       	0.952	0.00309141  	0            	0          0.000446  	
0        	5       	0.956	0.00743648  	0            	0          0.000256  	
0        	8       	0.956	0.00104622  	96.6242      	0.0030689  0.000117  	
0        	9       	0.476	0.000870546 	0            	0          0.000388  	
0        	10      	0.67 	0.0073076   	0            	0          0.000446  	
0        	11      	0.932	0.00151533  	96.604       	0.00308728 0.000117  	
0        	12      	0.958	0.00244931  	0            	0          0.000256  	
0        	13      	0.938	0.00136308  	96.622       	0.00307088 0.000117  	
0        	14      	0.956	0.0042374   	0            	0          0.000388  	
0        	17      	0.946	0.00666915  	0            	0          0.000256  	
0        	18      	0.846	0.00357273  	13.246       	1.29839    16.2879   	
0        	19      	0.514	0.00106982  	0            	0          0.000322  	
4        	3       	0.177	0.00728835  	56.0127      	0.627356   8.7335    	
4        	20      	0.705	0.00750139  	56.8059      	0.625515   8.48576   	
7        	6       	0.068	0.00478023  	34.4199      	0.967071   13.5001   	
16       	15      	0.639	0.00353404  	12.5189      	1.29913    16.2252   	
