0        	1       	0.954	0.0357756   	88.4513      	0.126215   1.989     	
0        	2       	0.96 	0.0444895   	90.1347      	0.105495   2.00569   	
0        	3       	0.772	0.0940058   	91.6601      	0.0393126  0.337542  	
0        	4       	0.654	0.0429954   	89.6583      	0.10841    1.79669   	
0        	6       	0.476	0.0457799   	88.9694      	0.102929   1.23398   	
0        	7       	0.514	0.056591    	91.8305      	0.0786401  1.75694   	
0        	9       	0.548	0.0670639   	92.2054      	0.0714818  1.23574   	
0        	11      	1    	0.0630676   	90.5398      	0.0734417  1.01385   	
0        	13      	0.846	0.0326404   	93.1375      	0.0578986  1.1616    	
0        	16      	0.772	0.036217    	88.2592      	0.107628   1.34675   	
0        	17      	0.54 	0.0433076   	89.6601      	0.109451   1.68535   	
0        	19      	0.938	0.0298055   	88.0091      	0.137792   2.28471   	
0        	20      	0.448	0.0468553   	88.896       	0.0936422  0.898322  	
12       	5       	0.059	0.00467897  	33.0641      	0.986175   13.4479   	
14       	8       	0.419	0.00356705  	12.9332      	1.30427    16.1417   	
15       	10      	0.693	0.00748192  	56.9087      	0.617656   8.94163   	
15       	18      	0.29 	0.00785901  	58.6395      	0.597187   8.55959   	
