0        	1       	0.06 	0.0810804   	93.9021      	0.0405625  0.636573  	
0        	2       	0.524	0.0491446   	89.6047      	0.0952933  1.2733    	
0        	3       	0.894	0.0317189   	92.18        	0.0729705  1.27604   	
0        	4       	0.466	0.0425087   	90.5982      	0.0846317  1.34735   	
0        	6       	0.532	0.0293876   	87.3629      	0.14687    2.24898   	
0        	7       	0.662	0.0436316   	89.4913      	0.10904    1.87473   	
0        	8       	0.542	0.0363357   	89.6813      	0.109226   1.68491   	
0        	9       	0.942	0.00345678  	0            	0          0.000412  	
0        	10      	0.846	0.0353869   	88.1688      	0.115572   1.23963   	
0        	11      	0.8  	0.0658541   	90.9653      	0.0701385  0.823367  	
0        	12      	0.564	0.0451075   	90.0162      	0.10356    1.90711   	
0        	14      	0.866	0.00124762  	0            	0          0.00056   	
0        	15      	0.962	0.000558752 	0            	0          0.000692  	
0        	16      	0.952	0.0584827   	91.7828      	0.0791284  1.38761   	
0        	17      	0.854	0.0425902   	90.9559      	0.0873678  1.64038   	
0        	20      	0.952	0.0665887   	91.5831      	0.0726533  1.08727   	
18       	13      	0.794	0.00472889  	33.9074      	0.971906   13.4088   	
19       	5       	0.602	0.00353691  	12.6587      	1.29995    16.2673   	
