0        	1       	0.932	0.00758944  	91.5444      	0.0753352  1.08916   	
0        	2       	0.938	0.0300374   	85.9783      	0.158617   1.91273   	
0        	4       	0.942	0.0418212   	90.2569      	0.103133   1.8784    	
0        	5       	0.952	0.0627535   	92.5041      	0.0543183  0.789555  	
0        	7       	0.914	0.0445431   	90.9255      	0.0831856  1.27268   	
0        	8       	0.948	0.065916    	91.8746      	0.0731116  1.12617   	
0        	10      	0.866	0.0590751   	93.1169      	0.0550911  1.08459   	
0        	11      	0.456	0.0393157   	88.9365      	0.118199   1.83201   	
0        	12      	0.922	0.0747615   	92.7749      	0.060958   1.15796   	
0        	14      	0.676	0.0493221   	92.6847      	0.0653148  1.0499    	
0        	17      	0.856	0.0509598   	92.343       	0.0629921  1.15942   	
0        	18      	0.954	0.0445796   	89.6327      	0.106419   1.31607   	
0        	19      	0.456	0.0644803   	91.3271      	0.0748951  1.08443   	
0        	20      	0.914	0.0385011   	88.8871      	0.107014   1.42208   	
6        	9       	0.834	0.00482004  	34.9581      	0.95916    13.5321   	
6        	13      	0.373	0.000552491 	96.6481      	0.0030472  0.000154  	
16       	3       	0.724	0.00696583  	54.0567      	0.65875    8.94721   	
16       	15      	0.092	0.00764195  	57.8902      	0.608239   8.03505   	
