0        	3       	0.952	0.0213702   	83.5191      	0.207894   3.18389   	
0        	4       	0.514	0.0333985   	86.6934      	0.14081    1.79682   	
0        	6       	0.962	0.0302762   	86.9523      	0.154752   2.58838   	
0        	9       	0.084	0.0430378   	89.9501      	0.095278   1.38427   	
0        	12      	0.564	0.0479109   	90.0422      	0.0972728  1.83164   	
0        	16      	0.958	0.023178    	83.8383      	0.200245   2.9985    	
0        	19      	0.662	0.0288202   	85.4582      	0.164005   1.90967   	
0        	20      	0.564	0.0298212   	88.0926      	0.135964   2.44538   	
2        	18      	0.09 	0.00353747  	12.5926      	1.3007     16.231    	
7        	5       	0.674	0.00354838  	12.4743      	1.31325    16.307    	
11       	8       	0.39 	0.00353725  	12.5826      	1.30039    16.1978   	
14       	10      	0.691	0.00470629  	33.42        	0.983121   13.4922   	
15       	13      	0.331	0.00353865  	12.5646      	1.30115    16.151    	
17       	1       	0.408	0.00355088  	12.7557      	1.30449    16.3052   	
