0        	5       	0.938	0.0018764   	96.4711      	0.00320811 0.000117  	
0        	6       	0.868	0.00375443  	96.3419      	0.00332557 0.00022   	
0        	9       	0.582	0.00220136  	96.4124      	0.0032585  0.000267  	
0        	11      	0.944	0.0534258   	0            	0          0.000501  	
0        	14      	0.974	0.00427109  	96.2433      	0.00341204 0.000304  	
0        	15      	0.952	0.0077399   	58.0855      	0.606226   8.55215   	
0        	16      	0.516	0.00754843  	57.3391      	0.60858    8.78621   	
0        	20      	0.95 	0.00227195  	96.4434      	0.00323332 0.000154  	
1        	19      	0.706	0.00466538  	32.9302      	0.989203   13.6262   	
2        	10      	0.695	0.00468887  	33.311       	0.985012   13.4121   	
7        	3       	0.088	0.00352795  	12.4186      	1.30212    16.2474   	
8        	17      	0.617	0.00479374  	34.5652      	0.969203   13.479    	
13       	4       	0.47 	0.00353024  	12.4834      	1.30243    16.2678   	
18       	12      	0.795	0.00353182  	12.4438      	1.30591    16.3094   	
