0        	5       	0.336	0.028193    	87.1331      	0.150343   2.61772   	
0        	11      	0.964	0.0254501   	85.2211      	0.181204   3.21807   	
0        	12      	0.948	0.0267332   	85.5986      	0.175923   2.91952   	
0        	14      	0.592	0.0276572   	86.0885      	0.1698     2.86174   	
0        	16      	0.956	0.0246657   	85.2568      	0.171713   3.08132   	
0        	19      	0.986	0.0168857   	78.8306      	0.278882   3.85665   	
1        	15      	0.719	0.00481157  	34.9297      	0.955982   13.461    	
6        	17      	0.668	0.00354326  	12.7467      	1.30148    16.3065   	
9        	4       	0.629	0.00475954  	34.2994      	0.965076   13.5484   	
10       	8       	0.445	0.00467958  	33.08        	0.985012   13.3802   	
13       	7       	0.641	0.00353915  	12.6306      	1.30109    16.2567   	
18       	2       	0.632	0.00353417  	12.5461      	1.30059    16.2399   	
20       	3       	0.781	0.00475436  	34.0423      	0.970903   13.4107   	
