0        	1       	0.946	0.0398738   	90.019       	0.105652   1.83621   	
0        	3       	1    	0.0177191   	79.9075      	0.264695   3.54861   	
0        	6       	0.564	0.0402454   	89.317       	0.11796    2.05651   	
0        	12      	0.564	0.0253038   	85.2813      	0.171744   2.9583    	
0        	13      	0.938	0.058035    	91.7289      	0.0784437  1.50038   	
0        	14      	0.928	0.0358307   	90.4519      	0.100091   1.61227   	
0        	15      	0.938	0.0330044   	87.92        	0.140501   2.49251   	
0        	20      	0.972	0.0305853   	86.8005      	0.155174   2.49037   	
7        	4       	0.07 	0.00352819  	12.3785      	1.30316    16.1995   	
8        	10      	0.673	0.0035741   	13.3065      	1.29466    16.2048   	
9        	19      	0.684	0.00353266  	12.4401      	1.30343    16.2235   	
11       	17      	0.263	0.00353425  	12.5337      	1.30086    16.2398   	
16       	5       	0.096	0.00475353  	34.0116      	0.971847   13.4023   	
18       	2       	0.084	0.00471713  	33.5925      	0.980958   13.4466   	
