0        	5       	0.954	0.035236    	89.7311      	0.11065    1.98251   	
0        	6       	0.956	0.0293201   	87.1267      	0.150418   2.17586   	
0        	10      	0.938	0.0415257   	88.7511      	0.112761   1.53799   	
0        	11      	0.936	0.038162    	88.6412      	0.123465   2.09563   	
0        	13      	0.072	0.0281481   	88.5466      	0.126467   2.01902   	
0        	14      	0.958	0.0638843   	91.4194      	0.0723617  0.905234  	
0        	15      	0.954	0.0281099   	86.1725      	0.164413   2.48037   	
0        	16      	0.938	0.0750307   	93.0086      	0.057381   1.32824   	
0        	19      	0.59 	0.0378972   	89.7101      	0.111847   2.09355   	
0        	20      	0.782	0.0490002   	90.7857      	0.0945526  1.79502   	
2        	17      	0.154	0.00471496  	33.5842      	0.979237   13.4364   	
3        	18      	0.074	0.00353586  	12.6004      	1.30109    16.2632   	
4        	7       	0.109	0.00353787  	12.574       	1.3017     16.1826   	
9        	8       	0.109	0.00478456  	34.5487      	0.963812   13.328    	
12       	1       	0.071	0.0035347   	12.5524      	1.30115    16.1545   	
