0        	2       	0.906	0.0346063   	88.6888      	0.12394    2.13487   	
0        	4       	0.69 	0.030872    	89.421       	0.115917   2.16859   	
0        	5       	0.938	0.0441222   	89.5419      	0.108515   1.57293   	
0        	6       	0.58 	0.0419911   	89.6657      	0.113699   1.91912   	
0        	13      	0.572	0.0320111   	87.6545      	0.137003   2.62373   	
0        	14      	0.948	0.0342134   	88.1261      	0.133916   2.06155   	
0        	16      	0.942	0.0247363   	84.8133      	0.181406   2.82537   	
0        	18      	0.936	0.0226625   	83.5229      	0.206747   2.99583   	
8        	15      	0.684	0.00353302  	12.5189      	1.3009     16.241    	
11       	7       	0.069	0.00355809  	13.0254      	1.29373    16.1559   	
12       	1       	0.715	0.00353407  	12.4529      	1.30766    16.3251   	
17       	9       	0.755	0.00353385  	12.5353      	1.30178    16.1896   	
19       	10      	0.585	0.00355526  	12.6511      	1.30915    16.1732   	
20       	3       	0.08 	0.00353872  	12.654       	1.29902    16.2014   	
