0        	1       	0.948	0.0466464   	90.2686      	0.102012   1.87304   	
0        	2       	0.928	0.0258912   	84.6928      	0.178858   2.13498   	
0        	3       	0.592	0.052001    	91.6787      	0.0684567  1.0473    	
0        	4       	0.94 	0.0453021   	90.2733      	0.0934101  1.80761   	
0        	5       	0.456	0.0365      	89.9795      	0.107057   1.83384   	
0        	10      	0.736	0.0275539   	86.2099      	0.164318   2.58076   	
0        	11      	0.456	0.0453695   	90.2711      	0.0975577  1.64485   	
0        	15      	0.662	0.027707    	86.2148      	0.166415   3.02952   	
0        	16      	0.772	0.0561496   	91.3311      	0.084682   1.79491   	
0        	17      	0.676	0.0524491   	91.8353      	0.0728989  1.01032   	
7        	6       	0.546	0.00353557  	12.592       	1.29992    16.28     	
9        	20      	0.437	0.00356112  	12.9997      	1.29847    16.2936   	
14       	12      	0.718	0.00493925  	36.469       	0.935877   13.4524   	
18       	13      	0.68 	0.00353092  	12.4388      	1.30251    16.2749   	
19       	8       	0.793	0.00353263  	12.5023      	1.30603    16.2999   	
