0        	1       	0.94 	0.0478775   	90.5097      	0.0939629  1.46225   	
0        	3       	0.866	0.0682714   	92.6806      	0.0632071  1.27423   	
0        	4       	0.856	0.0532055   	90.4556      	0.0858805  1.27807   	
0        	5       	0.078	0.0644957   	91.9446      	0.0725115  1.30895   	
0        	6       	0.772	0.0464312   	92.9882      	0.060551   1.34645   	
0        	10      	0.69 	0.0330222   	88.4062      	0.126708   2.38996   	
0        	12      	0.944	0.051162    	91.7433      	0.0713012  1.12213   	
0        	13      	0.58 	0.0387234   	88.9957      	0.122407   2.35451   	
0        	14      	0.94 	0.0295708   	86.7099      	0.157626   2.47662   	
0        	16      	0.936	0.0441103   	89.1305      	0.107581   1.31638   	
0        	19      	0.83 	0.0641937   	92.0315      	0.0637779  1.2728    	
0        	20      	0.846	0.0912582   	93.1099      	0.0479245  0.866004  	
7        	9       	0.571	0.00353218  	12.454       	1.30301    16.3075   	
11       	17      	0.058	0.0047095   	33.5804      	0.981047   13.4483   	
15       	8       	0.731	0.00469378  	33.2001      	0.984222   13.41     	
18       	2       	0.41 	0.00474108  	33.9699      	0.972993   13.3973   	
