0        	1       	0.954	0.0377266   	89.2684      	0.111316   1.65166   	
0        	3       	0.662	0.0610904   	92.2606      	0.0581328  1.15975   	
0        	5       	0.944	0.0507749   	91.3136      	0.083647   1.20633   	
0        	8       	0.914	0.0490395   	91.9174      	0.071317   1.23521   	
0        	10      	0.866	0.0528183   	91.244       	0.0855324  1.9084    	
0        	11      	0.928	0.0555025   	92.5039      	0.0661417  1.01104   	
0        	13      	0.958	0.0514033   	91.1499      	0.0811287  1.31275   	
0        	14      	0.078	0.0787337   	92.9742      	0.0606722  1.30908   	
0        	15      	0.938	0.0697025   	92.1071      	0.0649327  1.09063   	
0        	16      	0.936	0.0566777   	91.624       	0.0806577  1.51392   	
0        	17      	0.914	0.0439435   	93.6676      	0.0483617  0.828096  	
0        	18      	0.958	0.0632608   	91.741       	0.0757401  1.38651   	
0        	19      	0.894	0.0461465   	90.2993      	0.0966446  2.0584    	
0        	20      	0.924	0.0662424   	91.5987      	0.0771095  1.04951   	
2        	4       	0.547	0.00469113  	33.2367      	0.98128    13.4772   	
6        	9       	0.555	0.00353769  	12.632       	1.29999    16.2719   	
12       	7       	0.649	0.00473432  	33.8184      	0.975124   13.4783   	
