0        	1       	0.95 	0.023275    	84.4153      	0.161657   1.43003   	
0        	2       	0.476	0.0286598   	86.9591      	0.148036   2.205     	
0        	5       	0.942	0.0356028   	88.577       	0.12883    2.09547   	
0        	6       	0.942	0.0421902   	87.8395      	0.10942    1.23415   	
0        	9       	0.93 	0.0632308   	91.5552      	0.0728943  1.01275   	
0        	10      	0.548	0.0577178   	91.8277      	0.0735638  1.19673   	
0        	11      	0.772	0.0333445   	94.4366      	0.0351707  0.560563  	
0        	12      	0.914	0.0797527   	92.2731      	0.060015   0.900429  	
0        	13      	0.942	0.0360339   	89.6473      	0.108405   1.53478   	
0        	15      	0.45 	0.0511416   	91.3555      	0.0844436  1.53336   	
0        	16      	0.952	0.0318044   	87.3627      	0.149104   2.34714   	
0        	18      	0.932	0.0347749   	89.3806      	0.108607   2.16224   	
7        	3       	0.15 	0.00354589  	12.6444      	1.30575    16.3116   	
14       	17      	0.576	0.00353077  	12.4539      	1.30251    16.272    	
19       	4       	0.795	0.00353001  	12.4137      	1.30527    16.2456   	
20       	8       	0.179	0.00355471  	12.637       	1.30896    16.1832   	
