0        	2       	0.962	0.0397955   	90.4444      	0.10017    1.72192   	
0        	5       	0.59 	0.0655837   	92.1207      	0.0709266  1.38338   	
0        	8       	0.95 	0.0289979   	87.0473      	0.15131    2.14048   	
0        	9       	0.956	0.0474151   	91.4928      	0.0780163  1.1645    	
0        	10      	0.938	0.0395588   	89.1135      	0.120207   1.94658   	
0        	12      	0.772	0.0391846   	89.2293      	0.10846    2.19375   	
0        	13      	0.728	0.0458442   	90.3272      	0.101398   2.02029   	
0        	14      	0.662	0.0412508   	89.1738      	0.115664   1.86959   	
0        	19      	0.936	0.0402417   	89.804       	0.109897   2.05888   	
0        	20      	0.772	0.0368566   	88.3588      	0.126535   1.94432   	
1        	16      	0.218	0.00472171  	33.749       	0.969174   13.4521   	
3        	15      	0.69 	0.00353976  	12.6009      	1.30239    16.2451   	
4        	6       	0.705	0.00355432  	12.623       	1.30908    16.1837   	
17       	7       	0.366	0.00353978  	12.656       	1.29992    16.1879   	
18       	11      	0.681	0.00470347  	33.4982      	0.980333   13.4006   	
