0        	1       	0.94 	0.00232436  	96.3003      	0.00336338 0.000294  	
0        	4       	0.466	0.0115304   	71.851       	0.390791   5.79389   	
0        	7       	0.532	0.00391053  	96.5549      	0.00313195 0.000117  	
0        	8       	1    	0.000216062 	96.6549      	0.00304099 0.000191  	
0        	9       	0.476	0.00364514  	96.589       	0.00310087 0.000117  	
0        	10      	0.906	0.0115676   	71.0799      	0.394721   6.16188   	
0        	12      	1    	0.00104486  	96.3472      	0.00332071 0.000117  	
0        	13      	0.782	0.00326829  	96.2765      	0.00338192 0.000423  	
0        	15      	0.87 	0.0119064   	71.5691      	0.395257   5.7489    	
0        	20      	0.94 	0.00173218  	96.2393      	0.0034188  0.000257  	
2        	16      	0.08 	0.00478165  	34.2843      	0.972134   13.4977   	
5        	18      	0.068	0.00354889  	12.5429      	1.31064    16.3233   	
14       	11      	0.536	0.00353296  	12.5038      	1.30393    16.2456   	
17       	6       	0.182	0.00475747  	34.1449      	0.97023    13.4767   	
19       	3       	0.419	0.00492935  	36.4497      	0.928539   13.355    	
