0        	3       	0.676	0.0242695   	85.8181      	0.172581   3.06752   	
0        	7       	0.936	0.0179432   	80.0857      	0.260845   4.00527   	
0        	13      	0.062	0.0314816   	88.3722      	0.130221   2.52517   	
0        	16      	0.914	0.0295203   	87.0468      	0.151315   2.46954   	
0        	18      	0.548	0.0338254   	87.9674      	0.129674   2.32388   	
0        	19      	0.928	0.0178436   	80.3421      	0.257527   4.08052   	
5        	9       	0.27 	0.00353022  	12.4597      	1.30473    16.3227   	
6        	4       	0.452	0.00353656  	12.6443      	1.29996    16.1516   	
8        	15      	0.107	0.00353431  	12.4751      	1.30427    16.2848   	
10       	1       	0.556	0.0046678   	32.9741      	0.984121   13.4544   	
11       	2       	0.419	0.00355012  	12.7516      	1.30131    16.1516   	
14       	12      	0.602	0.00475724  	34.0906      	0.974016   13.4387   	
20       	17      	0.653	0.003538    	12.5618      	1.30293    16.2854   	
