0        	5       	0.772	0.0209097   	84.44        	0.194045   3.21797   	
0        	12      	0.962	0.0237483   	84.1783      	0.196678   2.96087   	
0        	13      	0.516	0.0234438   	84.1136      	0.199336   3.62882   	
0        	14      	0.54 	0.0269509   	86.9872      	0.151237   2.35598   	
0        	15      	0.062	0.0229423   	83.888       	0.195937   3.22566   	
0        	16      	0.884	0.0214603   	82.5883      	0.217814   2.8452    	
1        	18      	0.4  	0.00482759  	35.2595      	0.94701    13.4757   	
2        	19      	0.721	0.00464242  	32.6735      	0.991206   13.4263   	
3        	6       	0.557	0.00353552  	12.5068      	1.30343    16.2124   	
9        	11      	0.574	0.00457982  	31.7026      	1.0033     13.4226   	
10       	8       	0.068	0.00471266  	33.4869      	0.979114   13.4542   	
17       	4       	0.656	0.00353515  	12.57        	1.30086    16.234    	
20       	7       	0.54 	0.00353387  	12.5015      	1.30123    16.1627   	
