0        	1       	0.072	0.0365185   	88.6283      	0.128252   2.20712   	
0        	6       	0.728	0.039458    	88.8893      	0.117574   1.76039   	
0        	8       	0.466	0.0275612   	85.7671      	0.170358   2.54849   	
0        	9       	0.862	0.0471564   	89.9004      	0.0999964  1.61334   	
0        	10      	0.932	0.0408633   	89.9409      	0.105448   1.60127   	
0        	11      	0.064	0.0619534   	91.639       	0.0752626  1.09142   	
0        	12      	0.456	0.0435472   	91.4121      	0.08389    1.64505   	
0        	14      	0.668	0.0676902   	92.2979      	0.0726898  1.27392   	
0        	16      	0.068	0.0400793   	90.8127      	0.0932401  1.64762   	
0        	18      	0.936	0.0529369   	91.7442      	0.0782987  1.38784   	
0        	19      	0.466	0.138889    	95.3336      	0.0245602  0.337055  	
0        	20      	0.514	0.0544492   	92.7962      	0.0572444  1.25689   	
2        	7       	0.64 	0.00352933  	12.4035      	1.30515    16.2497   	
4        	17      	0.813	0.00353834  	12.6549      	1.29988    16.2708   	
13       	5       	0.726	0.00482792  	35.088       	0.958178   13.4828   	
15       	3       	0.077	0.00354277  	12.5004      	1.30896    16.1809   	
