0        	2       	0.214	0.00165067  	0            	0          0.000348  	
0        	6       	0.108	0.00224883  	96.609       	0.00308271 0.000117  	
0        	9       	1    	0.00289646  	96.6115      	0.00308043 0.000117  	
0        	10      	0.678	0.00356958  	13.1339      	1.29862    16.3025   	
0        	11      	0.476	0.00232888  	0            	0          0.000216  	
0        	12      	0.05 	0.0035521   	0            	0          0.000216  	
0        	14      	0.478	0.000597231 	96.5918      	0.00309837 0.000154  	
0        	18      	0.078	0.00245254  	96.6373      	0.00305698 0.000117  	
5        	3       	0.546	0.00490564  	36.2665      	0.937614   13.43     	
13       	1       	0.533	0.00355097  	12.8653      	1.29953    16.2299   	
15       	20      	0.546	0.00353505  	12.5194      	1.30296    16.1767   	
16       	7       	0.087	0.00353797  	12.6444      	1.29819    16.1341   	
17       	4       	0.489	0.00467745  	33.0825      	0.989168   13.4807   	
19       	8       	0.457	0.00354844  	12.8739      	1.29976    16.2655   	
