0        	1       	0.776	0.0792649   	92.7507      	0.0611345  1.08493   	
0        	3       	0.954	0.0236039   	91.5426      	0.0794694  1.30717   	
0        	4       	0.772	0.0412436   	89.4292      	0.1149     2.16884   	
0        	6       	0.958	0.0331986   	90.2483      	0.103224   1.61014   	
0        	7       	0.456	0.0838844   	93.0847      	0.05689    1.16113   	
0        	9       	0.956	0.0457206   	87.7634      	0.0978924  1.01082   	
0        	10      	0.922	0.0271666   	85.9091      	0.166323   2.50931   	
0        	11      	0.972	0.105927    	91.1335      	0.0469126  0.463903  	
0        	12      	0.938	0.0538692   	93.1623      	0.0547275  0.973119  	
0        	13      	0.954	0.128489    	94.3359      	0.0337952  0.602075  	
0        	14      	0.668	0.0836855   	93.2126      	0.0542512  1.43477   	
0        	15      	0.944	0.135558    	92.2646      	0.0188822  0.078237  	
0        	18      	0.866	0.0265551   	85.3198      	0.176476   2.54621   	
0        	19      	0.828	0.0534968   	91.8503      	0.0784787  1.49772   	
5        	2       	0.25 	0.00461586  	32.1597      	1.00033    13.3712   	
8        	16      	0.692	0.00489873  	36.062       	0.931724   13.5049   	
20       	17      	0.244	0.00474572  	34.0529      	0.972164   13.4714   	
