0        	2       	0.944	0.0361158   	88.0133      	0.131342   1.90965   	
0        	4       	0.052	0.0373771   	88.2105      	0.125917   1.72058   	
0        	5       	0.514	0.0430935   	89.7321      	0.105399   1.6078    	
0        	9       	0.938	0.0282427   	85.4658      	0.162815   1.83309   	
0        	11      	0.95 	0.0418042   	90.9278      	0.0940277  1.5727    	
0        	12      	0.954	0.0531016   	90.9772      	0.0812198  1.16494   	
0        	17      	0.478	0.0450842   	90.0754      	0.105912   1.96484   	
0        	18      	0.476	0.0370947   	88.7538      	0.122241   2.01907   	
0        	19      	0.952	0.037919    	88.5507      	0.124449   1.98791   	
0        	20      	0.548	0.0251284   	87.1795      	0.141613   2.55352   	
8        	3       	0.318	0.00462904  	32.3623      	1.00027    13.449    	
10       	6       	0.773	0.00467697  	33.0694      	0.988184   13.4602   	
14       	13      	0.192	0.00352908  	12.4171      	1.30197    16.2497   	
15       	1       	0.084	0.00353705  	12.5814      	1.30162    16.1434   	
16       	7       	0.179	0.00490381  	36.5926      	0.926432   13.3904   	
