0        	1       	0.938	0.0704822   	90.764       	0.0694091  0.937011  	
0        	3       	0.948	0.0547757   	92.4749      	0.0619067  0.901609  	
0        	6       	0.954	0.0262028   	86.9556      	0.149001   1.98679   	
0        	7       	0.922	0.0315656   	88.1649      	0.136001   2.39108   	
0        	9       	0.686	0.094669    	93.471       	0.0560695  0.785393  	
0        	12      	0.954	0.0324554   	87.5004      	0.145272   2.17582   	
0        	13      	0.726	0.0446382   	90.349       	0.0772446  0.822877  	
0        	15      	0.476	0.0693863   	91.485       	0.0670803  0.748652  	
0        	16      	0.938	0.0564368   	91.1692      	0.0837521  1.53311   	
0        	18      	0.94 	0.0554547   	90.4625      	0.0841548  1.1214    	
0        	19      	0.92 	0.0316877   	88.8427      	0.114496   2.00945   	
0        	20      	0.93 	0.0296579   	86.907       	0.155289   2.69587   	
2        	11      	0.064	0.00355579  	12.6638      	1.31047    16.1592   	
4        	8       	0.659	0.00485014  	35.4543      	0.949024   13.5235   	
5        	17      	0.781	0.00476977  	34.3648      	0.964912   13.4224   	
10       	14      	0.594	0.00473895  	33.9018      	0.976198   13.5239   	
