0        	3       	0.948	0.00112265  	96.4531      	0.00322445 0.000117  	
0        	4       	0.662	0.0020127   	0            	0          0.000462  	
0        	6       	0.448	0           	96.3859      	0.00328558 0.000183  	
0        	8       	0.232	0.00180475  	96.3656      	0.00330404 0.000117  	
0        	9       	0.928	0.0150353   	77.0224      	0.309851   4.74909   	
0        	10      	0.94 	6.3851e-05  	96.4233      	0.0032515  0.00022   	
0        	11      	0.06 	0.00150359  	96.5566      	0.00313038 0.000117  	
0        	12      	0.998	0.0123732   	72.6837      	0.370494   5.80971   	
0        	13      	0.958	0.00062334  	96.3461      	0.00332171 0.000286  	
0        	14      	0.476	0.00954997  	65.5348      	0.488099   7.17623   	
0        	15      	0.476	0.0031558   	0            	0          0.000462  	
0        	16      	0.83 	0.00411156  	96.226       	0.00342783 0.000315  	
0        	17      	0.682	0.00166509  	96.482       	0.00319816 0.000117  	
0        	18      	0.686	0.001266    	96.4337      	0.00324212 0.000117  	
2        	5       	0.354	0.0047035   	33.5513      	0.97927    13.5179   	
7        	1       	0.446	0.00353851  	12.5986      	1.30247    16.2457   	
20       	19      	0.657	0.00475769  	34.2311      	0.965105   13.525    	
