0        	1       	0.476	0.0302909   	86.7645      	0.152094   2.32037   	
0        	2       	0.956	0.0270252   	86.2508      	0.165284   2.58436   	
0        	4       	0.946	0.0211013   	82.7466      	0.220577   3.55732   	
0        	11      	0.062	0.0273991   	85.8169      	0.169001   2.80461   	
0        	12      	0.938	0.0215172   	89.0497      	0.119025   1.83606   	
0        	13      	0.366	0.0484183   	90.9546      	0.0907044  1.79672   	
0        	14      	0.456	0.0385377   	89.0251      	0.117491   2.57006   	
0        	16      	0.948	0.0578924   	92.8305      	0.0604884  0.975299  	
5        	10      	0.413	0.00353221  	12.4966      	1.30148    16.3186   	
6        	15      	0.47 	0.00476899  	34.2612      	0.969144   13.4679   	
7        	19      	0.349	0.00469721  	33.2912      	0.988279   13.4941   	
17       	8       	0.446	0.00354235  	12.6231      	1.30123    16.1383   	
18       	9       	0.725	0.00469701  	33.3647      	0.984085   13.376    	
20       	3       	0.726	0.00353445  	12.4758      	1.30208    16.2346   	
