0        	5       	0.514	0.0426049   	89.683       	0.105903   1.68249   	
0        	9       	0.87 	0.0245428   	84.4448      	0.183608   2.28327   	
0        	10      	0.668	0.0363652   	88.3869      	0.129178   1.7582    	
0        	11      	0.946	0.0154031   	77.2069      	0.305166   3.888     	
0        	12      	0.58 	0.0276034   	91.0422      	0.0909118  1.60729   	
0        	17      	0.548	0.0282715   	86.2196      	0.165365   2.49174   	
0        	19      	0.94 	0.0184012   	81.4649      	0.231991   3.47576   	
0        	20      	0.952	0.135711    	94.3194      	0.0365206  0.748205  	
1        	15      	0.286	0.00353037  	12.4552      	1.30457    16.3256   	
3        	16      	0.81 	0.00353175  	12.4863      	1.30123    16.1651   	
6        	2       	0.116	0.00354916  	12.5228      	1.31339    16.1854   	
13       	8       	0.255	0.0035341   	12.548       	1.30078    16.2375   	
14       	7       	0.682	0.00478161  	34.787       	0.956967   13.4404   	
18       	4       	0.658	0.00352954  	12.4362      	1.30431    16.2935   	
