0        	1       	0.956	0.0286636   	90.4413      	0.0717978  0.674378  	
0        	2       	0.972	0.0329905   	87.4699      	0.143127   2.17183   	
0        	3       	0.938	0.0581387   	91.4329      	0.0620485  0.787465  	
0        	4       	0.93 	0.0392678   	89.147       	0.119838   2.099     	
0        	5       	0.94 	0.053547    	90.7733      	0.0796781  1.04726   	
0        	7       	0.932	0.0275134   	86.3361      	0.164259   2.32238   	
0        	8       	0.938	0.100817    	93.896       	0.0465477  0.824682  	
0        	11      	0.74 	0.0236413   	84.4786      	0.183846   3.18891   	
0        	13      	0.922	0.0407346   	89.6614      	0.107275   1.64622   	
0        	14      	0.96 	0.179947    	94.7814      	0.0296511  0.345686  	
0        	15      	0.456	0.0666537   	92.3769      	0.0672624  1.15937   	
0        	19      	0.936	0.034313    	86.8983      	0.1373     1.61155   	
6        	17      	0.85 	0.00353635  	12.5861      	1.30243    16.2496   	
12       	9       	0.076	0.00355246  	12.8702      	1.29819    16.2462   	
18       	16      	0.496	0.00470149  	33.306       	0.984144   13.3855   	
20       	10      	0.266	0.00474025  	33.9755      	0.972281   13.4457   	
