0        	1       	0.476	0.0676346   	93.4304      	0.0500734  0.826133  	
0        	3       	0.928	0.0522891   	91.6643      	0.0735191  1.01262   	
0        	5       	0.736	0.0437449   	91.2502      	0.0787627  0.975337  	
0        	6       	0.81 	0.0458967   	90.6318      	0.0972053  1.87135   	
0        	7       	0.644	0.0735282   	92.4605      	0.0566594  1.05      	
0        	8       	0.592	0.0529318   	92.258       	0.0696908  1.04981   	
0        	9       	0.856	0.0284621   	85.2834      	0.161208   1.83319   	
0        	10      	0.856	0.0651676   	90.5108      	0.0737022  1.04719   	
0        	11      	0.952	0.0918634   	91.4921      	0.0507331  0.44978   	
0        	12      	0.952	0.02285     	85.5374      	0.175997   2.47773   	
0        	13      	0.94 	0.045623    	91.5971      	0.0783628  1.25693   	
0        	14      	0.894	0.0533662   	91.1309      	0.0878128  1.42605   	
0        	17      	0.564	0.0865612   	92.871       	0.055371   0.785116  	
0        	18      	0.572	0.0357259   	88.109       	0.109005   1.23486   	
0        	19      	0.94 	0.0019042   	92.606       	0.00634679 0.038525  	
0        	20      	0.682	0.0536858   	90.1283      	0.0686632  0.692257  	
2        	15      	0.806	0.00474306  	33.8974      	0.973074   13.4521   	
4        	16      	0.722	0.00353032  	12.413       	1.30423    16.1809   	
