0        	3       	0.952	0.0305646   	87.1682      	0.150643   2.54682   	
0        	5       	0.894	0.0323001   	87.4415      	0.14674    2.28111   	
0        	7       	0.728	0.0276679   	85.7173      	0.166846   2.4696    	
0        	9       	0.942	0.030108    	87.3875      	0.145773   2.09933   	
0        	11      	0.94 	0.0265984   	85.5904      	0.175322   2.89044   	
0        	13      	0.476	0.0514255   	91.4515      	0.0797687  1.49578   	
0        	15      	0.938	0.0236686   	84.3475      	0.190476   2.69392   	
0        	20      	0.928	0.0210796   	88.5059      	0.125945   1.79521   	
4        	1       	0.641	0.00353577  	12.5158      	1.30411    16.2795   	
6        	16      	0.215	0.00464621  	32.643       	0.993298   13.5173   	
8        	18      	0.64 	0.00353792  	12.5483      	1.30135    16.154    	
10       	14      	0.645	0.00474271  	34.0852      	0.968005   13.5156   	
17       	12      	0.605	0.00355101  	12.8012      	1.29823    16.259    	
19       	2       	0.733	0.00353336  	12.5329      	1.30204    16.2253   	
