0        	1       	0.476	0.0916954   	92.7332      	0.0405716  0.748295  	
0        	2       	0.826	0.0254542   	84.5998      	0.16599    1.64969   	
0        	3       	0.456	0.0537351   	91.7163      	0.0797693  1.5332    	
0        	5       	0.59 	0.0493895   	90.0529      	0.0971328  1.45933   	
0        	6       	0.8  	0.0660073   	92.8194      	0.063358   1.32429   	
0        	8       	0.942	0.024065    	92.3775      	0.063295   1.15921   	
0        	9       	0.952	0.0452035   	88.875       	0.10377    1.12756   	
0        	10      	0.674	0.0801786   	92.5269      	0.0598128  0.864154  	
0        	11      	0.932	0.0473193   	90.6144      	0.0973858  1.72242   	
0        	12      	0.726	0.0413698   	92.4467      	0.0652273  1.3095    	
0        	16      	0.69 	0.0562772   	91.5161      	0.0778026  1.3486    	
0        	17      	0.942	0.0511397   	90.5821      	0.0932463  1.35127   	
0        	19      	0.926	0.0336079   	89.0177      	0.114399   2.06636   	
0        	20      	0.078	0.0848317   	93.163       	0.0495435  0.935096  	
4        	18      	0.097	0.0035345   	12.5257      	1.30243    16.2608   	
7        	15      	0.682	0.00353431  	12.5404      	1.30239    16.2586   	
13       	14      	0.703	0.00353165  	12.5408      	1.30117    16.2748   	
