0        	4       	0.922	0.0337915   	88.1526      	0.133618   1.9173    	
0        	5       	0.548	0.0307879   	86.9124      	0.151226   2.61735   	
0        	9       	0.948	0.0262135   	86.0844      	0.163073   2.82553   	
0        	10      	0.682	0.0408822   	89.7615      	0.109385   1.98739   	
0        	11      	0.514	0.0320555   	87.4551      	0.147994   2.65691   	
0        	12      	0.958	0.0461522   	90.4519      	0.100091   1.61132   	
0        	13      	0.58 	0.0258601   	85.713       	0.17386    2.95529   	
0        	16      	0.118	0.0502303   	90.7165      	0.0952937  1.83289   	
1        	8       	0.687	0.00455915  	31.4653      	1.00844    13.4446   	
2        	20      	0.169	0.00471009  	33.5654      	0.979081   13.362    	
3        	15      	0.616	0.00468855  	33.3343      	0.980244   13.5471   	
7        	19      	0.117	0.00353563  	12.5155      	1.30465    16.1949   	
14       	6       	0.068	0.00353072  	12.4653      	1.30168    16.3198   	
17       	18      	0.469	0.00485545  	35.4928      	0.948859   13.4026   	
