0        	3       	0.718	0.0583231   	92.616       	0.0651526  1.42114   	
0        	5       	0.854	0.0472156   	91.0955      	0.0862122  1.68328   	
0        	6       	0.54 	0.0505342   	90.7114      	0.0931428  1.83338   	
0        	7       	0.88 	0.0378225   	89.3042      	0.116224   2.13206   	
0        	8       	0.948	0.0285324   	89.2567      	0.114579   1.92495   	
0        	11      	0.914	0.0344826   	88.1685      	0.13596    2.50847   	
0        	13      	0.87 	0.0381418   	88.7999      	0.119459   1.9128    	
0        	15      	0.67 	0.0396361   	89.0424      	0.118106   2.05935   	
0        	17      	0.93 	0.0382162   	89.5781      	0.113281   2.04711   	
0        	20      	0.674	0.041388    	89.961       	0.0966722  1.56876   	
1        	9       	0.721	0.00353524  	12.522       	1.30216    16.227    	
4        	10      	0.457	0.00355491  	12.7152      	1.30691    16.2352   	
16       	12      	0.457	0.00352441  	12.3694      	1.29981    16.2058   	
18       	14      	0.08 	0.00471042  	33.4836      	0.980185   13.4423   	
19       	2       	0.82 	0.00475678  	34.2292      	0.969811   13.3481   	
