0        	1       	0.936	0.0656791   	90.3835      	0.0746547  0.750585  	
0        	2       	0.932	0.0288573   	87.3266      	0.141754   2.60068   	
0        	3       	0.956	0.00497766  	0            	0          0.00056   	
0        	5       	0.95 	0.0270508   	92.0074      	0.0743494  1.00087   	
0        	6       	0.514	0.072324    	92.3816      	0.064276   1.15951   	
0        	7       	0.962	0.00183011  	0            	0          0.000412  	
0        	8       	0.96 	0.0306555   	86.924       	0.15026    2.17067   	
0        	9       	0.854	0.0966292   	94.0263      	0.0422284  0.601455  	
0        	10      	0.592	0.062766    	92.0058      	0.0758173  1.49585   	
0        	12      	0.942	0.034654    	89.7519      	0.109488   1.83856   	
0        	13      	0.894	0.037127    	88.3503      	0.118231   1.49972   	
0        	14      	0.958	0.0394284   	89.189       	0.120052   2.40639   	
0        	15      	0.854	0.0636708   	92.142       	0.0687191  1.16002   	
0        	18      	0.954	0.00174583  	0            	0          0.000412  	
0        	19      	0.728	0.0426984   	88.7258      	0.110092   1.64604   	
0        	20      	0.944	0.00601223  	0            	0          0.000626  	
4        	16      	0.535	0.00354747  	12.7326      	1.29819    16.1557   	
11       	17      	0.683	0.00355989  	12.9433      	1.30039    16.1645   	
