0        	3       	0.516	0.0196687   	81.5983      	0.234749   3.30283   	
0        	12      	0.59 	0.0184003   	89.8672      	0.107079   1.45875   	
0        	14      	0.912	0.0251371   	84.911       	0.178086   2.95342   	
0        	15      	0.466	0.0264645   	86.7416      	0.155323   2.44882   	
0        	16      	0.514	0.03878     	88.9985      	0.120547   2.21367   	
0        	18      	0.954	0.0402294   	90.7821      	0.0965542  1.46476   	
0        	19      	0.826	0.0392214   	89.1647      	0.109632   1.81208   	
0        	20      	0.532	0.0307881   	87.6719      	0.142485   2.36777   	
2        	13      	0.317	0.00353115  	12.4548      	1.30453    16.3256   	
6        	5       	0.803	0.0046893   	33.3293      	0.980185   13.4701   	
7        	17      	0.699	0.00352149  	12.3319      	1.30587    16.3326   	
8        	9       	0.116	0.0046237   	32.3291      	1.00021    13.4941   	
10       	1       	0.584	0.00466556  	33.0475      	0.985042   13.4046   	
11       	4       	0.119	0.00480022  	34.7488      	0.959045   13.4983   	
