0        	7       	0.954	0.0158592   	78.2172      	0.289908   4.35267   	
0        	9       	0.942	0.0185432   	81.1237      	0.232221   4.02278   	
0        	16      	0.94 	0.0129344   	73.6312      	0.36375    4.98482   	
0        	17      	0.948	0.0153848   	77.2061      	0.306104   4.48813   	
2        	3       	0.532	0.00475879  	34.0444      	0.973996   13.4066   	
4        	1       	0.817	0.00471897  	33.6855      	0.978143   13.4661   	
5        	12      	0.514	0.0047844   	34.4855      	0.962823   13.385    	
10       	8       	0.712	0.0047194   	33.6085      	0.979181   13.5091   	
11       	15      	0.535	0.00356216  	12.8812      	1.30481    16.1884   	
13       	6       	0.727	0.00472996  	33.6907      	0.981077   13.422    	
19       	18      	0.206	0.00353116  	12.4981      	1.30094    16.2456   	
20       	14      	0.382	0.00466267  	33.0569      	0.987092   13.4359   	
