0        	2       	0.96 	0.027184    	85.6849      	0.168131   2.43708   	
0        	3       	0.922	0.0251579   	85.1076      	0.175784   2.28498   	
0        	7       	0.604	0.0157486   	92.8626      	0.0606925  0.785989  	
0        	8       	0.956	0.0253346   	85.5729      	0.171112   2.36008   	
0        	10      	0.466	0.0323482   	88.0183      	0.136011   2.20693   	
0        	11      	0.952	0.0792799   	92.4232      	0.0469283  0.561053  	
0        	14      	0.698	0.0429622   	90.5775      	0.0920434  1.27189   	
0        	15      	0.682	0.0352572   	88.2471      	0.134249   2.31809   	
0        	18      	0.794	0.0238255   	87.0573      	0.144814   2.61361   	
0        	20      	0.626	0.070794    	92.3477      	0.0645907  1.1583    	
1        	5       	0.125	0.00353112  	12.4499      	1.30164    16.3239   	
4        	13      	0.304	0.00354263  	12.6872      	1.30024    16.1786   	
16       	6       	0.213	0.00353942  	12.6076      	1.30121    16.2982   	
17       	9       	0.275	0.00459271  	31.8982      	1.00331    13.5015   	
19       	12      	0.776	0.00470921  	33.4032      	0.981107   13.4046   	
