0        	4       	0.644	0.0254082   	86.0311      	0.167198   2.58428   	
0        	9       	0.942	0.0296195   	87.4385      	0.135718   2.32178   	
0        	12      	0.062	0.0292274   	87.134       	0.150334   2.43025   	
0        	14      	0.604	0.0194521   	80.7661      	0.239862   2.91764   	
0        	15      	0.456	0.044043    	89.6689      	0.1083     1.79477   	
0        	16      	0.514	0.0429804   	91.6664      	0.0802494  1.23512   	
0        	19      	0.668	0.0295378   	85.9157      	0.156623   2.12194   	
0        	20      	0.956	0.025818    	85.173       	0.182448   2.69856   	
3        	1       	0.046	0.00353934  	12.6416      	1.29697    16.1896   	
5        	11      	0.076	0.00472151  	33.6161      	0.978143   13.5536   	
6        	2       	0.766	0.00481862  	35.0484      	0.959073   13.5537   	
8        	10      	0.766	0.0047987   	34.6292      	0.962849   13.4353   	
13       	7       	0.336	0.0047437   	34.0103      	0.970259   13.5769   	
18       	17      	0.19 	0.00354385  	12.7348      	1.29811    16.1201   	
