0        	5       	0.456	0.00755886  	57.3033      	0.617866   8.78386   	
0        	12      	0.474	0.0096333   	65.8006      	0.484496   7.10629   	
1        	18      	0.348	0.00353038  	12.4555      	1.30285    16.3092   	
2        	3       	0.067	0.00483268  	35.0621      	0.955058   13.4121   	
6        	8       	0.676	0.00483658  	35.2231      	0.952957   13.4808   	
7        	14      	0.417	0.00468142  	33.1665      	0.98298    13.3952   	
9        	4       	0.256	0.00472213  	33.6913      	0.977041   13.4782   	
10       	20      	0.668	0.00464978  	32.8246      	0.991206   13.5089   	
11       	19      	0.096	0.0048146   	34.8822      	0.957126   13.4948   	
13       	17      	0.648	0.00353582  	12.5523      	1.30469    16.1873   	
16       	15      	0.301	0.003537    	12.6179      	1.30156    16.2941   	
