0        	1       	0.886	0.0310395   	88.0724      	0.129549   2.49457   	
0        	3       	0.06 	0.0483789   	90.0971      	0.0907799  1.34643   	
0        	6       	0.072	0.0753834   	92.0717      	0.0615787  1.16014   	
0        	7       	0.972	0.0579919   	91.5142      	0.0763544  0.975506  	
0        	8       	0.944	0.0440531   	88.9954      	0.10968    1.16735   	
0        	9       	0.96 	0.0412773   	89.3926      	0.113327   2.09719   	
0        	10      	0.938	0.0321423   	87.9434      	0.139347   2.3594    	
0        	13      	0.986	0.0358925   	91.3008      	0.0733619  0.938605  	
0        	14      	0.69 	0.0372839   	90.0931      	0.0968892  1.45832   	
0        	15      	0.956	0.0411554   	89.874       	0.102733   1.61445   	
0        	16      	0.972	0.0667699   	91.8957      	0.0715088  1.23509   	
0        	19      	0.456	0.0204429   	90.0669      	0.104883   1.66614   	
5        	2       	0.342	0.00355531  	12.7242      	1.30691    16.2357   	
11       	20      	0.514	0.00467696  	33.0256      	0.990099   13.3679   	
12       	4       	0.513	0.00462932  	32.3806      	0.999271   13.4161   	
17       	18      	0.55 	0.00354728  	12.8251      	1.29433    16.2259   	
