0        	1       	0.476	0.028953    	86.5381      	0.159664   2.3973    	
0        	5       	0.922	0.0284262   	86.5323      	0.158967   2.39731   	
0        	8       	0.514	0.0648931   	93.3837      	0.046771   0.748271  	
0        	9       	0.532	0.0249302   	84.8823      	0.186676   2.844     	
0        	11      	0.628	0.0389212   	88.7834      	0.109529   1.46087   	
0        	15      	0.952	0.0318449   	86.2616      	0.141104   1.72565   	
0        	17      	0.532	0.0336836   	87.6799      	0.140933   2.11756   	
0        	18      	0.914	0.0256416   	89.5142      	0.105552   1.80914   	
0        	19      	0.466	0.0660909   	93.14        	0.0586058  0.93507   	
0        	20      	0.682	0.0445287   	90.2501      	0.103205   1.6832    	
4        	10      	0.66 	0.00480442  	34.9707      	0.954049   13.5106   	
6        	2       	0.511	0.00475446  	34.2852      	0.967996   13.5126   	
7        	13      	0.711	0.0035284   	12.3982      	1.30285    16.3181   	
12       	14      	0.719	0.00353057  	12.4273      	1.30148    16.3298   	
16       	3       	0.175	0.0035446   	12.7301      	1.30004    16.1715   	
