0        	1       	0.622	0.0465394   	89.8502      	0.0991481  1.68382   	
0        	3       	0.958	0.0360026   	89.282       	0.118347   2.39508   	
0        	4       	0.604	0.0684535   	92.3673      	0.0687071  1.42069   	
0        	5       	0.952	0.0066475   	95.5295      	0.00406405 0.000339  	
0        	7       	0.866	0.050277    	89.5765      	0.0955904  1.30986   	
0        	8       	0.948	0.0344016   	88.1305      	0.136397   2.21172   	
0        	9       	0.948	0.044872    	89.4411      	0.104544   1.25784   	
0        	10      	0.942	0.0438415   	89.5934      	0.106823   1.61183   	
0        	14      	0.772	0.0539145   	92.1936      	0.0674127  1.23419   	
0        	15      	0.476	0.0345987   	88.6185      	0.126662   2.11594   	
0        	17      	0.962	0.0267603   	88.3763      	0.120609   1.57653   	
0        	18      	0.564	0.0488435   	90.8358      	0.093006   1.79458   	
6        	13      	0.618	0.00353243  	12.4674      	1.30519    16.2369   	
11       	16      	0.079	0.00469436  	33.4088      	0.981191   13.4841   	
12       	20      	0.615	0.00469938  	33.387       	0.982061   13.3958   	
19       	2       	0.577	0.00353956  	12.6364      	1.30335    16.1878   	
