0        	5       	0.604	0.0527969   	91.1808      	0.0884362  1.72244   	
0        	6       	0.476	0.0392702   	88.8019      	0.119638   1.94425   	
0        	8       	0.906	0.025298    	84.8384      	0.185209   2.65728   	
0        	9       	0.944	0.0255743   	85.0805      	0.178189   2.69409   	
0        	13      	0.946	0.0321448   	87.6929      	0.14058    2.2102    	
0        	15      	0.952	0.0275297   	85.904       	0.163826   2.4332    	
0        	17      	0.682	0.0348387   	88.2791      	0.135763   2.17677   	
0        	18      	0.826	0.0252169   	86.641       	0.157684   2.28459   	
3        	1       	0.766	0.00473923  	33.9161      	0.971021   13.4732   	
12       	10      	0.773	0.00470874  	33.5571      	0.977951   13.4147   	
14       	7       	0.511	0.00353527  	12.5953      	1.29689    16.1627   	
16       	11      	0.608	0.00467178  	33.0093      	0.990279   13.4081   	
19       	2       	0.817	0.00477828  	34.4537      	0.965964   13.4311   	
20       	4       	0.067	0.00469791  	33.2837      	0.984025   13.4285   	
