0        	1       	0.942	0.000689541 	96.5801      	0.00310897 0.000249  	
0        	2       	0.942	0.00706555  	54.712       	0.647746   9.07121   	
0        	6       	0.954	0.00443867  	0            	0          0.000662  	
0        	10      	0.926	0.00395738  	96.5599      	0.00312735 0.000249  	
0        	11      	0.956	0.0080136   	59.3545      	0.585705   8.14848   	
0        	13      	0.938	0.0022803   	96.5822      	0.00310713 0.00022   	
0        	14      	0.924	0.00431314  	0            	0          0.00043   	
0        	15      	0.06 	0.00183831  	0            	0          0.00043   	
0        	16      	0.736	0.00245772  	96.5282      	0.00315328 0.000415  	
0        	19      	1    	0.00410763  	96.6161      	0.00307626 0.000117  	
7        	18      	0.175	0.00352769  	12.3476      	1.30373    16.2778   	
8        	17      	0.719	0.00483226  	35.1279      	0.953823   13.4492   	
9        	5       	0.621	0.00474057  	33.8986      	0.971991   13.4626   	
12       	3       	0.606	0.00355879  	12.758       	1.31146    16.2369   	
20       	4       	0.571	0.00467998  	33.0635      	0.985207   13.386    	
