0        	1       	0.69 	0.057374    	94.2162      	0.0395113  0.712015  	
0        	3       	0.942	0.0396302   	91.1221      	0.0814159  1.38886   	
0        	4       	0.894	0.0419873   	89.5401      	0.108533   1.68601   	
0        	5       	0.95 	0.0346858   	89.2713      	0.118465   2.09446   	
0        	6       	0.894	0.0329101   	90.3696      	0.0978953  1.57787   	
0        	7       	0.728	0.0171587   	93.7969      	0.0392027  0.800731  	
0        	9       	0.948	0.0396925   	89.1676      	0.118694   2.02151   	
0        	10      	0.604	0.103289    	91.689       	0.0463726  0.749623  	
0        	11      	0.926	0.0406142   	86.5267      	0.118832   1.12441   	
0        	12      	0.944	0.0469087   	91.8329      	0.0782889  1.05276   	
0        	13      	0.94 	0.0826951   	93.7593      	0.0484716  0.939736  	
0        	14      	0.938	0.0471195   	89.8764      	0.0944659  1.15974   	
0        	16      	0.06 	0.127611    	91.9433      	0.044116   0.33948   	
0        	18      	0.662	0.130745    	93.5217      	0.0238698  0.300191  	
0        	19      	0.938	0.0511817   	91.015       	0.0900985  1.68504   	
0        	20      	0.914	0.031126    	93.4672      	0.0522868  1.0852    	
2        	15      	0.719	0.00460945  	32.2221      	1.00136    13.4617   	
8        	17      	0.398	0.00465982  	32.9018      	0.986026   13.4443   	
