0        	3       	0.098	0.000128774 	96.6466      	0.0030485  0.000117  	
0        	5       	0.998	0.00224915  	96.5778      	0.0031111  0.000117  	
0        	9       	0.564	0.00102271  	0            	0          0.000282  	
0        	11      	0.952	0.0035466   	12.5836      	1.30747    16.3007   	
0        	13      	0.592	0.000818264 	0            	0          0.000432  	
0        	14      	0.062	0.00361516  	96.5602      	0.00312705 0.000117  	
0        	15      	0.948	0.00141812  	96.6217      	0.00307116 0.000117  	
0        	19      	0.6  	0.001757    	96.6123      	0.00307977 0.000117  	
2        	20      	0.514	0.00353517  	12.5015      	1.30477    16.196    	
4        	8       	0.05 	0.00480867  	34.7873      	0.959942   13.5176   	
6        	1       	0.58 	0.00469544  	33.4354      	0.979025   13.4279   	
7        	17      	0.604	0.00474854  	34.1035      	0.965993   13.4975   	
10       	12      	0.531	0.0035495   	12.863       	1.2978     16.2176   	
16       	18      	0.337	0.00471516  	33.6765      	0.972105   13.4702   	
