0        	1       	0.962	0.045071    	90.1166      	0.102518   1.79781   	
0        	3       	0.986	0.0560786   	91.0953      	0.0857492  1.2726    	
0        	4       	0.794	0.0304043   	87.1746      	0.144613   2.44413   	
0        	7       	0.87 	0.025628    	85.4713      	0.171491   2.54399   	
0        	8       	0.476	0.0390016   	89.5674      	0.105415   1.52381   	
0        	9       	0.944	0.0339267   	87.6129      	0.138724   1.91091   	
0        	12      	0.93 	0.0293253   	86.466       	0.16127    2.42071   	
0        	14      	0.564	0.0408267   	90.5665      	0.0978833  1.75714   	
0        	15      	0.548	0.0380503   	90.3862      	0.10266    1.68261   	
0        	18      	0.682	0.0927329   	93.4217      	0.0510937  1.04729   	
6        	20      	0.068	0.0035468   	12.7453      	1.29701    16.1686   	
10       	5       	0.691	0.00355046  	12.7936      	1.30028    16.1949   	
16       	13      	0.139	0.00474094  	33.8179      	0.982289   13.4969   	
17       	2       	0.574	0.0035354   	12.5775      	1.303      16.1657   	
19       	11      	0.276	0.00355187  	12.9701      	1.29489    16.2305   	
