0        	3       	0.592	0.0680077   	92.0131      	0.0716161  1.21069   	
0        	4       	0.662	0.0299232   	89.8975      	0.106938   1.90752   	
0        	6       	0.736	0.0353165   	88.4131      	0.128887   2.1697    	
0        	7       	0.466	0.0740736   	93.6086      	0.0436388  0.710783  	
0        	8       	0.936	0.0274791   	86.5198      	0.153698   2.57107   	
0        	9       	0.952	0.0245545   	84.873       	0.187424   2.99539   	
0        	15      	0.94 	0.0383121   	88.9626      	0.119705   2.28429   	
0        	18      	0.59 	0.0651751   	92.0583      	0.0700444  1.537     	
0        	19      	0.928	0.0291162   	86.6691      	0.158847   2.46982   	
0        	20      	0.962	0.064947    	92.4159      	0.0623917  0.861141  	
1        	16      	0.321	0.00467705  	33.0056      	0.986193   13.4191   	
5        	17      	0.063	0.00354193  	12.7251      	1.29694    16.2901   	
10       	2       	0.094	0.00354885  	12.6966      	1.30385    16.2462   	
11       	12      	0.255	0.00475609  	34.2097      	0.966972   13.5045   	
14       	13      	0.758	0.00353749  	12.6182      	1.30135    16.1773   	
