0        	2       	0.88 	0.0335399   	87.8133      	0.138339   2.13296   	
0        	4       	0.948	0.0303002   	87.6742      	0.129195   2.37644   	
0        	6       	0.916	0.0357862   	88.6796      	0.124041   1.83503   	
0        	8       	0.06 	0.033824    	87.8822      	0.13925    2.80585   	
0        	11      	0.474	0.0442257   	91.6484      	0.0792067  1.42287   	
0        	15      	0.456	0.0246468   	84.947       	0.184565   3.06469   	
0        	19      	0.94 	0.0491327   	90.7253      	0.0843704  2.01694   	
0        	20      	0.928	0.0260584   	85.2307      	0.181511   2.81733   	
3        	12      	0.103	0.00352993  	12.5068      	1.3016     16.3134   	
7        	1       	0.612	0.0048707   	35.6491      	0.945983   13.5242   	
9        	10      	0.527	0.00353332  	12.5231      	1.30197    16.2281   	
13       	5       	0.694	0.00353655  	12.6404      	1.30117    16.2562   	
16       	17      	0.195	0.00355001  	12.9045      	1.29557    16.3111   	
18       	14      	0.43 	0.00352837  	12.3984      	1.30239    16.2854   	
