0        	1       	0.682	0.0155349   	77.489       	0.304075   4.2252    	
0        	3       	0.938	0.0138362   	75.4536      	0.334336   4.67472   	
0        	16      	0.54 	0.0125709   	73.1815      	0.358866   5.37612   	
0        	18      	0.094	0.0203137   	81.9687      	0.230604   3.55129   	
2        	19      	0.727	0.00484107  	35.1361      	0.956909   13.4091   	
4        	9       	0.332	0.00354854  	12.739       	1.29984    16.2538   	
7        	11      	0.286	0.00353511  	12.5507      	1.30408    16.2351   	
10       	15      	0.234	0.00353772  	12.5761      	1.30212    16.2142   	
12       	8       	0.069	0.00353144  	12.4569      	1.30553    16.2731   	
13       	5       	0.588	0.00352944  	12.4579      	1.30035    16.223    	
14       	6       	0.058	0.00474439  	34.0447      	0.966989   13.4589   	
20       	17      	0.377	0.00461767  	32.1761      	1.00229    13.459    	
