0        	1       	0.96 	0.0690013   	89.8762      	0.0721941  0.573123  	
0        	2       	0.922	0.0268875   	86.9914      	0.154288   2.51028   	
0        	3       	0.894	0.00884002  	94.3853      	0.00963902 0.075689  	
0        	6       	0.728	0.0261042   	83.5229      	0.170913   1.34897   	
0        	7       	0.942	0.00555503  	0            	0          0.00033   	
0        	9       	0.914	0.0301718   	86.3647      	0.156647   2.1745    	
0        	11      	0.772	0.0448152   	89.7699      	0.103824   1.57043   	
0        	12      	0.728	0.0441906   	90.2708      	0.0963292  1.61539   	
0        	13      	0.678	0.0691918   	92.5219      	0.0673153  1.4222    	
0        	14      	0.592	0.031225    	88.5558      	0.120529   2.28667   	
0        	15      	0.582	0.0931367   	93.3522      	0.048881   0.748357  	
0        	16      	0.682	0.0504399   	88.3838      	0.0841751  0.636141  	
0        	17      	0.58 	0.0562784   	91.2367      	0.0831117  1.38362   	
0        	19      	0.87 	0.0399048   	89.5151      	0.112018   1.83893   	
5        	4       	0.421	0.00482367  	34.99        	0.958921   13.4895   	
18       	8       	0.272	0.00353457  	12.5402      	1.30166    16.1897   	
20       	10      	0.729	0.00468909  	33.2216      	0.98421    13.4829   	
