0        	1       	0.998	0.0271222   	85.7465      	0.173453   2.77166   	
0        	4       	0.466	0.0215955   	93.676       	0.0467057  0.710741  	
0        	7       	0.948	0.0486904   	90.2142      	0.0955921  1.16643   	
0        	8       	0.958	0.0288579   	86.2703      	0.163599   2.32758   	
0        	9       	0.962	0.0377996   	88.8424      	0.122257   1.87229   	
0        	10      	0.668	0.0589107   	91.7769      	0.0776071  1.23464   	
0        	11      	0.94 	0.0335577   	86.7859      	0.129082   1.38999   	
0        	15      	0.894	0.0778675   	93.1511      	0.0577841  1.04688   	
0        	16      	0.958	0.0458007   	90.9015      	0.0900524  1.72603   	
0        	17      	0.93 	0.0560264   	91.4475      	0.0807157  1.27311   	
0        	19      	0.718	0.0437175   	92.2627      	0.0633465  1.52926   	
0        	20      	0.826	0.0416899   	91.3078      	0.0796813  1.08693   	
3        	14      	0.627	0.00354966  	12.7757      	1.30004    16.1639   	
5        	2       	0.499	0.00477215  	34.489       	0.959037   13.4363   	
6        	12      	0.216	0.00352903  	12.4522      	1.30469    16.2071   	
18       	13      	0.397	0.00493455  	36.5164      	0.930739   13.4664   	
