0        	1       	0.936	0.014329    	77.085       	0.309007   4.78655   	
0        	11      	0.592	0.0153742   	77.3069      	0.306664   4.61243   	
0        	12      	0.954	0.0125803   	73.164       	0.361915   5.19383   	
0        	16      	0.956	0.0211629   	82.5814      	0.223074   3.41662   	
2        	8       	0.499	0.00353495  	12.5061      	1.30443    16.161    	
5        	4       	0.506	0.00353343  	12.5285      	1.30119    16.1576   	
6        	13      	0.61 	0.00469518  	33.4087      	0.97924    13.5459   	
7        	17      	0.171	0.0035616   	12.7502      	1.30904    16.154    	
9        	18      	0.078	0.0035679   	12.9793      	1.30339    16.1884   	
10       	3       	0.111	0.00352905  	12.4137      	1.30289    16.3141   	
15       	20      	0.729	0.00353899  	12.6643      	1.29611    16.2346   	
19       	14      	0.417	0.00355599  	12.6708      	1.309      16.1733   	
