0        	5       	0.936	0.0198291   	81.4259      	0.237545   3.3333    	
0        	7       	0.87 	0.0453433   	89.4364      	0.102967   1.6112    	
0        	8       	0.952	0.0311816   	86.6213      	0.151866   1.9725    	
0        	10      	0.938	0.0646006   	91.831       	0.0705442  1.23421   	
0        	11      	0.938	0.0541701   	92.4326      	0.0693983  1.1599    	
0        	13      	0.928	0.0344206   	88.0983      	0.129596   2.19222   	
0        	14      	0.924	0.036053    	92.9738      	0.0568666  0.861321  	
0        	15      	0.728	0.0462529   	90.3088      	0.0919118  1.57118   	
0        	17      	0.81 	0.0292747   	86.6567      	0.153332   2.43089   	
0        	18      	0.476	0.0364829   	89.2817      	0.117443   2.094     	
1        	4       	0.425	0.00353019  	12.4567      	1.30308    16.1867   	
3        	6       	0.411	0.00471969  	33.6768      	0.973126   13.4936   	
16       	9       	0.669	0.00354402  	12.6775      	1.30251    16.2679   	
19       	2       	0.627	0.00353555  	12.514       	1.30608    16.1774   	
20       	12      	0.629	0.00479802  	34.895       	0.95157    13.332    	
