0        	2       	0.068	0.0209267   	82.4876      	0.223968   3.55143   	
0        	7       	0.948	0.014444    	76.1286      	0.323977   4.97462   	
0        	14      	1    	0.0132198   	74.2416      	0.346459   5.17417   	
0        	19      	0.962	0.0168016   	78.9863      	0.279211   4.52496   	
1        	11      	0.109	0.00353771  	12.5618      	1.30293    16.2865   	
5        	8       	0.19 	0.00353992  	12.6917      	1.29985    16.1815   	
6        	4       	0.709	0.00473678  	33.9268      	0.968904   13.4199   	
13       	9       	0.406	0.00354168  	12.782       	1.2969     16.2807   	
15       	12      	0.614	0.00457957  	31.7981      	1.0023     13.6049   	
16       	20      	0.129	0.00353459  	12.6444      	1.30051    16.1844   	
17       	3       	0.24 	0.00472842  	33.6822      	0.977041   13.4049   	
18       	10      	0.098	0.00353351  	12.5857      	1.30113    16.2662   	
