0        	2       	0.564	0.0455366   	90.7658      	0.0889223  1.49579   	
0        	4       	0.952	0.0364081   	88.0358      	0.128917   1.94663   	
0        	5       	0.95 	0.0606799   	91.8249      	0.0787235  1.72185   	
0        	7       	0.952	0.0290484   	86.9606      	0.154653   2.76901   	
0        	9       	0.948	0.0334763   	87.65        	0.135323   1.6876    	
0        	10      	0.54 	0.0383068   	89.2958      	0.113307   1.88183   	
0        	11      	0.95 	0.0465488   	90.1921      	0.082749   0.939513  	
0        	13      	0.974	0.029954    	85.3385      	0.150449   1.42378   	
0        	17      	0.96 	0.0256092   	85.9893      	0.165718   2.60692   	
0        	18      	0.954	0.0363289   	88.1129      	0.129208   1.90921   	
3        	14      	0.831	0.00353364  	12.4814      	1.30135    16.1645   	
6        	15      	0.497	0.00475637  	34.0945      	0.973097   13.4627   	
16       	1       	0.646	0.0047337   	33.8835      	0.973996   13.4013   	
19       	8       	0.082	0.00482851  	34.9802      	0.957907   13.4651   	
20       	12      	0.636	0.00353406  	12.5349      	1.30174    16.1896   	
