0        	1       	0.928	0.00208221  	96.51        	0.00317269 0.000154  	
0        	2       	0.826	0.00512207  	96.4626      	0.00321585 0.000228  	
0        	5       	0.514	0.0249503   	85.8082      	0.172022   2.80395   	
0        	7       	0.466	0.027557    	86.5164      	0.158416   2.91905   	
0        	9       	0.944	0.00136681  	96.4432      	0.00323342 0.000183  	
0        	10      	0.572	0.0144847   	76.0187      	0.32424    4.52986   	
0        	11      	0.906	0.000216543 	96.4146      	0.00325945 0.000249  	
0        	15      	0.548	0.0206917   	82.5483      	0.214113   3.59999   	
0        	16      	0.548	0.000216632 	96.3281      	0.00333812 0.000286  	
0        	17      	0.938	0.00367397  	96.4836      	0.00319673 0.000117  	
0        	19      	0.604	0.016941    	79.5012      	0.271003   4.19177   	
0        	20      	0.59 	0.000366954 	96.4646      	0.00321399 0.00022   	
6        	13      	0.069	0.00484345  	35.3794      	0.949903   13.4517   	
12       	8       	0.625	0.00353196  	12.4913      	1.30288    16.1832   	
14       	3       	0.077	0.00479882  	34.8465      	0.961074   13.4528   	
18       	4       	0.614	0.00469204  	33.2469      	0.986187   13.4907   	
