0        	1       	0.866	0.0382519   	91.2906      	0.0676133  0.938498  	
0        	2       	0.926	0.0682529   	92.2009      	0.062422   0.9777    	
0        	3       	0.884	0.0459213   	89.9963      	0.101526   1.7247    	
0        	5       	0.93 	0.0276722   	88.023       	0.135079   2.02655   	
0        	10      	0.564	0.0296482   	86.6885      	0.15788    2.69188   	
0        	11      	0.93 	0.0511314   	91.0899      	0.0904268  1.58004   	
0        	12      	0.94 	0.0689122   	93.757       	0.0348554  0.561281  	
0        	13      	0.676	0.0533668   	92.9377      	0.0635102  0.88132   	
0        	14      	0.942	0.0442477   	90.7328      	0.0874548  1.54943   	
0        	16      	0.456	0.0406159   	91.5202      	0.0828348  1.56427   	
0        	17      	0.772	0.0556957   	91.2684      	0.0852946  1.68397   	
0        	20      	0.772	0.0351479   	88.4688      	0.130898   2.15813   	
6        	15      	0.134	0.00462795  	32.4364      	0.996173   13.4063   	
7        	4       	0.511	0.00470529  	33.6396      	0.976067   13.4543   	
8        	9       	0.1  	0.00493329  	36.581       	0.931517   13.4056   	
19       	18      	0.149	0.00354496  	12.6331      	1.30457    16.1727   	
