0        	3       	0.644	0.142961    	94.3552      	0.0362905  0.749406  	
0        	4       	0.926	0.0449512   	89.9815      	0.103953   1.67968   	
0        	7       	0.94 	0.0492009   	89.3454      	0.092009   1.05002   	
0        	8       	0.59 	0.0800906   	93.4936      	0.0527967  1.08466   	
0        	9       	0.88 	0.0229933   	84.238       	0.189868   3.23501   	
0        	10      	0.944	0.0406506   	89.9316      	0.0954891  1.12859   	
0        	12      	0.894	0.0438771   	90.8714      	0.0805122  0.937891  	
0        	13      	0.932	0.0726848   	92.8275      	0.0619387  1.09322   	
0        	14      	0.952	0.0260031   	85.264       	0.181329   3.06755   	
0        	15      	0.894	0.0352104   	90.3868      	0.098679   1.68437   	
0        	16      	0.95 	0.0516575   	90.9542      	0.087108   1.38576   	
0        	18      	0.958	0.0450382   	90.2324      	0.0895395  1.34987   	
1        	5       	0.561	0.00353493  	12.4545      	1.30335    16.2222   	
6        	11      	0.205	0.00353758  	12.5321      	1.30247    16.2574   	
19       	17      	0.309	0.0035311   	12.5015      	1.303      16.1802   	
20       	2       	0.281	0.00355659  	12.86        	1.30109    16.2492   	
