0        	1       	0.936	0.0334215   	87.7175      	0.13785    2.04146   	
0        	2       	0.582	0.0689328   	92.4785      	0.0634581  1.09082   	
0        	4       	0.83 	0.0404211   	90.931       	0.0897916  1.3112    	
0        	5       	0.466	0.0327308   	94.0255      	0.0425235  0.822953  	
0        	8       	0.948	0.0411763   	89.6187      	0.110205   1.73968   	
0        	10      	0.87 	0.0500008   	89.9985      	0.0948551  1.49665   	
0        	12      	0.682	0.0439175   	89.164       	0.104346   1.31071   	
0        	13      	0.736	0.0365144   	88.8626      	0.122978   1.98565   	
0        	14      	0.924	0.05203     	90.8857      	0.0890325  1.42854   	
0        	15      	0.948	0.0304542   	88.6712      	0.120551   1.85581   	
0        	16      	0.682	0.0436587   	89.4387      	0.107185   1.45775   	
0        	18      	0.93 	0.0373501   	88.5071      	0.119252   1.68479   	
3        	11      	0.766	0.00354757  	12.6679      	1.30423    16.2859   	
9        	17      	0.727	0.00476222  	34.2647      	0.96781    13.4426   	
19       	6       	0.561	0.00471586  	33.5231      	0.984192   13.4938   	
20       	7       	0.07 	0.00467524  	33.1692      	0.991116   13.4741   	
