0        	1       	0.948	0.0248596   	84.7681      	0.188086   2.96252   	
0        	2       	0.548	0.0392391   	90.4022      	0.100382   1.74022   	
0        	3       	0.662	0.0278639   	86.283       	0.16269    2.80643   	
0        	7       	0.438	0.0340198   	88.709       	0.124043   2.21169   	
0        	10      	0.948	0.0288497   	86.5166      	0.156784   2.62113   	
0        	11      	0.948	0.0256167   	87.0122      	0.154041   2.82224   	
0        	17      	0.69 	0.0739199   	92.68        	0.0666828  1.16219   	
0        	19      	0.964	0.0306306   	87.3988      	0.147239   2.138     	
5        	18      	0.066	0.00354135  	12.7177      	1.29858    16.3099   	
6        	13      	0.079	0.0047867   	34.4147      	0.968957   13.3973   	
9        	8       	0.483	0.00352878  	12.3747      	1.30612    16.2024   	
12       	16      	0.391	0.0035359   	12.5702      	1.30411    16.2702   	
15       	4       	0.709	0.00471686  	33.5839      	0.979025   13.435    	
20       	14      	0.168	0.00473964  	33.9652      	0.972079   13.4864   	
