0        	2       	0.772	0.0032775   	0            	0          0.000232  	
0        	3       	0.58 	0.000881188 	0            	0          0.000364  	
0        	5       	0.718	0.00297302  	0            	0          0.000298  	
0        	8       	0.956	0.00254576  	96.579       	0.00311003 0.000117  	
0        	9       	0.952	0.00195464  	96.6476      	0.00304767 0.000154  	
0        	10      	0.942	0.00286134  	0            	0          0.000298  	
0        	12      	0.776	0.00356241  	12.9309      	1.30274    16.2552   	
0        	15      	0.102	0.00227991  	0            	0          0.000298  	
0        	17      	0.868	0.000243233 	96.597       	0.00309368 0.000117  	
0        	19      	0.58 	0.00370716  	96.5687      	0.00311935 0.000117  	
1        	4       	0.185	0.00472602  	33.7727      	0.975002   13.372    	
6        	7       	0.62 	0.00352428  	12.339       	1.30331    16.2457   	
11       	18      	0.121	0.00468233  	33.0668      	0.988112   13.3463   	
13       	14      	0.104	0.00352958  	12.4294      	1.30004    16.1936   	
20       	16      	0.374	0.00466003  	32.9006      	0.987289   13.4694   	
