0        	1       	0.928	0.038433    	90.2998      	0.0855537  1.15965   	
0        	2       	0.466	0.0621687   	94.1776      	0.0239933  0.411686  	
0        	3       	0.94 	0.0608888   	90.6617      	0.0767885  0.749455  	
0        	4       	0.476	0.0234911   	90.2287      	0.0994305  1.81457   	
0        	6       	0.958	0.0295863   	88.8996      	0.123807   2.00242   	
0        	7       	0.944	0.0546352   	90.9137      	0.0874979  1.42432   	
0        	8       	0.94 	0.0680332   	91.8683      	0.0631587  0.790499  	
0        	9       	0.668	0.207588    	94.0385      	0.0219819  0.187314  	
0        	11      	0.946	0.059687    	91.497       	0.0750268  1.16273   	
0        	12      	0.682	0.0659785   	86.0938      	0.04302    0.225341  	
0        	13      	0.8  	0.0456194   	90.7898      	0.0923567  1.87088   	
0        	14      	0.956	0.0414206   	89.014       	0.111495   1.50371   	
0        	15      	0.956	0.069293    	92.4204      	0.0703235  1.20072   	
0        	16      	0.942	0.0376759   	89.3526      	0.112706   1.76148   	
0        	18      	0.956	0.0528396   	90.5889      	0.0905923  1.42577   	
0        	20      	0.944	0.133785    	93.688       	0.0381621  0.547225  	
10       	17      	0.594	0.00352993  	12.5383      	1.3        16.1732   	
19       	5       	0.13 	0.00469178  	33.4271      	0.977011   13.4927   	
