0        	3       	0.062	0.0275115   	85.9196      	0.169979   2.69178   	
0        	7       	0.928	0.0165119   	78.5823      	0.285489   4.18655   	
0        	11      	0.938	0.0144156   	76.2301      	0.310344   4.67537   	
0        	13      	0.958	0.00962964  	65.8334      	0.483955   6.05949   	
1        	6       	0.638	0.00354037  	12.5522      	1.30519    16.2188   	
4        	9       	0.419	0.00353375  	12.5042      	1.30541    16.2656   	
5        	8       	0.712	0.00353053  	12.4628      	1.30131    16.1691   	
10       	20      	0.674	0.0047115   	33.4992      	0.980005   13.365    	
14       	12      	0.059	0.00464808  	32.738       	0.991146   13.4513   	
15       	2       	0.692	0.00470333  	33.5135      	0.974973   13.4578   	
16       	18      	0.095	0.00475899  	34.0781      	0.978231   13.5751   	
19       	17      	0.53 	0.00354226  	12.6547      	1.30158    16.1681   	
