0        	1       	0.962	0.00752698  	57.1898      	0.611575   8.8903    	
0        	5       	0.946	0.00788178  	58.8784      	0.593508   8.48451   	
0        	7       	0.952	0.000985644 	96.4763      	0.00320338 0.000117  	
0        	8       	0.93 	0.000328931 	96.4662      	0.00321254 0.000117  	
0        	9       	1    	0.00361138  	0            	0          0.00043   	
0        	11      	0.83 	0.00468482  	96.4371      	0.00323897 0.000117  	
0        	13      	0.954	0.00385994  	0            	0          0.000562  	
0        	15      	0.956	0.00461061  	96.5484      	0.00313499 0.000283  	
0        	16      	0.068	0.000967734 	96.6273      	0.00306607 0.000117  	
0        	19      	0.942	0.0010486   	96.4558      	0.00322196 0.000117  	
2        	12      	0.41 	0.00493932  	36.3332      	0.939495   13.3905   	
3        	14      	0.106	0.00354912  	12.7915      	1.29913    16.21     	
4        	6       	0.618	0.00352866  	12.4235      	1.30203    16.3239   	
10       	17      	0.188	0.00464209  	32.6113      	0.994156   13.5535   	
20       	18      	0.545	0.00352917  	12.4658      	1.30308    16.186    	
