0        	1       	0.466	0.0562367   	91.4821      	0.0831767  1.5455    	
0        	6       	0.958	0.0527538   	91.0426      	0.0898222  1.68781   	
0        	8       	0.866	0.0419733   	89.5539      	0.111604   2.17391   	
0        	11      	0.466	0.0307402   	87.506       	0.13996    2.17029   	
0        	12      	0.118	0.0425653   	90.263       	0.0933932  2.03084   	
0        	14      	0.948	0.0311656   	87.8606      	0.135951   2.28689   	
0        	15      	0.316	0.0303876   	86.9317      	0.151882   2.43085   	
0        	17      	0.06 	0.0527065   	91.9999      	0.069056   1.30922   	
0        	19      	0.466	0.0610987   	91.713       	0.0785645  1.53407   	
0        	20      	0.938	0.0339942   	87.4784      	0.136064   1.94847   	
2        	5       	0.635	0.00354603  	12.7685      	1.29772    16.2346   	
3        	7       	0.078	0.00354229  	12.732       	1.29689    16.171    	
13       	10      	0.56 	0.00353287  	12.4951      	1.3022     16.2305   	
16       	9       	0.803	0.0035278   	12.4289      	1.30431    16.1768   	
18       	4       	0.472	0.00354319  	12.8077      	1.29706    16.2736   	
