0        	3       	0.94 	0.0231042   	83.7534      	0.203239   2.80763   	
0        	6       	0.93 	0.014066    	89.9494      	0.093396   1.69708   	
0        	10      	0.54 	0.0322281   	88.1506      	0.136166   2.28183   	
0        	11      	0.514	0.0296101   	86.2678      	0.157801   2.35543   	
0        	12      	0.87 	0.0270644   	85.8012      	0.16915    2.61893   	
0        	13      	0.826	0.0338903   	87.7776      	0.139612   2.28174   	
0        	15      	0.928	0.0254305   	84.964       	0.186044   2.83522   	
0        	20      	0.748	0.0422733   	92.0364      	0.070267   1.27164   	
1        	9       	0.07 	0.00353496  	12.52        	1.30373    16.2445   	
2        	5       	0.324	0.00472991  	33.7234      	0.97714    13.5086   	
14       	16      	0.721	0.00354215  	12.6707      	1.29862    16.2006   	
17       	4       	0.298	0.00353554  	12.5197      	1.303      16.1745   	
18       	8       	0.628	0.00355114  	12.8421      	1.3        16.1516   	
19       	7       	0.793	0.00353561  	12.6555      	1.29815    16.2515   	
