0        	4       	0.948	0.0278039   	86.0047      	0.16964    2.80852   	
0        	7       	0.078	0.0254913   	89.9475      	0.104306   1.49737   	
0        	10      	0.456	0.0306643   	87.0891      	0.144626   2.60887   	
0        	11      	0.682	0.0351996   	87.6639      	0.132964   1.79763   	
0        	13      	0.958	0.0197339   	84.6884      	0.189713   2.88248   	
0        	14      	0.938	0.0223      	83.2343      	0.21093    3.09695   	
0        	15      	0.662	0.0676847   	92.2945      	0.0598198  1.01024   	
0        	17      	0.682	0.0261573   	85.3387      	0.175485   2.31777   	
1        	2       	0.313	0.00477957  	34.4997      	0.963731   13.4089   	
3        	20      	0.604	0.00355063  	12.9419      	1.29389    16.1704   	
6        	18      	0.718	0.0035342   	12.5352      	1.30197    16.2264   	
8        	12      	0.726	0.00477685  	34.5194      	0.964146   13.5182   	
9        	5       	0.752	0.00353735  	12.5964      	1.30004    16.1598   	
19       	16      	0.658	0.00465743  	32.9156      	0.986133   13.4151   	
