0        	2       	0.928	0.0302282   	90.8435      	0.0939907  1.61309   	
0        	4       	0.466	0.0384617   	92.8892      	0.0512218  1.12729   	
0        	6       	0.942	0.0418108   	90.0975      	0.100499   1.83631   	
0        	9       	0.906	0.0327483   	87.4205      	0.144555   2.4337    	
0        	10      	0.748	0.0592408   	91.9819      	0.0721761  1.19692   	
0        	11      	0.772	0.0391467   	88.8631      	0.121053   1.90922   	
0        	15      	0.948	0.0226732   	83.2624      	0.205959   2.80895   	
0        	16      	0.94 	0.0312968   	88.5427      	0.127445   2.09663   	
0        	19      	0.678	0.0367329   	88.8441      	0.12099    2.25796   	
0        	20      	0.582	0.0698359   	92.4742      	0.0677444  1.38429   	
3        	7       	0.854	0.00479359  	34.6205      	0.966125   13.5093   	
5        	18      	0.681	0.00477726  	34.5714      	0.961918   13.3816   	
12       	1       	0.059	0.00352981  	12.4294      	1.30121    16.2947   	
13       	14      	0.403	0.0047499   	33.9356      	0.982146   13.4402   	
17       	8       	0.685	0.00354547  	12.7556      	1.29862    16.186    	
