0        	1       	0.282	0.0430741   	94.6582      	0.0269787  0.299448  	
0        	2       	0.852	0.0423445   	90.5022      	0.0963917  1.53533   	
0        	3       	0.952	0.0243568   	84.6323      	0.18686    3.08708   	
0        	4       	0.772	0.0393943   	90.7766      	0.0936067  1.57022   	
0        	7       	0.102	0.0719382   	92.8207      	0.0633465  1.23522   	
0        	11      	0.928	0.0322697   	88.853       	0.124871   2.09606   	
0        	13      	0.998	0.0294297   	87.0083      	0.147477   1.98411   	
0        	15      	0.336	0.0740281   	92.3224      	0.0647757  1.08449   	
0        	16      	0.956	0.0695587   	91.2718      	0.0677593  1.04968   	
0        	17      	0.936	0.0414941   	90.0953      	0.104844   1.57895   	
0        	18      	0.58 	0.0430609   	89.619       	0.111202   1.77188   	
0        	20      	0.998	0.0602453   	91.0514      	0.0754657  1.0864    	
5        	6       	0.585	0.00472587  	33.6977      	0.974989   13.4654   	
10       	9       	0.488	0.00470343  	33.5342      	0.979211   13.5215   	
12       	14      	0.718	0.00468062  	33.0688      	0.985042   13.383    	
19       	8       	0.614	0.00484588  	35.3014      	0.953683   13.3786   	
