0        	1       	0.958	0.0230768   	83.3023      	0.203974   2.73638   	
0        	3       	0.564	0.0258443   	91.0746      	0.0905824  1.60854   	
0        	4       	0.938	0.0419398   	89.6714      	0.112268   1.94549   	
0        	5       	0.548	0.0569706   	92.4765      	0.0677236  1.34633   	
0        	7       	0.548	0.024226    	84.5324      	0.183453   2.46978   	
0        	8       	0.466	0.0353518   	89.0433      	0.120983   2.09553   	
0        	9       	0.948	0.0418317   	88.9393      	0.113536   1.57527   	
0        	10      	0.944	0.0245368   	84.7561      	0.180794   2.99355   	
0        	11      	0.772	0.0531182   	90.7355      	0.0914262  1.27429   	
0        	13      	0.514	0.0874558   	94.8385      	0.0293265  0.449112  	
2        	18      	0.691	0.00353169  	12.4544      	1.30139    16.1691   	
12       	15      	0.691	0.0035393   	12.7199      	1.29949    16.2621   	
16       	14      	0.371	0.00484456  	35.2087      	0.954864   13.4197   	
17       	20      	0.447	0.00355703  	13.0283      	1.29498    16.2545   	
19       	6       	0.353	0.00353449  	12.5708      	1.30168    16.3011   	
