0        	1       	0.794	0.0211258   	90.9608      	0.0859305  1.37031   	
0        	3       	0.962	0.135701    	94.5974      	0.0341541  0.935321  	
0        	4       	0.954	0.0351485   	88.3079      	0.123726   1.61366   	
0        	5       	0.752	0.0504435   	92.0393      	0.0671639  1.19683   	
0        	6       	0.932	0.0575558   	92.4454      	0.0666582  1.16332   	
0        	8       	0.952	0.046352    	91.1874      	0.0793279  1.19845   	
0        	9       	0.938	0.032587    	89.8777      	0.0988794  1.16566   	
0        	10      	0.938	0.100932    	93.6459      	0.0477509  1.12281   	
0        	12      	0.932	0.0708253   	92.3946      	0.0625673  1.27694   	
0        	14      	0.67 	0.0714436   	92.7939      	0.057676   1.19801   	
0        	15      	0.674	0.0247099   	92.1129      	0.0726085  1.15997   	
0        	16      	0.938	0.055231    	90.8071      	0.0857817  1.34687   	
0        	17      	0.95 	0.0336851   	87.954       	0.139225   2.4734    	
0        	18      	0.8  	0.0425091   	91.1452      	0.0843602  1.61357   	
2        	13      	0.734	0.0035343   	12.4424      	1.30335    16.224    	
7        	11      	0.75 	0.00464903  	32.6834      	0.993076   13.4326   	
19       	20      	0.718	0.00353282  	12.5428      	1.30035    16.2053   	
