0        	3       	0.592	0.0237552   	85.1115      	0.178205   2.69293   	
0        	6       	0.548	0.0538072   	91.3641      	0.0843592  1.38468   	
0        	7       	0.052	0.0659745   	92.4044      	0.0696569  1.66066   	
0        	8       	0.604	0.0540529   	91.0611      	0.0873193  1.42669   	
0        	9       	0.58 	0.0742633   	92.293       	0.059831   1.04749   	
0        	11      	0.54 	0.0390957   	89.6381      	0.11263    1.87408   	
0        	13      	0.054	0.0484881   	94.221       	0.0391696  0.700179  	
0        	15      	0.622	0.0438028   	89.8338      	0.107612   1.64741   	
0        	18      	0.054	0.0272121   	85.7897      	0.172926   2.73027   	
0        	19      	0.952	0.0197975   	81.509       	0.235888   3.10674   	
4        	2       	0.64 	0.00354642  	12.7193      	1.30067    16.2444   	
5        	14      	0.731	0.00478948  	34.5406      	0.964989   13.5019   	
16       	10      	0.146	0.00353425  	12.5285      	1.29992    16.1761   	
17       	12      	0.693	0.00477285  	34.3871      	0.968992   13.4423   	
20       	1       	0.06 	0.00353433  	12.5193      	1.30346    16.21     	
