0        	1       	0.068	0.0175109   	90.9183      	0.0646054  0.528016  	
0        	2       	0.456	0.0597333   	93.0512      	0.0607681  1.15947   	
0        	3       	0.93 	0.039541    	89.9212      	0.105654   1.68886   	
0        	4       	0.964	0.0495092   	91.4886      	0.081962   1.39046   	
0        	8       	0.674	0.0394894   	91.6621      	0.081448   1.50872   	
0        	9       	0.662	0.0523239   	91.4721      	0.0832742  1.45997   	
0        	10      	0.956	0.100149    	93.2856      	0.0467273  0.674355  	
0        	11      	0.92 	0.0211747   	91.9114      	0.0756796  1.27552   	
0        	12      	0.514	0.0857393   	93.3         	0.0572651  1.44755   	
0        	13      	0.772	0.0935333   	93.1332      	0.0543903  0.926293  	
0        	14      	0.94 	0.0532389   	93.7519      	0.0415613  0.749295  	
0        	16      	0.948	0.0664738   	91.7233      	0.0714745  1.1259    	
0        	17      	0.87 	0.0341811   	87.6925      	0.135898   2.0201    	
0        	18      	0.674	0.105679    	93.0778      	0.0386233  0.562245  	
0        	19      	0.894	0.039801    	90.9408      	0.0845338  1.46301   	
0        	20      	0.938	0.0623091   	93.479       	0.0490052  0.791771  	
5        	6       	0.2  	0.00471571  	33.5725      	0.975981   13.4343   	
7        	15      	0.442	0.00353418  	12.4633      	1.30683    16.2551   	
