0        	1       	0.592	0.0389577   	87.1725      	0.099583   0.972728  	
0        	2       	0.688	0.0435285   	91.7437      	0.0770416  1.31065   	
0        	3       	0.81 	0.0334252   	88.4602      	0.127422   1.95059   	
0        	4       	0.948	0.00319309  	0            	0          0.000346  	
0        	6       	0.896	0.139715    	91.7133      	0.0349895  0.449193  	
0        	7       	0.956	0.0276734   	85.9265      	0.169895   2.54906   	
0        	8       	0.948	0.00115785  	0            	0          0.000346  	
0        	9       	0.956	0.050402    	89.3214      	0.0961244  1.08496   	
0        	10      	0.914	0.0350636   	88.7791      	0.120525   2.13742   	
0        	11      	0.956	0.0673597   	92.0152      	0.0689536  0.899201  	
0        	12      	0.856	0.0330005   	88.09        	0.136861   2.46881   	
0        	13      	0.514	0.089707    	92.0671      	0.044263   0.411771  	
0        	15      	0.952	0.00313778  	0            	0          0.000626  	
0        	18      	0.826	0.0362511   	86.8455      	0.130196   1.42354   	
0        	19      	0.954	0.0922615   	91.5131      	0.0536219  0.562494  	
0        	20      	0.942	0.0439415   	90.688       	0.094506   1.90915   	
5        	17      	0.322	0.00353356  	12.4996      	1.30439    16.1615   	
14       	16      	0.812	0.00353781  	12.5678      	1.30346    16.1996   	
