0        	5       	0.952	0.00159881  	96.4123      	0.00326158 0.000183  	
0        	7       	0.742	0.0197329   	81.7681      	0.235913   4.44859   	
0        	8       	0.466	0.0015448   	96.5531      	0.00313352 0.000117  	
0        	9       	0.564	2.056e-05   	96.5424      	0.00314327 0.000117  	
0        	11      	0.718	0.00460454  	96.4491      	0.0032281  0.000154  	
0        	13      	0.914	0.0107878   	69.345       	0.424801   6.61982   	
0        	14      	0.83 	0.0041307   	96.3836      	0.00328764 0.000183  	
0        	15      	0.882	0.0142074   	76.033       	0.326518   5.17811   	
0        	16      	0.772	0.00699626  	96.521       	0.00316276 0.000117  	
0        	19      	0.948	0.00275553  	96.5029      	0.00317914 0.000183  	
2        	20      	0.638	0.00353497  	12.5353      	1.30304    16.1726   	
4        	3       	0.709	0.00354357  	12.7824      	1.29995    16.2802   	
6        	17      	0.096	0.00476864  	34.3883      	0.964923   13.4531   	
10       	12      	0.363	0.00354849  	12.7131      	1.3022     16.2242   	
18       	1       	0.881	0.00470871  	33.4889      	0.985057   13.5299   	
