0        	1       	0.978	0.0267385   	85.7632      	0.171146   2.47627   	
0        	2       	0.89 	0.0350881   	86.5957      	0.136407   1.26872   	
0        	4       	0.776	0.0429886   	90.1327      	0.104448   2.17113   	
0        	5       	0.87 	0.00171006  	94.8875      	0.0046477  0.000352  	
0        	9       	0.06 	0.0958217   	93.6163      	0.0512141  0.939867  	
0        	12      	0.856	0.039719    	89.7745      	0.104964   1.53629   	
0        	13      	0.856	0.0458686   	90.1932      	0.100666   1.49909   	
0        	14      	0.958	0.0412476   	88.9387      	0.114774   1.57658   	
0        	16      	0.072	0.0383581   	89.7155      	0.104341   1.72385   	
0        	17      	0.514	0.0724068   	91.8849      	0.0667606  0.972181  	
0        	18      	0.476	0.0419446   	89.9603      	0.105935   2.08337   	
0        	19      	0.682	0.0382656   	88.9279      	0.124032   2.02017   	
6        	3       	0.061	0.00481703  	35.116       	0.955867   13.4778   	
7        	10      	0.858	0.00355651  	12.8928      	1.29984    16.2614   	
15       	11      	0.068	0.00352786  	12.4015      	1.30415    16.3017   	
20       	8       	0.663	0.003546    	12.8272      	1.29811    16.2569   	
