0        	3       	0.972	0.0200402   	82.3421      	0.21692    3.57143   	
0        	6       	0.928	0.0278273   	90.972       	0.0869362  1.38471   	
0        	7       	0.548	0.0186632   	80.5957      	0.252127   4.07492   	
0        	8       	0.062	0.0230095   	83.6722      	0.204255   3.44518   	
0        	10      	1    	0.0267628   	85.5332      	0.176722   2.65716   	
0        	12      	0.064	0.0237873   	84.5115      	0.188587   3.17659   	
4        	19      	0.804	0.00352724  	12.3751      	1.30725    16.3064   	
9        	1       	0.32 	0.00464688  	32.5468      	0.998276   13.5097   	
11       	5       	0.589	0.00474795  	34.0813      	0.966052   13.4644   	
14       	13      	0.448	0.00353437  	12.4671      	1.30389    16.2522   	
16       	2       	0.072	0.00481811  	34.9323      	0.952728   13.3856   	
17       	18      	0.073	0.00473968  	33.94        	0.973243   13.444    	
20       	15      	0.516	0.0035333   	12.4694      	1.30078    16.2526   	
