0        	2       	0.592	0.0297359   	86.5909      	0.159779   2.28227   	
0        	4       	0.884	0.0274021   	86.0486      	0.169108   2.75438   	
0        	7       	0.944	0.0242064   	84.9963      	0.182581   2.62282   	
0        	10      	0.456	0.0306613   	87.3604      	0.142552   2.24354   	
0        	13      	0.942	0.0223341   	84           	0.196176   2.62781   	
0        	15      	0.476	0.048269    	90.4548      	0.0974965  1.6212    	
0        	16      	0.564	0.0464893   	90.6978      	0.0906646  1.79152   	
0        	20      	0.682	0.0429307   	89.8198      	0.110923   1.92444   	
3        	19      	0.606	0.00354297  	12.7329      	1.2978     16.2387   	
5        	1       	0.061	0.00467331  	33.1152      	0.986217   13.5149   	
6        	9       	0.621	0.00352748  	12.3703      	1.30469    16.2223   	
8        	17      	0.676	0.00353421  	12.5068      	1.30115    16.1616   	
14       	12      	0.121	0.00466905  	32.9437      	0.987191   13.4576   	
18       	11      	0.491	0.00473702  	33.8229      	0.971991   13.4403   	
