0        	2       	0.928	0.01499     	82.0385      	0.231369   3.55095   	
0        	6       	0.948	0.0121386   	72.2902      	0.376983   5.39832   	
0        	12      	0.06 	0.0171929   	79.4094      	0.270764   4.18699   	
0        	17      	0.948	0.014238    	75.9283      	0.327094   4.71335   	
1        	14      	0.667	0.00467724  	33.0699      	0.984133   13.5107   	
5        	19      	0.457	0.0035308   	12.4936      	1.30255    16.2644   	
7        	18      	0.617	0.0047317   	33.9367      	0.973074   13.4818   	
8        	3       	0.079	0.00474201  	33.9588      	0.973015   13.4761   	
10       	16      	0.636	0.00354378  	12.6475      	1.30427    16.1359   	
11       	4       	0.102	0.00479377  	34.6051      	0.963702   13.4241   	
13       	20      	0.598	0.00478791  	34.5609      	0.963899   13.4333   	
15       	9       	0.716	0.00354539  	12.7384      	1.29854    16.3071   	
