0        	1       	0.906	0.0111885   	70.0295      	0.418851   6.1596    	
0        	3       	0.152	0.00182443  	96.414       	0.00325701 0.000349  	
0        	6       	0.954	0.00259201  	96.2593      	0.00340067 0.00022   	
0        	8       	0.772	0.0129754   	73.8863      	0.356151   5.3829    	
0        	9       	0.964	0.001592    	96.23        	0.00342724 0.000249  	
0        	13      	0.958	0.0109617   	69.5804      	0.425727   6.05708   	
0        	14      	0.948	0.00156884  	96.5773      	0.00310868 0.000283  	
0        	15      	0.942	0.00297397  	96.3546      	0.003314   0.000117  	
0        	17      	0.478	0.000436086 	96.5472      	0.00313893 0.000154  	
0        	20      	0.956	0.00844678  	96.3066      	0.00335762 0.000117  	
2        	12      	0.79 	0.00352869  	12.4083      	1.30327    16.234    	
5        	4       	0.235	0.00468143  	33.0569      	0.987092   13.3603   	
10       	16      	0.358	0.00353264  	12.4291      	1.30481    16.2094   	
18       	11      	0.613	0.00353087  	12.4411      	1.30117    16.2913   	
19       	7       	0.354	0.00353035  	12.4248      	1.30292    16.1954   	
