0        	9       	0.952	0.0153519   	77.7195      	0.298561   4.47286   	
0        	11      	0.466	0.0166913   	79.0383      	0.272191   4.45207   	
0        	17      	0.174	0.0131772   	75.4155      	0.334855   4.83835   	
0        	20      	0.954	0.0169037   	79.2179      	0.275641   4.28079   	
4        	16      	0.707	0.00473206  	33.8596      	0.979211   13.5345   	
5        	12      	0.12 	0.00470677  	33.3516      	0.990129   13.3751   	
6        	2       	0.549	0.00353259  	12.4092      	1.30511    16.248    	
7        	10      	0.09 	0.00478188  	34.5606      	0.962033   13.4219   	
8        	19      	0.453	0.00463748  	32.5587      	0.994228   13.4471   	
14       	3       	0.628	0.00353671  	12.5671      	1.30035    16.2002   	
15       	1       	0.719	0.00352541  	12.3468      	1.30127    16.1937   	
18       	13      	0.794	0.00356287  	12.8353      	1.30806    16.1884   	
