0        	1       	0.938	0.0370756   	88.6336      	0.124545   1.72095   	
0        	2       	0.542	0.0664924   	92.8122      	0.0575269  1.12244   	
0        	4       	0.896	0.0537226   	88.0487      	0.0865587  0.785854  	
0        	5       	0.938	0.0461872   	90.3501      	0.100128   1.57569   	
0        	6       	0.456	0.0286936   	89.6592      	0.112401   1.83203   	
0        	10      	0.854	0.0406946   	89.3551      	0.11664    2.09437   	
0        	11      	0.734	0.0630885   	89.4602      	0.0763359  0.824153  	
0        	12      	0.94 	0.0540286   	91.0266      	0.0791437  1.05001   	
0        	14      	0.932	0.0287044   	87.1482      	0.150843   2.41193   	
0        	15      	0.466	0.072342    	91.8583      	0.0632582  1.0098    	
0        	16      	0.954	0.028681    	87.532       	0.142418   2.02086   	
0        	17      	0.924	0.0418748   	89.4495      	0.105797   1.6113    	
3        	19      	0.807	0.00354555  	12.5411      	1.31075    16.3425   	
8        	13      	0.109	0.00487408  	35.6757      	0.940591   13.4284   	
9        	18      	0.615	0.00352549  	12.3396      	1.30431    16.3122   	
20       	7       	0.068	0.00353561  	12.5573      	1.29976    16.2878   	
