0        	1       	0.582	0.0350672   	88.3428      	0.132328   2.39519   	
0        	2       	0.958	0.0266845   	85.5719      	0.176249   3.10299   	
0        	9       	0.942	0.0471      	90.709       	0.0919903  1.45847   	
0        	10      	1    	0.0325093   	87.3823      	0.145833   2.24777   	
0        	12      	0.564	0.0328298   	87.984       	0.135519   2.31812   	
0        	13      	0.952	0.0265408   	85.8461      	0.170866   2.84407   	
0        	14      	0.952	0.0277882   	86.1068      	0.166043   2.83176   	
0        	18      	1    	0.04291     	91.5538      	0.0814455  1.36776   	
3        	11      	0.291	0.00353475  	12.5479      	1.30129    16.2713   	
6        	5       	0.618	0.00353755  	12.6473      	1.30251    16.2364   	
15       	7       	0.374	0.00353146  	12.4628      	1.30435    16.1691   	
16       	4       	0.568	0.00353231  	12.5371      	1.29736    16.2043   	
17       	20      	0.705	0.00353395  	12.5098      	1.30411    16.2818   	
19       	8       	0.56 	0.00353815  	12.5366      	1.30583    16.2925   	
