0        	1       	0.938	0.0311201   	86.7608      	0.129279   1.31815   	
0        	2       	0.928	0.042294    	89.8334      	0.10436    1.76258   	
0        	3       	0.944	0.0841196   	94.0117      	0.0433934  0.825883  	
0        	5       	0.548	0.0591384   	90.3099      	0.0796813  1.23677   	
0        	6       	0.644	0.176186    	95.0675      	0.0259774  0.639731  	
0        	7       	0.932	0.028581    	92.0476      	0.0723218  1.17451   	
0        	10      	0.914	0.0433096   	87.6598      	0.106564   1.01138   	
0        	12      	0.59 	0.0370262   	93.5439      	0.0348038  0.404387  	
0        	13      	0.83 	0.0405103   	89.5265      	0.111742   2.09575   	
0        	14      	0.626	0.0554482   	91.7053      	0.0699816  1.08467   	
0        	15      	0.938	0.0444366   	90.1144      	0.102574   1.79813   	
0        	17      	0.938	0.0312716   	88.3466      	0.132251   2.21246   	
0        	18      	0.682	0.052249    	91.0228      	0.0911079  1.86967   	
0        	20      	0.928	0.0817345   	92.6756      	0.0586227  0.940339  	
11       	9       	0.658	0.00471015  	33.5206      	0.980988   13.3866   	
16       	8       	0.578	0.00483564  	35.2564      	0.948956   13.4855   	
19       	4       	0.599	0.00353907  	12.5839      	1.30074    16.231    	
