0        	8       	0.078	0.028889    	86.6254      	0.159367   2.46697   	
0        	9       	0.062	0.0323844   	87.7337      	0.140114   2.28242   	
0        	11      	0.456	0.0234708   	84.4777      	0.18981    3.22674   	
0        	12      	0.448	0.0226929   	83.4647      	0.208401   3.10955   	
0        	16      	0.914	0.0210072   	82.9321      	0.21601    3.07373   	
0        	20      	0.846	0.0187422   	80.8351      	0.247562   3.85396   	
1        	15      	0.058	0.00484846  	35.578       	0.94471    13.4395   	
2        	4       	0.181	0.00355032  	12.7833      	1.29866    16.1804   	
3        	17      	0.793	0.00353851  	12.5652      	1.30047    16.1995   	
6        	5       	0.408	0.00353136  	12.4334      	1.30687    16.2603   	
7        	18      	0.178	0.00353461  	12.6091      	1.29728    16.1931   	
14       	13      	0.438	0.0049821   	37.1001      	0.921853   13.4667   	
19       	10      	0.779	0.00353044  	12.4386      	1.30171    16.3245   	
