0        	1       	0.928	0.0545088   	95.2543      	0.0170462  0.114897  	
0        	2       	0.808	0.0559843   	91.6737      	0.0753375  1.36772   	
0        	3       	0.514	0.0855058   	93.0726      	0.0520598  1.19686   	
0        	4       	0.586	0.0203622   	93.2572      	0.0487285  0.857311  	
0        	5       	0.926	0.0433148   	90.1825      	0.103922   1.92674   	
0        	6       	0.69 	0.0666624   	92.3703      	0.065887   1.34631   	
0        	7       	0.604	0.0829234   	93.2788      	0.0504847  0.902756  	
0        	8       	0.914	0.0709506   	90.891       	0.0575525  0.675597  	
0        	9       	0.952	0.0289704   	89.4757      	0.0387777  0.190896  	
0        	10      	0.532	0.0594157   	92.2334      	0.0724725  1.57075   	
0        	11      	0.604	0.0428874   	89.0141      	0.102472   1.38522   	
0        	12      	0.826	0.0557484   	91.8669      	0.0745857  1.57246   	
0        	13      	0.958	0.0495235   	90.3529      	0.0942375  1.42324   	
0        	14      	0.81 	0.126871    	94.2749      	0.0380614  0.682755  	
0        	15      	0.95 	0.0764893   	92.094       	0.0572902  0.862705  	
0        	16      	0.974	0.0419293   	89.1713      	0.113515   1.79886   	
0        	19      	0.944	0.0533476   	93.2212      	0.0165472  0.11282   	
0        	20      	0.862	0.0839268   	89.9376      	0.0561447  0.377624  	
18       	17      	0.608	0.00354386  	12.5621      	1.3083     16.2555   	
