0       1       1       	0.846	11.2472   
0       1       2       	0.94 	12.5314   
0       1       3       	0.954	12.7135   
0       1       4       	0.604	7.99198   
0       1       5       	0.938	12.4841   
0       1       6       	0.826	11.0537   
0       1       7       	0.828	11.0103   
0       1       8       	0.26 	3.48146   
0       1       9       	0.8  	10.6532   
0       1       10      	0.728	9.74185   
0       1       11      	0.728	9.67539   
0       1       12      	0.944	12.5757   
0       1       13      	0.942	12.5625   
0       1       14      	0.956	12.7729   
0       1       15      	0.958	12.7641   
0       1       16      	0.16 	2.17851   
0       1       17      	0.866	11.5392   
0       1       18      	0.6  	8.01919   
0       1       19      	0.084	1.14952   
0       1       20      	0.926	12.3154   
