0       1       1       	0.476	6.66098   
0       1       2       	0.952	13.2559   
0       1       3       	0.956	13.311    
0       1       4       	0.96 	13.3805   
0       1       5       	0.444	6.22813   
0       1       6       	0.69 	9.52652   
0       1       7       	0.232	3.22049   
0       1       8       	0.936	13.0172   
0       1       9       	0.928	12.9692   
0       1       10      	0.948	13.2337   
0       1       11      	0.132	1.85021   
0       1       12      	0.928	12.9466   
0       1       13      	0.73 	10.2523   
0       1       14      	0.956	13.3181   
0       1       15      	0.372	5.16743   
0       1       16      	0.96 	13.3846   
0       1       17      	0.954	13.2788   
0       1       18      	0.736	10.225    
0       1       19      	0.53 	7.33646   
0       1       20      	0.772	10.8281   
