0       1       1       	0.94 	14.5057   
0       1       2       	0.158	2.41086   
0       1       3       	0.154	2.34516   
0       1       4       	0.108	1.66221   
0       1       5       	0.206	3.23357   
0       1       6       	0.128	1.94705   
0       1       7       	0.258	4.02956   
0       1       8       	0.37 	5.72072   
0       1       9       	0.514	7.87362   
0       1       10      	0.826	12.7027   
0       1       11      	0.938	14.4885   
0       1       12      	0.928	14.277    
0       1       13      	0.068	1.02274   
0       1       14      	0.154	2.34593   
0       1       15      	0.662	10.2088   
0       1       16      	0.728	11.2376   
0       1       17      	0.772	11.9032   
0       1       18      	0.954	14.7369   
0       1       19      	0.282	4.32841   
0       1       20      	0.478	7.28583   
