0       1       1       	0.15 	2.17439   
0       1       2       	0.476	7.02421   
0       1       3       	1    	14.6572   
0       1       4       	0.94 	13.7525   
0       1       5       	0.81 	11.8484   
0       1       6       	0.958	14.049    
0       1       7       	0.96 	14.0675   
0       1       8       	0.542	7.94192   
0       1       9       	0.826	12.0402   
0       1       10      	0.232	3.40534   
0       1       11      	0.83 	12.131    
0       1       12      	0.074	1.11075   
0       1       13      	0.8  	11.758    
0       1       14      	0.952	13.975    
0       1       15      	1    	14.662    
0       1       16      	0.938	13.6912   
0       1       17      	0.938	13.7323   
0       1       18      	0.53 	7.90259   
0       1       19      	0.942	13.7971   
0       1       20      	0.926	13.6199   
