0       1       1       	0.81 	11.5834   
0       1       2       	0.456	6.49852   
0       1       3       	0.456	6.48224   
0       1       4       	0.914	12.9965   
0       1       5       	0.514	7.28167   
0       1       6       	0.064	0.918338  
0       1       7       	0.064	0.926441  
0       1       8       	0.96 	13.6837   
0       1       9       	0.95 	13.5551   
0       1       10      	0.214	3.10339   
0       1       11      	0.998	14.2531   
0       1       12      	0.922	13.1398   
0       1       13      	0.94 	13.4265   
0       1       14      	0.06 	0.830746  
0       1       15      	0.95 	13.546    
0       1       16      	0.06 	0.884894  
0       1       17      	0.682	9.69029   
0       1       18      	0.232	3.38421   
0       1       19      	0.782	11.124    
0       1       20      	0.928	13.2235   
