0       1       1       	0.728	9.39372   
0       1       2       	0.954	12.4052   
0       1       3       	0.854	11.0531   
0       1       4       	0.94 	12.2126   
0       1       5       	0.074	0.985276  
0       1       6       	0.19 	2.50145   
0       1       7       	0.938	12.1824   
0       1       8       	0.944	12.2551   
0       1       9       	1    	12.9952   
0       1       10      	0.942	12.2392   
0       1       11      	0.852	11.0648   
0       1       12      	0.268	3.51084   
0       1       13      	0.956	12.4322   
0       1       14      	0.956	12.4364   
0       1       15      	0.914	11.8928   
0       1       16      	0.948	12.3306   
0       1       17      	0.914	11.8787   
0       1       18      	0.932	12.1109   
0       1       19      	0.15 	1.88923   
0       1       20      	0.932	12.0909   
