0       1       1       	1    	15.4587   
0       1       2       	0.344	5.30322   
0       1       3       	0.972	15.029    
0       1       4       	0.586	8.98644   
0       1       5       	0.408	6.29031   
0       1       6       	0.772	11.9131   
0       1       7       	0.922	14.2646   
0       1       8       	0.826	12.7063   
0       1       9       	0.87 	13.4191   
0       1       10      	0.668	10.286    
0       1       11      	0.828	12.7431   
0       1       12      	0.444	6.784     
0       1       13      	0.936	14.462    
0       1       14      	0.772	11.9113   
0       1       15      	0.054	0.87195   
0       1       16      	0.728	11.2636   
0       1       17      	0.728	11.2051   
0       1       18      	0.15 	2.34033   
0       1       19      	0.944	14.591    
0       1       20      	0.156	2.40637   
