0       1       1       	0.948	12.1174   
0       1       2       	0.952	12.1377   
0       1       3       	0.074	0.965784  
0       1       4       	0.87 	11.05     
0       1       5       	0.956	12.1815   
0       1       6       	0.062	0.794981  
0       1       7       	0.948	12.0836   
0       1       8       	0.956	12.1724   
0       1       9       	0.476	6.10646   
0       1       10      	0.67 	8.56964   
0       1       11      	0.932	11.9079   
0       1       12      	0.958	12.2286   
0       1       13      	0.938	11.9431   
0       1       14      	0.956	12.177    
0       1       15      	0.2  	2.57889   
0       1       16      	0.662	8.40352   
0       1       17      	0.946	12.0305   
0       1       18      	0.846	10.7868   
0       1       19      	0.514	6.54815   
0       1       20      	0.408	5.18276   
