0       1       1       	0.448	6.78972   
0       1       2       	0.132	1.99728   
0       1       3       	0.564	8.58726   
0       1       4       	0.476	7.23278   
0       1       5       	0.282	4.23859   
0       1       6       	0.956	14.3811   
0       1       7       	0.94 	14.1787   
0       1       8       	0.662	10.0443   
0       1       9       	0.956	14.3895   
0       1       10      	0.954	14.376    
0       1       11      	0.942	14.2004   
0       1       12      	0.772	11.6129   
0       1       13      	0.896	13.5588   
0       1       14      	0.368	5.51668   
0       1       15      	0.69 	10.393    
0       1       16      	0.94 	14.1563   
0       1       17      	0.686	10.3164   
0       1       18      	0.958	14.4318   
0       1       19      	0.74 	11.1409   
0       1       20      	0.336	5.03814   
