0       1       1       	0.336	5.28684   
0       1       2       	0.77 	11.8495   
0       1       3       	0.07 	1.10421   
0       1       4       	0.83 	12.8504   
0       1       5       	0.258	3.99268   
0       1       6       	0.95 	14.6266   
0       1       7       	0.958	14.8142   
0       1       8       	0.448	6.94371   
0       1       9       	0.932	14.4025   
0       1       10      	0.58 	8.90656   
0       1       11      	0.944	14.5606   
0       1       12      	0.456	7.09128   
0       1       13      	0.662	10.1473   
0       1       14      	0.93 	14.3584   
0       1       15      	0.958	14.8268   
0       1       16      	0.894	13.7597   
0       1       17      	0.862	13.285    
0       1       18      	0.96 	14.8565   
0       1       19      	0.078	1.15406   
0       1       20      	0.95 	14.6599   
