0       1       1       	0.084	1.09458   
0       1       2       	0.466	6.20977   
0       1       3       	0.336	4.44391   
0       1       4       	0.082	1.09197   
0       1       5       	0.564	7.56154   
0       1       6       	0.214	2.7982    
0       1       7       	0.132	1.74681   
0       1       8       	0.086	1.19116   
0       1       9       	0.828	10.9831   
0       1       10      	0.064	0.87038   
0       1       11      	0.072	0.99791   
0       1       12      	0.046	0.638074  
0       1       13      	0.542	7.18004   
0       1       14      	0.592	7.81139   
0       1       15      	0.054	0.732603  
0       1       16      	0.548	7.28832   
0       1       17      	0.052	0.711155  
0       1       18      	0.736	9.83989   
0       1       19      	0.548	7.32503   
0       1       20      	0.22 	2.94887   
