0       1       1       	0.856	11.1521   
0       1       2       	0.928	12.1092   
0       1       3       	0.674	8.76055   
0       1       4       	0.894	11.6553   
0       1       5       	0.932	12.1898   
0       1       6       	0.942	12.332    
0       1       7       	0.938	12.2632   
0       1       8       	0.524	6.90518   
0       1       9       	0.948	12.3778   
0       1       10      	0.226	2.9683    
0       1       11      	0.942	12.2821   
0       1       12      	0.93 	12.1496   
0       1       13      	0.36 	4.65424   
0       1       14      	0.3  	3.89497   
0       1       15      	0.93 	12.1553   
0       1       16      	0.948	12.355    
0       1       17      	1    	13.0654   
0       1       18      	0.77 	10.1158   
0       1       19      	0.054	0.702731  
0       1       20      	0.674	8.78988   
