0       1       1       	0.564	8.23266   
0       1       2       	0.81 	11.8454   
0       1       3       	0.268	3.91728   
0       1       4       	0.922	13.5477   
0       1       5       	0.944	13.8808   
0       1       6       	0.866	12.689    
0       1       7       	0.09 	1.30492   
0       1       8       	0.928	13.6292   
0       1       9       	0.16 	2.31109   
0       1       10      	0.928	13.6041   
0       1       11      	0.466	6.80149   
0       1       12      	0.856	12.6015   
0       1       13      	0.36 	5.22526   
0       1       14      	0.15 	2.19649   
0       1       15      	0.564	8.30515   
0       1       16      	0.922	13.5279   
0       1       17      	0.15 	2.20523   
0       1       18      	0.948	13.964    
0       1       19      	0.54 	7.91901   
0       1       20      	0.232	3.45412   
