0       1       1       	0.942	12.8463   
0       1       2       	0.644	8.72252   
0       1       3       	0.87 	11.9101   
0       1       4       	0.668	9.10264   
0       1       5       	0.94 	12.8298   
0       1       6       	0.828	11.3314   
0       1       7       	0.258	3.50655   
0       1       8       	0.952	12.9962   
0       1       9       	0.96 	13.0674   
0       1       10      	0.954	13.0024   
0       1       11      	0.938	12.7374   
0       1       12      	0.854	11.6252   
0       1       13      	0.082	1.15343   
0       1       14      	0.924	12.6108   
0       1       15      	0.95 	12.9395   
0       1       16      	0.958	13.0214   
0       1       17      	0.58 	7.87675   
0       1       18      	0.928	12.6757   
0       1       19      	0.772	10.5743   
0       1       20      	0.922	12.629    
