0       1       1       	0.052	0.708325  
0       1       2       	0.674	8.82443   
0       1       3       	0.282	3.75631   
0       1       4       	0.282	3.70282   
0       1       5       	0.368	4.85462   
0       1       6       	0.958	12.6387   
0       1       7       	0.862	11.3693   
0       1       8       	0.896	11.8233   
0       1       9       	0.354	4.65722   
0       1       10      	0.972	12.8515   
0       1       11      	0.728	9.59137   
0       1       12      	0.078	0.994279  
0       1       13      	0.928	12.2793   
0       1       14      	0.94 	12.4227   
0       1       15      	0.094	1.24309   
0       1       16      	0.15 	1.96437   
0       1       17      	0.94 	12.4267   
0       1       18      	0.87 	11.5053   
0       1       19      	0.592	7.87071   
0       1       20      	0.644	8.52257   
