0       1       1       	0.952	11.6018   
0       1       2       	0.914	11.1208   
0       1       3       	0.476	5.86536   
0       1       4       	0.296	3.59344   
0       1       5       	0.94 	11.4483   
0       1       6       	0.154	1.787     
0       1       7       	0.456	5.47346   
0       1       8       	0.192	2.33603   
0       1       9       	0.952	11.5802   
0       1       10      	0.058	0.721817  
0       1       11      	0.674	8.22502   
0       1       12      	0.174	2.16481   
0       1       13      	0.078	0.942106  
0       1       14      	0.938	11.4192   
0       1       15      	0.132	1.57672   
0       1       16      	0.042	0.490101  
0       1       17      	0.94 	11.4439   
0       1       18      	0.96 	11.6635   
0       1       19      	0.938	11.3981   
0       1       20      	0.942	11.4853   
