0       1       1       	0.954	14.3061   
0       1       2       	0.942	14.137    
0       1       3       	0.772	11.6131   
0       1       4       	0.408	6.0923    
0       1       5       	0.476	7.09882   
0       1       6       	0.514	7.63878   
0       1       7       	0.772	11.607    
0       1       8       	0.928	13.9457   
0       1       9       	0.776	11.6791   
0       1       10      	0.336	5.06186   
0       1       11      	0.064	0.950617  
0       1       12      	0.128	1.90477   
0       1       13      	0.826	12.3402   
0       1       14      	0.466	7.03403   
0       1       15      	0.068	1.03456   
0       1       16      	0.354	5.32422   
0       1       17      	0.542	8.02588   
0       1       18      	0.94 	14.1122   
0       1       19      	0.268	3.96541   
0       1       20      	0.896	13.4296   
