0       1       1       	0.954	15.1965   
0       1       2       	0.942	15.0315   
0       1       3       	0.854	13.5672   
0       1       4       	0.048	0.768736  
0       1       5       	0.122	1.93803   
0       1       6       	0.972	15.5088   
0       1       7       	1    	15.9423   
0       1       8       	0.956	15.261    
0       1       9       	0.06 	0.981271  
0       1       10      	0.676	10.7716   
0       1       11      	0.952	15.1932   
0       1       12      	0.078	1.20056   
0       1       13      	0.952	15.2112   
0       1       14      	0.558	8.92093   
0       1       15      	0.862	13.7719   
0       1       16      	0.582	9.29491   
0       1       17      	0.938	14.9723   
0       1       18      	0.938	14.9658   
0       1       19      	0.928	14.8273   
0       1       20      	0.944	14.9983   
