0       1       1       	0.06 	0.806078  
0       1       2       	0.082	1.11817   
0       1       3       	0.736	9.98018   
0       1       4       	0.948	12.9453   
0       1       5       	0.06 	0.85445   
0       1       6       	0.89 	12.139    
0       1       7       	0.682	9.27687   
0       1       8       	0.662	9.10229   
0       1       9       	0.662	9.03806   
0       1       10      	0.15 	2.10938   
0       1       11      	0.928	12.6384   
0       1       12      	0.118	1.65651   
0       1       13      	0.45 	6.06456   
0       1       14      	0.54 	7.31572   
0       1       15      	0.582	8.04844   
0       1       16      	0.674	9.10234   
0       1       17      	0.938	12.7504   
0       1       18      	0.926	12.5943   
0       1       19      	0.048	0.64185   
0       1       20      	0.58 	7.8764    
