0       1       1       	0.958	15.2088   
0       1       2       	0.258	4.1048    
0       1       3       	0.938	14.8902   
0       1       4       	0.95 	15.0693   
0       1       5       	0.986	15.6751   
0       1       6       	0.956	15.1809   
0       1       7       	0.93 	14.8085   
0       1       8       	0.932	14.782    
0       1       9       	0.072	1.15569   
0       1       10      	0.926	14.6688   
0       1       11      	0.954	15.1552   
0       1       12      	0.682	10.8293   
0       1       13      	0.476	7.66737   
0       1       14      	0.132	2.06641   
0       1       15      	0.942	14.9076   
0       1       16      	0.668	10.6102   
0       1       17      	0.948	15.0247   
0       1       18      	0.894	14.152    
0       1       19      	0.826	13.1252   
0       1       20      	0.93 	14.7527   
