0       1       1       	0.548	7.84393   
0       1       2       	0.202	2.86027   
0       1       3       	0.336	4.78201   
0       1       4       	0.948	13.5065   
0       1       5       	0.206	2.93995   
0       1       6       	0.794	11.2679   
0       1       7       	0.938	13.4199   
0       1       8       	0.69 	9.80252   
0       1       9       	0.93 	13.2588   
0       1       10      	0.922	13.1659   
0       1       11      	0.928	13.2284   
0       1       12      	0.956	13.6639   
0       1       13      	0.938	13.3574   
0       1       14      	0.894	12.7535   
0       1       15      	0.202	2.85968   
0       1       16      	0.958	13.6678   
0       1       17      	0.944	13.4921   
0       1       18      	1    	14.3092   
0       1       19      	0.368	5.29014   
0       1       20      	0.354	4.99744   
