0       1       1       	0.916	11.8083   
0       1       2       	0.83 	10.7101   
0       1       3       	0.052	0.656053  
0       1       4       	0.58 	7.55424   
0       1       5       	0.912	11.8283   
0       1       6       	0.938	12.1353   
0       1       7       	0.8  	10.2981   
0       1       8       	0.54 	6.92663   
0       1       9       	0.94 	12.2067   
0       1       10      	0.514	6.66373   
0       1       11      	0.564	7.34094   
0       1       12      	0.662	8.53487   
0       1       13      	0.93 	12.0263   
0       1       14      	0.06 	0.803804  
0       1       15      	0.748	9.68898   
0       1       16      	0.662	8.59365   
0       1       17      	0.942	12.1786   
0       1       18      	0.108	1.40647   
0       1       19      	0.078	0.989167  
0       1       20      	0.942	12.2032   
