0       1       1       	0.532	7.52891   
0       1       2       	0.938	13.0985   
0       1       3       	0.15 	2.10954   
0       1       4       	0.258	3.63245   
0       1       5       	0.532	7.37102   
0       1       6       	0.81 	11.3027   
0       1       7       	0.16 	2.22532   
0       1       8       	0.94 	13.129    
0       1       9       	0.514	7.13068   
0       1       10      	0.856	11.9938   
0       1       11      	0.96 	13.4174   
0       1       12      	0.928	12.9684   
0       1       13      	0.928	12.9834   
0       1       14      	0.958	13.3946   
0       1       15      	0.942	13.1762   
0       1       16      	0.564	7.88041   
0       1       17      	0.126	1.72903   
0       1       18      	0.682	9.59588   
0       1       19      	0.944	13.1983   
0       1       20      	0.282	4.03266   
