0       1       1       	0.064	0.94192   
0       1       2       	0.476	7.14022   
0       1       3       	0.894	13.3575   
0       1       4       	0.952	14.2764   
0       1       5       	0.96 	14.4484   
0       1       6       	0.954	14.2908   
0       1       7       	0.6  	9.02134   
0       1       8       	0.948	14.1993   
0       1       9       	0.068	1.05003   
0       1       10      	0.914	13.7637   
0       1       11      	0.96 	14.3958   
0       1       12      	0.83 	12.5333   
0       1       13      	0.466	6.97249   
0       1       14      	0.914	13.6919   
0       1       15      	0.258	3.77822   
0       1       16      	0.132	1.91959   
0       1       17      	0.54 	8.04864   
0       1       18      	0.826	12.4527   
0       1       19      	0.826	12.3459   
0       1       20      	0.67 	10.0906   
