0       1       1       	0.174	2.45328   
0       1       2       	0.944	13.5405   
0       1       3       	0.152	2.18936   
0       1       4       	0.69 	9.88838   
0       1       5       	0.258	3.67496   
0       1       6       	0.22 	3.15131   
0       1       7       	0.368	5.26587   
0       1       8       	0.914	13.131    
0       1       9       	0.948	13.5671   
0       1       10      	0.96 	13.7797   
0       1       11      	0.682	9.79185   
0       1       12      	0.674	9.59372   
0       1       13      	0.862	12.3736   
0       1       14      	0.794	11.3846   
0       1       15      	0.456	6.45566   
0       1       16      	0.81 	11.5332   
0       1       17      	0.3  	4.27228   
0       1       18      	0.956	13.7164   
0       1       19      	0.884	12.6776   
0       1       20      	0.972	13.9108   
