0       1       1       	0.89 	13.39     
0       1       2       	0.944	14.1733   
0       1       3       	0.926	13.911    
0       1       4       	0.932	14.0663   
0       1       5       	1    	15.0522   
0       1       6       	0.58 	8.7025    
0       1       7       	0.782	11.6954   
0       1       8       	0.18 	2.76173   
0       1       9       	0.894	13.4651   
0       1       10      	0.094	1.46605   
0       1       11      	0.534	8.09858   
0       1       12      	0.174	2.63338   
0       1       13      	0.132	1.99447   
0       1       14      	0.16 	2.41784   
0       1       15      	0.87 	13.0879   
0       1       16      	0.83 	12.4814   
0       1       17      	0.926	13.9186   
0       1       18      	0.726	10.9717   
0       1       19      	0.662	9.99359   
0       1       20      	0.948	14.2875   
