0       1       1       	0.938	13.8054   
0       1       2       	0.93 	13.6353   
0       1       3       	0.758	11.1603   
0       1       4       	0.972	14.2982   
0       1       5       	0.592	8.79799   
0       1       6       	0.928	13.6377   
0       1       7       	0.098	1.45305   
0       1       8       	0.682	10.1099   
0       1       9       	0.082	1.24194   
0       1       10      	0.082	1.15971   
0       1       11      	0.938	13.703    
0       1       12      	0.542	7.97853   
0       1       13      	0.174	2.58315   
0       1       14      	0.938	13.7449   
0       1       15      	0.93 	13.608    
0       1       16      	0.932	13.6613   
0       1       17      	0.626	9.11543   
0       1       18      	0.894	13.0977   
0       1       19      	0.268	3.91116   
0       1       20      	0.932	13.6472   
