0       1       1       	0.772	11.3323   
0       1       2       	0.564	8.25282   
0       1       3       	0.668	9.83837   
0       1       4       	0.43 	6.33428   
0       1       5       	0.794	11.6606   
0       1       6       	0.564	8.34001   
0       1       7       	0.828	12.1966   
0       1       8       	0.826	12.1611   
0       1       9       	0.514	7.53729   
0       1       10      	0.084	1.24893   
0       1       11      	0.06 	0.868933  
0       1       12      	0.682	10.006    
0       1       13      	0.398	5.81073   
0       1       14      	0.118	1.72166   
0       1       15      	0.87 	12.7927   
0       1       16      	0.826	12.1392   
0       1       17      	0.932	13.6903   
0       1       18      	0.678	9.97815   
0       1       19      	0.078	1.15345   
0       1       20      	0.456	6.7802    
