0       1       1       	0.082	1.02675   
0       1       2       	0.954	12.1553   
0       1       3       	0.118	1.50209   
0       1       4       	0.132	1.72453   
0       1       5       	0.548	6.91666   
0       1       6       	0.58 	7.36183   
0       1       7       	0.942	12.0183   
0       1       8       	0.94 	11.9437   
0       1       9       	0.118	1.4511    
0       1       10      	0.8  	10.161    
0       1       11      	0.946	12.0473   
0       1       12      	0.948	12.074    
0       1       13      	0.952	12.1441   
0       1       14      	0.936	11.9359   
0       1       15      	0.564	7.14703   
0       1       16      	0.928	11.7984   
0       1       17      	0.476	6.08092   
0       1       18      	0.118	1.53851   
0       1       19      	0.944	12.042    
0       1       20      	0.108	1.37511   
