0       1       1       	0.94 	12.0859   
0       1       2       	0.074	0.957003  
0       1       3       	0.944	12.1378   
0       1       4       	0.482	6.29357   
0       1       5       	0.894	11.5248   
0       1       6       	0.942	12.1307   
0       1       7       	0.202	2.60986   
0       1       8       	0.082	1.02053   
0       1       9       	0.87 	11.2214   
0       1       10      	0.084	1.0917    
0       1       11      	0.914	11.7576   
0       1       12      	0.896	11.5529   
0       1       13      	0.944	12.1908   
0       1       14      	0.084	1.04983   
0       1       15      	0.948	12.2439   
0       1       16      	0.826	10.5837   
0       1       17      	0.948	12.244    
0       1       18      	0.932	12.0406   
0       1       19      	0.914	11.7654   
0       1       20      	0.048	0.632448  
