0       1       1       	0.59 	7.79579   
0       1       2       	0.614	8.147     
0       1       3       	0.054	0.694054  
0       1       4       	0.826	11.0304   
0       1       5       	0.332	4.34733   
0       1       6       	0.258	3.40317   
0       1       7       	0.842	11.2333   
0       1       8       	0.846	11.2597   
0       1       9       	0.178	2.34576   
0       1       10      	0.922	12.2965   
0       1       11      	0.514	6.82758   
0       1       12      	0.058	0.766436  
0       1       13      	0.952	12.6838   
0       1       14      	0.87 	11.5628   
0       1       15      	0.296	3.92071   
0       1       16      	0.682	9.08191   
0       1       17      	0.054	0.728092  
0       1       18      	0.748	9.93169   
0       1       19      	0.078	1.05186   
0       1       20      	0.542	7.20734   
