0       1       1       	0.942	13.1443   
0       1       2       	0.202	2.78475   
0       1       3       	0.132	1.8204    
0       1       4       	0.238	3.31819   
0       1       5       	0.826	11.5085   
0       1       6       	0.456	6.37335   
0       1       7       	0.944	13.185    
0       1       8       	0.202	2.8408    
0       1       9       	0.938	13.0859   
0       1       10      	0.466	6.54616   
0       1       11      	0.89 	12.3997   
0       1       12      	0.176	2.44523   
0       1       13      	0.906	12.6406   
0       1       14      	0.58 	8.04555   
0       1       15      	0.062	0.884944  
0       1       16      	0.87 	12.0955   
0       1       17      	0.826	11.4864   
0       1       18      	0.77 	10.6853   
0       1       19      	0.67 	9.35141   
0       1       20      	0.81 	11.2732   
