0       1       1       	0.174	2.53926   
0       1       2       	0.206	2.88537   
0       1       3       	0.922	13.1931   
0       1       4       	0.248	3.48475   
0       1       5       	0.846	12.0657   
0       1       6       	0.354	5.03492   
0       1       7       	0.8  	11.4464   
0       1       8       	0.082	1.16091   
0       1       9       	0.948	13.5894   
0       1       10      	0.922	13.209    
0       1       11      	0.936	13.3757   
0       1       12      	0.514	7.36991   
0       1       13      	0.69 	9.89593   
0       1       14      	0.102	1.46503   
0       1       15      	0.668	9.52083   
0       1       16      	0.948	13.5495   
0       1       17      	0.932	13.3339   
0       1       18      	0.944	13.504    
0       1       19      	0.58 	8.34563   
0       1       20      	0.932	13.3314   
