0       1       1       	0.152	2.22136   
0       1       2       	0.952	13.9778   
0       1       3       	0.826	12.1296   
0       1       4       	0.662	9.64201   
0       1       5       	0.96 	14.0663   
0       1       6       	0.96 	14.0761   
0       1       7       	0.956	13.9977   
0       1       8       	0.58 	8.48701   
0       1       9       	0.514	7.5291    
0       1       10      	0.906	13.2863   
0       1       11      	0.912	13.3784   
0       1       12      	0.408	5.90276   
0       1       13      	0.548	8.02718   
0       1       14      	0.078	1.1345    
0       1       15      	0.174	2.56426   
0       1       16      	0.368	5.39821   
0       1       17      	1    	14.6367   
0       1       18      	0.064	0.927205  
0       1       19      	0.95 	13.9183   
0       1       20      	0.94 	13.7411   
