0       1       1       	0.54 	7.49917   
0       1       2       	0.062	0.843295  
0       1       3       	0.94 	13.1052   
0       1       4       	0.896	12.4981   
0       1       5       	0.87 	12.1683   
0       1       6       	0.068	0.957834  
0       1       7       	0.962	13.4373   
0       1       8       	0.922	12.817    
0       1       9       	0.928	12.9528   
0       1       10      	0.89 	12.4142   
0       1       11      	0.06 	0.846135  
0       1       12      	0.282	3.86541   
0       1       13      	0.948	13.2469   
0       1       14      	0.96 	13.3856   
0       1       15      	0.952	13.2901   
0       1       16      	0.942	13.1481   
0       1       17      	0.924	12.8315   
0       1       18      	0.856	11.9568   
0       1       19      	0.944	13.1888   
0       1       20      	0.068	0.936096  
