0       1       1       	0.058	0.786601  
0       1       2       	0.972	13.3219   
0       1       3       	0.662	9.05671   
0       1       4       	0.382	5.3098    
0       1       5       	0.748	10.3194   
0       1       6       	0.772	10.6113   
0       1       7       	0.884	12.1253   
0       1       8       	0.69 	9.39838   
0       1       9       	0.064	0.873618  
0       1       10      	0.906	12.4375   
0       1       11      	0.95 	13.017    
0       1       12      	0.674	9.24892   
0       1       13      	0.94 	12.8729   
0       1       14      	0.916	12.6214   
0       1       15      	0.238	3.29805   
0       1       16      	0.26 	3.56841   
0       1       17      	0.914	12.4879   
0       1       18      	0.174	2.39228   
0       1       19      	0.928	12.6917   
0       1       20      	0.81 	11.0638   
