0       1       1       	0.8  	12.3868   
0       1       2       	0.084	1.28087   
0       1       3       	0.772	11.8634   
0       1       4       	0.952	14.6937   
0       1       5       	0.15 	2.34807   
0       1       6       	0.938	14.4625   
0       1       7       	0.728	11.2713   
0       1       8       	0.854	13.1352   
0       1       9       	0.084	1.29491   
0       1       10      	0.772	11.8913   
0       1       11      	0.054	0.826782  
0       1       12      	0.956	14.751    
0       1       13      	0.322	5.05055   
0       1       14      	0.22 	3.3925    
0       1       15      	0.936	14.4954   
0       1       16      	0.668	10.283    
0       1       17      	0.96 	14.8546   
0       1       18      	0.856	13.2509   
0       1       19      	0.532	8.15005   
0       1       20      	0.954	14.7553   
