0       1       1       	0.674	10.4957   
0       1       2       	0.958	14.8312   
0       1       3       	0.16 	2.45551   
0       1       4       	0.944	14.5959   
0       1       5       	0.67 	10.3947   
0       1       6       	0.776	12.0247   
0       1       7       	0.132	1.99199   
0       1       8       	0.8  	12.3527   
0       1       9       	0.948	14.681    
0       1       10      	0.932	14.4308   
0       1       11      	0.964	14.9365   
0       1       12      	0.098	1.57136   
0       1       13      	0.826	12.7671   
0       1       14      	0.668	10.3591   
0       1       15      	0.662	10.2469   
0       1       16      	0.938	14.5006   
0       1       17      	0.914	14.143    
0       1       18      	0.946	14.6427   
0       1       19      	0.906	14.0024   
0       1       20      	0.81 	12.5705   
