0       1       1       	0.466	6.33876   
0       1       2       	0.67 	9.17949   
0       1       3       	0.928	12.7252   
0       1       4       	0.938	12.779    
0       1       5       	0.81 	11.0313   
0       1       6       	0.232	3.15697   
0       1       7       	0.952	13.0762   
0       1       8       	0.5  	6.75847   
0       1       9       	0.514	6.96353   
0       1       10      	0.928	12.6333   
0       1       11      	0.398	5.45066   
0       1       12      	0.94 	12.8266   
0       1       13      	0.354	4.82587   
0       1       14      	0.964	13.2029   
0       1       15      	0.05 	0.68443   
0       1       16      	0.268	3.6464    
0       1       17      	0.826	11.2726   
0       1       18      	0.94 	12.8601   
0       1       19      	0.682	9.30277   
0       1       20      	0.15 	2.01836   
