0       1       1       	0.078	1.17573   
0       1       2       	0.736	11.1017   
0       1       3       	0.94 	14.1562   
0       1       4       	0.926	13.9137   
0       1       5       	0.042	0.619345  
0       1       6       	0.928	14.0044   
0       1       7       	0.062	0.908448  
0       1       8       	0.808	12.1838   
0       1       9       	0.894	13.4729   
0       1       10      	0.476	7.22505   
0       1       11      	1    	15.0876   
0       1       12      	0.944	14.2114   
0       1       13      	0.174	2.64412   
0       1       14      	0.456	6.83357   
0       1       15      	0.054	0.806832  
0       1       16      	0.078	1.17718   
0       1       17      	0.15 	2.23972   
0       1       18      	0.054	0.784055  
0       1       19      	0.532	8.07954   
0       1       20      	0.922	13.9006   
