0       1       1       	0.81 	11.3097   
0       1       2       	0.8  	11.1625   
0       1       3       	0.132	1.79022   
0       1       4       	0.942	13.1485   
0       1       5       	0.226	3.0513    
0       1       6       	0.202	2.80558   
0       1       7       	0.894	12.5529   
0       1       8       	0.226	3.14641   
0       1       9       	0.37 	5.15058   
0       1       10      	0.69 	9.58992   
0       1       11      	0.466	6.49301   
0       1       12      	0.93 	12.982    
0       1       13      	0.068	0.951205  
0       1       14      	0.794	11.0843   
0       1       15      	0.718	9.98467   
0       1       16      	0.15 	2.14192   
0       1       17      	0.922	12.9172   
0       1       18      	0.06 	0.813982  
0       1       19      	0.06 	0.847137  
0       1       20      	0.952	13.3542   
