
RelayID	AvgQueueWait	QueueDropRate	RequeueRate	Throughput
0      	0.00455047  	94.1283      	0.35415    	12.71     

RelayID	ResRate	ClientID	PSR	Throughput	
0       0.8196  1       	0.718	9.17544   
0       0.8196  4       	0.944	11.9955   
0       0.8196  5       	0.922	11.7435   
0       0.8196  7       	0.87 	11.0948   
0       0.8196  8       	0.514	6.51738   
0       0.8196  9       	0.948	12.0971   
0       0.8196  10      	0.542	6.85482   
0       0.8196  11      	0.476	6.08509   
0       0.8196  12      	0.972	12.3782   
0       0.8196  15      	0.922	11.7951   
0       0.8196  16      	0.942	12.0359   
0       0.8196  17      	0.944	12.0314   
0       0.8196  18      	0.59 	7.52461   
0       0.8196  19      	0.94 	12.0141   
0       0.8196  20      	0.94 	11.978    
No packets queued!!!
No packets queued!!!
