0       0.6142  3       	0.674	9.76781   
0       0.6142  4       	0.94 	13.7297   
0       0.6142  8       	0.548	8.04254   
0       0.6142  9       	0.936	13.6988   
0       0.6142  13      	0.942	13.748    
0       0.6142  14      	0.514	7.42083   
0       0.6142  15      	0.958	13.9653   
0       0.6142  16      	0.94 	13.741    
0       0.6142  18      	0.866	12.6268   
2       0.0795  6       	0.142	1.7525    
2       0.0795  17      	0.636	8.29601   
5       0.079   10      	0.576	3.92641   
7       0.1282  12      	0.71 	7.98723   
7       0.1282  20      	0.678	7.50686   
19      0.0991  1       	0.496	5.68447   
19      0.0991  11      	0.561	6.49068   
