0       0.5023  1       	0.87 	12.6743   
0       0.5023  8       	0.954	14.0203   
0       0.5023  12      	0.956	13.963    
0       0.5023  17      	0.928	13.5788   
0       0.5023  18      	0.736	10.404    
0       0.5023  19      	0.826	12.0862   
9       0.089   6       	0.803	8.37042   
10      0.0903  5       	0.763	7.82904   
13      0.0951  3       	0.139	1.33828   
13      0.0951  4       	0.715	6.92573   
15      0.0801  7       	0.727	8.64084   
16      0.0885  2       	0.218	2.26119   
16      0.0885  14      	0.702	7.0561    
20      0.0546  11      	0.06 	0.557363  
