0       0.6324  2       	0.944	13.4787   
0       0.6324  8       	0.914	13.1077   
0       0.6324  9       	0.948	13.57     
0       0.6324  10      	0.96 	13.7363   
0       0.6324  11      	0.682	9.68194   
0       0.6324  12      	0.674	9.59346   
0       0.6324  15      	0.456	6.49247   
0       0.6324  16      	0.81 	11.6871   
0       0.6324  18      	0.956	13.6644   
0       0.6324  20      	0.972	13.8522   
4       0.0894  1       	0.552	7.20153   
4       0.0894  3       	0.476	6.30113   
13      0.1231  7       	0.712	6.49223   
13      0.1231  17      	0.791	7.23698   
14      0.0736  6       	0.621	5.96374   
19      0.0814  5       	0.681	7.37505   
