0       0.6671  1       	1    	15.409    
0       0.6671  3       	0.972	14.9287   
0       0.6671  4       	0.586	9.01081   
0       0.6671  6       	0.772	11.9241   
0       0.6671  7       	0.922	14.2269   
0       0.6671  11      	0.828	12.6377   
0       0.6671  12      	0.444	6.7815    
0       0.6671  13      	0.936	14.4236   
0       0.6671  14      	0.772	11.8707   
0       0.6671  16      	0.728	11.1298   
0       0.6671  19      	0.944	14.5395   
8       0.1205  2       	0.798	8.16071   
8       0.1205  18      	0.472	4.79777   
9       0.0942  5       	0.769	7.28195   
10      0.0701  20      	0.552	3.6413    
17      0.048   15      	0.108	0.6855    
