0       0.6474  1       	0.942	13.7567   
0       0.6474  2       	0.942	13.812    
0       0.6474  4       	0.928	13.5335   
0       0.6474  6       	0.476	7.09229   
0       0.6474  7       	1    	14.6629   
0       0.6474  8       	0.96 	14.0925   
0       0.6474  12      	0.528	7.70435   
0       0.6474  14      	0.74 	10.9295   
0       0.6474  15      	0.794	11.5941   
0       0.6474  19      	0.826	12.1847   
0       0.6474  20      	0.772	11.3405   
5       0.0904  16      	0.677	7.78535   
9       0.0865  11      	0.652	6.54979   
10      0.0588  3       	0.103	1.21391   
18      0.1169  13      	0.623	7.06842   
18      0.1169  17      	0.623	6.57362   
