0       0.6387  3       	0.922	14.6185   
0       0.6387  7       	0.8  	12.6518   
0       0.6387  9       	0.948	15.076    
0       0.6387  10      	0.922	14.6469   
0       0.6387  12      	0.514	8.33853   
0       0.6387  15      	0.668	10.5616   
0       0.6387  16      	0.948	15.0569   
0       0.6387  17      	0.932	14.8285   
0       0.6387  18      	0.944	14.9801   
0       0.6387  19      	0.58 	9.2732    
5       0.1228  2       	0.616	6.2699    
5       0.1228  4       	0.651	6.86521   
11      0.0613  14      	0.12 	0.967129  
13      0.0732  1       	0.57 	7.26852   
20      0.1041  6       	0.686	8.10119   
20      0.1041  8       	0.173	2.06231   
