0       0.7168  3       	0.07 	1.06934   
0       0.7168  6       	0.95 	14.6758   
0       0.7168  7       	0.958	14.7812   
0       0.7168  9       	0.932	14.4154   
0       0.7168  10      	0.58 	8.8128    
0       0.7168  11      	0.944	14.5737   
0       0.7168  12      	0.456	7.05175   
0       0.7168  13      	0.662	10.1622   
0       0.7168  14      	0.93 	14.3085   
0       0.7168  15      	0.958	14.7803   
0       0.7168  17      	0.862	13.2461   
0       0.7168  18      	0.96 	14.8001   
0       0.7168  20      	0.95 	14.6541   
2       0.0519  19      	0.154	1.24306   
4       0.0872  1       	0.722	8.09115   
16      0.1441  5       	0.808	9.50289   
16      0.1441  8       	0.864	10.1259   
