0       0.7336  3       	0.674	9.3389    
0       0.7336  5       	0.932	12.9074   
0       0.7336  6       	0.942	13.1159   
0       0.7336  7       	0.938	13.0106   
0       0.7336  8       	0.524	7.24103   
0       0.7336  9       	0.948	13.1605   
0       0.7336  11      	0.942	13.06     
0       0.7336  12      	0.93 	12.859    
0       0.7336  15      	0.93 	12.8192   
0       0.7336  16      	0.948	13.127    
0       0.7336  17      	1    	13.8817   
0       0.7336  18      	0.77 	10.702    
0       0.7336  20      	0.674	9.35892   
1       0.1276  13      	0.765	10.2727   
1       0.1276  14      	0.693	9.14681   
2       0.0853  10      	0.62 	5.00503   
4       0.0535  19      	0.077	0.569084  
