0       0.661   1       	0.938	14.8687   
0       0.661   2       	0.456	7.25465   
0       0.661   4       	0.938	14.9128   
0       0.661   6       	0.846	13.4707   
0       0.661   8       	0.942	15.0197   
0       0.661   11      	0.96 	15.3034   
0       0.661   12      	0.854	13.5904   
0       0.661   13      	0.94 	14.9508   
0       0.661   14      	0.572	8.98232   
0       0.661   15      	0.894	14.2016   
0       0.661   20      	0.826	13.1345   
7       0.0573  5       	0.076	0.662932  
9       0.091   16      	0.645	5.68505   
17      0.1242  10      	0.683	8.05055   
17      0.1242  19      	0.584	7.02809   
18      0.0665  3       	0.358	3.8682    
