0       0.6499  3       	0.564	8.4484    
0       0.6499  4       	0.476	7.14554   
0       0.6499  6       	0.956	14.3103   
0       0.6499  7       	0.94 	14.0403   
0       0.6499  8       	0.662	9.93572   
0       0.6499  9       	0.956	14.2927   
0       0.6499  10      	0.954	14.3074   
0       0.6499  11      	0.942	14.1278   
0       0.6499  17      	0.686	10.3572   
0       0.6499  18      	0.958	14.3267   
0       0.6499  19      	0.74 	11.1205   
12      0.1169  5       	0.679	7.7994    
12      0.1169  20      	0.707	8.06087   
13      0.0933  1       	0.826	8.88561   
15      0.0726  14      	0.651	7.62398   
16      0.0673  2       	0.303	3.37187   
