0       0.7261  1       	0.88 	13.274    
0       0.7261  6       	0.514	7.69282   
0       0.7261  7       	0.946	14.2607   
0       0.7261  8       	0.958	14.4631   
0       0.7261  10      	0.856	12.9114   
0       0.7261  11      	1    	15.0722   
0       0.7261  12      	0.938	14.1426   
0       0.7261  14      	0.728	10.9956   
0       0.7261  15      	0.938	14.1402   
0       0.7261  16      	0.93 	13.9981   
0       0.7261  18      	0.828	12.4935   
0       0.7261  19      	0.936	14.0886   
0       0.7261  20      	0.06 	0.896912  
3       0.076   17      	0.633	4.48058   
5       0.083   2       	0.709	7.64361   
13      0.1149  4       	0.551	7.10615   
13      0.1149  9       	0.595	8.01909   
