0       0.7796  1       	0.548	8.2148    
0       0.7796  2       	0.202	3.06745   
0       0.7796  4       	0.948	14.1947   
0       0.7796  6       	0.794	11.8956   
0       0.7796  8       	0.69 	10.3876   
0       0.7796  9       	0.93 	13.9075   
0       0.7796  10      	0.922	13.7815   
0       0.7796  11      	0.928	13.9261   
0       0.7796  12      	0.956	14.3308   
0       0.7796  13      	0.938	14.0888   
0       0.7796  16      	0.958	14.2982   
0       0.7796  17      	0.944	14.1871   
0       0.7796  18      	1    	14.993    
0       0.7796  19      	0.368	5.57001   
0       0.7796  20      	0.354	5.3371    
7       0.0966  3       	0.728	7.46957   
14      0.1238  5       	0.599	6.54149   
14      0.1238  15      	0.644	7.06745   
