0       0.712   2       	0.952	14.3231   
0       0.712   5       	0.96 	14.3943   
0       0.712   6       	0.96 	14.3632   
0       0.712   7       	0.956	14.3109   
0       0.712   8       	0.58 	8.64677   
0       0.712   9       	0.514	7.71143   
0       0.712   10      	0.906	13.5597   
0       0.712   13      	0.548	8.18492   
0       0.712   17      	1    	15.0068   
0       0.712   18      	0.064	0.944751  
0       0.712   19      	0.95 	14.2799   
0       0.712   20      	0.94 	14.1087   
3       0.11    1       	0.292	3.08391   
3       0.11    12      	0.679	7.05971   
4       0.0536  14      	0.213	1.35981   
11      0.1244  15      	0.492	5.10341   
11      0.1244  16      	0.629	6.51891   
