0       0.5366  3       	0.952	13.952    
0       0.5366  4       	0.928	13.5638   
0       0.5366  7       	0.942	13.7823   
0       0.5366  8       	0.456	6.75669   
0       0.5366  18      	0.94 	13.746    
0       0.5366  19      	0.948	13.9025   
0       0.5366  20      	0.94 	13.7088   
5       0.0826  16      	0.596	6.12426   
9       0.0921  1       	0.628	8.01585   
10      0.0614  12      	0.114	1.11739   
13      0.0869  11      	0.707	6.09128   
15      0.1013  6       	0.239	2.13889   
15      0.1013  17      	0.596	5.88183   
