0       0.652   3       	0.772	11.068    
0       0.652   4       	0.952	13.6208   
0       0.652   6       	0.938	13.3541   
0       0.652   10      	0.772	11.0409   
0       0.652   15      	0.936	13.3789   
0       0.652   16      	0.668	9.53493   
0       0.652   17      	0.96 	13.7327   
0       0.652   18      	0.856	12.2225   
0       0.652   19      	0.532	7.63317   
0       0.652   20      	0.954	13.6628   
1       0.0688  2       	0.171	1.7267    
1       0.0688  9       	0.162	1.77549   
7       0.1234  5       	0.612	5.96436   
7       0.1234  13      	0.692	6.87985   
8       0.0934  14      	0.683	6.71168   
12      0.0624  11      	0.071	0.713301  
