0       0.5944  1       	0.94 	13.3486   
0       0.5944  2       	0.674	9.58596   
0       0.5944  3       	0.548	7.77004   
0       0.5944  8       	0.952	13.5258   
0       0.5944  10      	0.942	13.4105   
0       0.5944  12      	0.456	6.44515   
0       0.5944  13      	0.938	13.32     
0       0.5944  14      	0.948	13.4737   
0       0.5944  16      	0.998	14.2013   
4       0.061   11      	0.07 	0.901213  
5       0.0831  17      	0.637	7.99478   
6       0.0596  7       	0.092	0.972114  
15      0.1058  9       	0.617	7.89204   
15      0.1058  18      	0.465	6.47177   
20      0.0961  19      	0.681	5.26241   
