0       0.7079  2       	0.938	13.1139   
0       0.7079  4       	0.476	6.66728   
0       0.7079  5       	0.954	13.3185   
0       0.7079  7       	0.482	6.76863   
0       0.7079  9       	0.906	12.5838   
0       0.7079  10      	0.958	13.3698   
0       0.7079  11      	0.93 	12.978    
0       0.7079  12      	0.69 	9.66388   
0       0.7079  16      	0.944	13.1619   
0       0.7079  17      	0.58 	8.07787   
0       0.7079  18      	0.948	13.2345   
0       0.7079  20      	0.622	8.61379   
8       0.1117  3       	0.526	5.42722   
8       0.1117  13      	0.633	6.55953   
14      0.0687  1       	0.193	2.0525    
19      0.1117  6       	0.272	2.89223   
19      0.1117  15      	0.664	7.02233   
