0       0.8636  1       	0.954	12.9526   
0       0.8636  2       	0.942	12.8254   
0       0.8636  3       	0.854	11.6354   
0       0.8636  6       	0.972	13.2338   
0       0.8636  7       	1    	13.629    
0       0.8636  8       	0.956	13.0565   
0       0.8636  10      	0.676	9.1514    
0       0.8636  11      	0.952	12.9887   
0       0.8636  12      	0.078	1.07149   
0       0.8636  13      	0.952	12.9771   
0       0.8636  16      	0.582	7.91896   
0       0.8636  17      	0.938	12.7447   
0       0.8636  18      	0.938	12.7427   
0       0.8636  19      	0.928	12.6164   
0       0.8636  20      	0.944	12.8764   
14      0.0679  5       	0.492	5.2499    
15      0.0686  4       	0.11 	1.18421   
15      0.0686  9       	0.088	0.938776  
