0       0.469   1       	0.59 	8.47321   
0       0.469   10      	0.922	13.4495   
0       0.469   11      	0.514	7.49514   
0       0.469   16      	0.682	10.0347   
0       0.469   18      	0.748	10.9335   
0       0.469   20      	0.542	7.90535   
2       0.0776  15      	0.576	6.05454   
4       0.0753  19      	0.329	4.08211   
7       0.0988  5       	0.674	4.87445   
8       0.0972  9       	0.645	4.94718   
13      0.0713  3       	0.08 	0.632426  
13      0.0713  12      	0.061	0.417644  
14      0.1109  6       	0.767	8.08954   
14      0.1109  17      	0.063	0.611704  
