0       0.6536  3       	0.94 	15.2976   
0       0.6536  4       	0.956	15.5144   
0       0.6536  5       	0.93 	15.1507   
0       0.6536  7       	0.67 	10.8293   
0       0.6536  9       	0.884	14.4302   
0       0.6536  12      	0.986	16.0214   
0       0.6536  13      	0.95 	15.4339   
0       0.6536  14      	0.728	11.7702   
0       0.6536  16      	0.83 	13.4954   
0       0.6536  17      	0.514	8.28849   
0       0.6536  18      	0.928	15.0918   
6       0.0882  2       	0.718	7.9529    
8       0.0718  1       	0.541	5.79823   
11      0.0964  15      	0.551	6.02076   
11      0.0964  20      	0.407	4.67237   
19      0.09    10      	0.767	10.1421   
