0       0.6574  2       	0.476	7.1216    
0       0.6574  5       	0.944	14.191    
0       0.6574  7       	0.94 	14.1126   
0       0.6574  11      	0.95 	14.2728   
0       0.6574  12      	0.06 	0.921737  
0       0.6574  13      	0.564	8.46817   
0       0.6574  14      	0.938	14.0386   
0       0.6574  15      	0.772	11.571    
0       0.6574  19      	0.94 	14.0483   
0       0.6574  20      	0.96 	14.4135   
6       0.0535  10      	0.244	3.21368   
8       0.0764  4       	0.502	4.33452   
17      0.0621  1       	0.189	1.81264   
17      0.0621  3       	0.237	2.57697   
18      0.1506  9       	0.77 	8.18104   
18      0.1506  16      	0.77 	8.17473   
