0       0.4641  6       	0.958	15.128    
0       0.4641  8       	0.896	14.1946   
0       0.4641  10      	0.972	15.3957   
0       0.4641  14      	0.94 	14.9003   
0       0.4641  19      	0.592	9.41677   
2       0.0531  12      	0.279	1.55584   
7       0.1282  4       	0.638	6.37115   
7       0.1282  9       	0.803	8.27917   
11      0.0744  16      	0.609	7.10245   
13      0.0554  1       	0.067	0.727906  
17      0.0877  5       	0.635	3.54064   
18      0.0897  3       	0.741	7.53567   
