0       0.6108  3       	0.476	7.05973   
0       0.6108  4       	0.296	4.31606   
0       0.6108  5       	0.94 	14.0917   
0       0.6108  7       	0.456	6.89606   
0       0.6108  9       	0.952	14.2802   
0       0.6108  17      	0.94 	14.1219   
0       0.6108  18      	0.96 	14.3707   
0       0.6108  19      	0.938	13.9974   
0       0.6108  20      	0.942	14.0213   
1       0.0728  10      	0.103	0.973049  
1       0.0728  16      	0.069	0.658462  
2       0.1364  6       	0.563	4.72252   
2       0.1364  8       	0.629	5.35435   
11      0.095   13      	0.279	3.28386   
11      0.095   15      	0.514	6.10391   
14      0.085   12      	0.373	3.40702   
