0       1       1       	0.54 	7.72508   
0       1       2       	0.93 	13.2865   
0       1       3       	0.728	10.3361   
0       1       4       	0.928	13.2848   
0       1       5       	0.942	13.4538   
0       1       6       	0.938	13.3838   
0       1       7       	0.936	13.3844   
0       1       8       	0.476	6.85368   
0       1       9       	0.592	8.4272    
0       1       10      	0.912	13.0418   
0       1       11      	0.532	7.59481   
0       1       12      	0.952	13.6647   
0       1       13      	0.54 	7.78522   
0       1       14      	0.828	11.8391   
0       1       15      	0.826	11.7802   
0       1       16      	0.58 	8.27405   
0       1       17      	0.914	13.0643   
0       1       18      	0.572	8.12126   
0       1       19      	0.938	13.4058   
0       1       20      	0.466	6.6238    
