0       0.8538  1       	0.942	14.9457   
0       0.8538  3       	0.87 	13.7976   
0       0.8538  4       	0.668	10.6929   
0       0.8538  5       	0.94 	14.9025   
0       0.8538  6       	0.828	13.1788   
0       0.8538  8       	0.952	15.1458   
0       0.8538  9       	0.96 	15.2655   
0       0.8538  10      	0.954	15.1109   
0       0.8538  11      	0.938	14.9385   
0       0.8538  12      	0.854	13.6432   
0       0.8538  15      	0.95 	15.088    
0       0.8538  16      	0.958	15.2394   
0       0.8538  17      	0.58 	9.09292   
0       0.8538  18      	0.928	14.7713   
0       0.8538  19      	0.772	12.269    
0       0.8538  20      	0.922	14.6775   
2       0.0472  13      	0.187	1.50498   
14      0.099   7       	0.817	7.45382   
