0       0.6718  1       	0.94 	13.7457   
0       0.6718  3       	0.944	13.7959   
0       0.6718  4       	0.482	6.97335   
0       0.6718  6       	0.942	13.7652   
0       0.6718  9       	0.87 	12.6843   
0       0.6718  11      	0.914	13.3445   
0       0.6718  12      	0.896	13.0715   
0       0.6718  15      	0.948	13.8345   
0       0.6718  17      	0.948	13.8092   
0       0.6718  19      	0.914	13.3077   
5       0.0756  2       	0.159	1.53544   
5       0.0756  20      	0.091	1.09438   
13      0.0703  8       	0.121	0.908265  
16      0.0738  10      	0.124	1.64585   
16      0.0738  14      	0.167	2.10501   
18      0.1085  7       	0.71 	7.85133   
