0       0.5745  1       	0.466	7.20236   
0       0.5745  3       	0.928	14.3411   
0       0.5745  4       	0.938	14.5095   
0       0.5745  7       	0.952	14.7115   
0       0.5745  8       	0.5  	7.72893   
0       0.5745  9       	0.514	7.87993   
0       0.5745  14      	0.964	14.9177   
0       0.5745  18      	0.94 	14.559    
0       0.5745  19      	0.682	10.5963   
2       0.0706  20      	0.615	6.60251   
5       0.0854  16      	0.744	7.8246    
10      0.0931  11      	0.767	8.5835    
12      0.0549  15      	0.058	0.64929   
17      0.1216  6       	0.608	6.75554   
17      0.1216  13      	0.778	8.85727   
