0       0.6537  1       	0.826	12.409    
0       0.6537  2       	0.686	10.3057   
0       0.6537  5       	0.906	13.5802   
0       0.6537  7       	0.922	13.8239   
0       0.6537  10      	0.514	7.75747   
0       0.6537  12      	0.942	14.0708   
0       0.6537  14      	0.93 	13.9122   
0       0.6537  15      	0.914	13.7001   
0       0.6537  16      	0.466	7.01078   
0       0.6537  19      	0.938	14.0528   
0       0.6537  20      	0.676	10.0841   
3       0.1345  11      	0.79 	8.35266   
3       0.1345  13      	0.69 	7.30074   
4       0.0596  18      	0.305	3.27859   
6       0.0576  9       	0.29 	3.16517   
17      0.0947  8       	0.757	6.88605   
