0       0.8218  1       	0.846	12.5837   
0       0.8218  2       	0.94 	14.045    
0       0.8218  3       	0.954	14.2751   
0       0.8218  5       	0.938	14.0446   
0       0.8218  7       	0.828	12.4054   
0       0.8218  9       	0.8  	11.9391   
0       0.8218  10      	0.728	10.8189   
0       0.8218  11      	0.728	10.8116   
0       0.8218  12      	0.944	14.1159   
0       0.8218  13      	0.942	14.076    
0       0.8218  14      	0.956	14.3175   
0       0.8218  15      	0.958	14.3623   
0       0.8218  17      	0.866	12.897    
0       0.8218  18      	0.6  	8.90507   
0       0.8218  20      	0.926	13.8238   
4       0.0904  16      	0.554	5.69118   
4       0.0904  19      	0.46 	4.74671   
6       0.0878  8       	0.747	5.33293   
