0       0.4727  5       	0.846	12.6809   
0       0.4727  7       	0.83 	12.5028   
0       0.4727  9       	0.54 	8.14746   
0       0.4727  10      	0.592	8.85641   
0       0.4727  11      	0.944	14.1926   
0       0.4727  18      	0.88 	13.2559   
4       0.0605  16      	0.095	0.966017  
13      0.0599  2       	0.068	0.558397  
14      0.0887  8       	0.595	6.84618   
17      0.1205  1       	0.623	6.47768   
17      0.1205  3       	0.567	6.00422   
19      0.062   6       	0.098	1.14126   
20      0.1356  12      	0.727	8.18283   
20      0.1356  15      	0.622	7.18349   
