0       0.7371  1       	0.894	14.2497   
0       0.7371  2       	0.948	15.0233   
0       0.7371  3       	0.682	10.7578   
0       0.7371  5       	0.476	7.56762   
0       0.7371  6       	0.794	12.6153   
0       0.7371  7       	1    	15.8794   
0       0.7371  8       	0.748	11.9145   
0       0.7371  11      	0.87 	13.7949   
0       0.7371  12      	0.59 	9.38748   
0       0.7371  15      	0.952	15.11     
0       0.7371  17      	0.926	14.6358   
0       0.7371  19      	0.476	7.47471   
0       0.7371  20      	0.772	12.2191   
4       0.1332  14      	0.782	8.57092   
4       0.1332  16      	0.499	5.60212   
9       0.0651  18      	0.095	1.11453   
10      0.0647  13      	0.073	0.697156  
