0       0.6387  2       	0.954	15.1734   
0       0.6387  5       	0.548	8.74014   
0       0.6387  6       	0.58 	9.2168    
0       0.6387  7       	0.942	15.0312   
0       0.6387  8       	0.94 	14.9663   
0       0.6387  11      	0.946	15.1064   
0       0.6387  13      	0.952	15.1799   
0       0.6387  14      	0.936	14.9211   
0       0.6387  15      	0.564	9.02152   
0       0.6387  17      	0.476	7.6351    
10      0.1113  9       	0.458	4.86588   
10      0.1113  18      	0.434	4.65059   
12      0.0687  1       	0.097	0.791878  
16      0.103   4       	0.369	3.11196   
16      0.103   20      	0.269	2.73377   
19      0.0782  3       	0.245	2.60068   
