0       0.4817  1       	0.948	14.9835   
0       0.4817  10      	0.958	15.232    
0       0.4817  11      	0.956	15.1712   
0       0.4817  19      	0.682	10.6475   
0       0.4817  20      	0.922	14.6444   
2       0.0929  7       	0.647	7.65031   
3       0.0598  8       	0.07 	0.898462  
9       0.0838  15      	0.635	6.5394    
12      0.0825  13      	0.264	2.63881   
12      0.0825  16      	0.455	4.52023   
17      0.1258  5       	0.601	7.76815   
17      0.1258  6       	0.719	9.42163   
18      0.0735  4       	0.268	2.20829   
18      0.0735  14      	0.091	0.637714  
