0       0.7662  1       	0.916	13.7691   
0       0.7662  2       	0.83 	12.5346   
0       0.7662  4       	0.58 	8.64125   
0       0.7662  5       	0.912	13.6748   
0       0.7662  6       	0.938	14.0616   
0       0.7662  8       	0.54 	8.07581   
0       0.7662  9       	0.94 	14.119    
0       0.7662  10      	0.514	7.71913   
0       0.7662  11      	0.564	8.45682   
0       0.7662  12      	0.662	9.90275   
0       0.7662  13      	0.93 	13.9578   
0       0.7662  15      	0.748	11.2724   
0       0.7662  20      	0.942	14.1355   
7       0.1092  18      	0.443	5.14791   
7       0.1092  19      	0.318	3.70693   
16      0.0546  14      	0.118	0.86859   
17      0.07    3       	0.058	0.500571  
