0       0.44    2       	0.466	7.14926   
0       0.44    4       	0.082	1.30827   
0       0.44    5       	0.564	8.62248   
0       0.44    12      	0.046	0.710711  
0       0.44    15      	0.054	0.842566  
0       0.44    16      	0.548	8.48612   
0       0.44    17      	0.052	0.7943    
9       0.1832  3       	0.72 	8.71902   
9       0.1832  20      	0.643	7.85858   
13      0.0943  6       	0.516	5.39751   
13      0.0943  10      	0.069	0.700891  
14      0.0858  7       	0.435	4.74189   
18      0.1385  1       	0.499	6.42193   
18      0.1385  11      	0.421	5.43282   
19      0.0581  8       	0.147	2.09198   
