0       0.8229  2       	0.476	6.87313   
0       0.8229  3       	1    	14.3247   
0       0.8229  4       	0.94 	13.4035   
0       0.8229  5       	0.81 	11.5364   
0       0.8229  6       	0.958	13.6888   
0       0.8229  7       	0.96 	13.7269   
0       0.8229  8       	0.542	7.66161   
0       0.8229  11      	0.83 	11.8467   
0       0.8229  14      	0.952	13.5819   
0       0.8229  15      	1    	14.32     
0       0.8229  16      	0.938	13.3522   
0       0.8229  17      	0.938	13.3788   
0       0.8229  18      	0.53 	7.55849   
0       0.8229  19      	0.942	13.4431   
0       0.8229  20      	0.926	13.2005   
9       0.0922  1       	0.577	6.34931   
9       0.0922  12      	0.185	2.11833   
13      0.0849  10      	0.661	6.57956   
