0       0.4527  11      	0.938	15.2007   
0       0.4527  15      	0.662	10.6475   
0       0.4527  18      	0.954	15.3838   
0       0.4527  20      	0.478	7.7542    
1       0.1137  3       	0.35 	3.75478   
1       0.1137  8       	0.724	8.40658   
9       0.0409  6       	0.21 	2.17474   
10      0.1198  5       	0.695	8.4018    
10      0.1198  14      	0.601	7.20712   
12      0.1177  2       	0.442	5.39063   
12      0.1177  7       	0.715	8.94623   
16      0.0749  4       	0.409	5.01203   
16      0.0749  13      	0.189	2.17017   
17      0.0804  19      	0.653	7.14877   
