0       0.7575  1       	0.06 	0.883985  
0       0.7575  3       	0.736	10.8115   
0       0.7575  4       	0.948	13.9088   
0       0.7575  5       	0.06 	0.864812  
0       0.7575  6       	0.89 	13.0714   
0       0.7575  7       	0.682	9.97529   
0       0.7575  8       	0.662	9.78485   
0       0.7575  9       	0.662	9.73602   
0       0.7575  11      	0.928	13.6515   
0       0.7575  13      	0.45 	6.62187   
0       0.7575  17      	0.938	13.7799   
0       0.7575  18      	0.926	13.6146   
0       0.7575  20      	0.58 	8.47483   
14      0.0536  19      	0.16 	1.15668   
15      0.098   2       	0.218	1.93442   
15      0.098   12      	0.48 	5.06419   
16      0.0909  10      	0.514	4.63179   
