0       0.7813  1       	0.674	10.119    
0       0.7813  2       	0.958	14.4414   
0       0.7813  4       	0.944	14.1659   
0       0.7813  5       	0.67 	10.1128   
0       0.7813  8       	0.8  	12.018    
0       0.7813  9       	0.948	14.2161   
0       0.7813  10      	0.932	13.915    
0       0.7813  11      	0.964	14.4977   
0       0.7813  13      	0.826	12.3916   
0       0.7813  14      	0.668	10.0389   
0       0.7813  16      	0.938	14.0752   
0       0.7813  17      	0.914	13.7271   
0       0.7813  18      	0.946	14.2441   
0       0.7813  19      	0.906	13.5905   
6       0.0767  3       	0.565	6.30647   
15      0.0587  12      	0.364	4.04332   
20      0.0834  7       	0.648	7.38088   
