0       0.7609  2       	0.466	7.07517   
0       0.7609  3       	0.972	14.6791   
0       0.7609  5       	0.952	14.4367   
0       0.7609  6       	0.938	14.1626   
0       0.7609  7       	0.938	14.1506   
0       0.7609  9       	0.466	6.91574   
0       0.7609  10      	0.592	8.90037   
0       0.7609  12      	0.548	8.29567   
0       0.7609  15      	0.456	6.87095   
0       0.7609  16      	0.96 	14.4883   
0       0.7609  17      	0.914	13.8085   
0       0.7609  18      	0.928	13.9689   
0       0.7609  19      	0.954	14.4013   
4       0.085   14      	0.58 	4.53294   
11      0.0863  1       	0.131	1.54622   
11      0.0863  8       	0.466	5.35618   
13      0.0678  20      	0.07 	0.913245  
