0       0.5582  1       	0.948	13.8715   
0       0.5582  6       	0.514	7.63047   
0       0.5582  8       	0.952	13.9425   
0       0.5582  9       	0.952	13.9127   
0       0.5582  10      	0.928	13.5965   
0       0.5582  13      	0.93 	13.576    
0       0.5582  15      	0.954	13.9347   
0       0.5582  19      	0.456	6.75731   
3       0.1248  2       	0.818	8.51002   
3       0.1248  11      	0.668	6.36236   
4       0.0862  16      	0.755	7.25885   
5       0.0844  7       	0.788	7.51748   
14      0.0932  12      	0.508	6.23211   
14      0.0932  17      	0.561	7.26536   
20      0.0532  18      	0.071	0.912331  
