0       0.652   5       	0.83 	13.5814   
0       0.652   6       	0.928	15.1106   
0       0.652   8       	0.96 	15.6055   
0       0.652   9       	0.948	15.4644   
0       0.652   10      	0.476	7.6954    
0       0.652   11      	0.866	14.1662   
0       0.652   12      	0.948	15.4103   
0       0.652   18      	0.954	15.5561   
0       0.652   19      	0.944	15.4017   
0       0.652   20      	0.354	5.77499   
4       0.0573  3       	0.116	1.52143   
7       0.0767  2       	0.407	4.16323   
16      0.0955  1       	0.43 	4.48975   
16      0.0955  15      	0.55 	5.69091   
17      0.1185  13      	0.367	4.52928   
17      0.1185  14      	0.639	7.68711   
