0       0.7705  1       	0.476	7.19893   
0       0.7705  2       	0.952	14.3269   
0       0.7705  4       	0.96 	14.5225   
0       0.7705  5       	0.444	6.61966   
0       0.7705  8       	0.936	14.0757   
0       0.7705  9       	0.928	13.9451   
0       0.7705  10      	0.948	14.301    
0       0.7705  12      	0.928	13.9369   
0       0.7705  13      	0.73 	10.9857   
0       0.7705  14      	0.956	14.3888   
0       0.7705  16      	0.96 	14.4481   
0       0.7705  17      	0.954	14.4202   
0       0.7705  19      	0.53 	8.02645   
0       0.7705  20      	0.772	11.5956   
3       0.0677  11      	0.182	1.68377   
6       0.0778  7       	0.618	5.18267   
18      0.084   15      	0.676	7.94494   
