0       1       1       	0.048	0.608323  
0       1       2       	0.352	4.55169   
0       1       3       	0.914	11.896    
0       1       4       	0.042	0.551676  
0       1       5       	0.928	12.0208   
0       1       6       	0.952	12.3751   
0       1       7       	0.078	1.01933   
0       1       8       	0.94 	12.2631   
0       1       9       	0.974	12.6673   
0       1       10      	0.932	12.1501   
0       1       11      	0.94 	12.2434   
0       1       12      	1    	13.0141   
0       1       13      	0.95 	12.3685   
0       1       14      	0.3  	3.906     
0       1       15      	0.482	6.20174   
0       1       16      	0.926	12.0278   
0       1       17      	0.772	10.0168   
0       1       18      	0.216	2.79651   
0       1       19      	0.794	10.3733   
0       1       20      	0.94 	12.2411   
