0       1       1       	0.122	1.72287   
0       1       2       	0.152	2.10281   
0       1       3       	0.06 	0.781444  
0       1       4       	0.826	11.4822   
0       1       5       	0.83 	11.5272   
0       1       6       	0.928	12.9729   
0       1       7       	0.854	11.8967   
0       1       8       	0.96 	13.3374   
0       1       9       	0.948	13.2175   
0       1       10      	0.476	6.60355   
0       1       11      	0.866	12.0611   
0       1       12      	0.948	13.2343   
0       1       13      	0.15 	2.09519   
0       1       14      	0.214	2.98265   
0       1       15      	0.202	2.83016   
0       1       16      	0.59 	8.18725   
0       1       17      	0.942	13.1388   
0       1       18      	0.954	13.3283   
0       1       19      	0.944	13.1625   
0       1       20      	0.354	4.97417   
