0       1       1       	0.16 	2.34039   
0       1       2       	0.846	12.4323   
0       1       3       	0.81 	11.8032   
0       1       4       	0.682	9.97409   
0       1       5       	0.69 	10.1452   
0       1       6       	0.194	2.87817   
0       1       7       	0.06 	0.879492  
0       1       8       	0.072	1.09213   
0       1       9       	0.952	13.996    
0       1       10      	0.048	0.688796  
0       1       11      	0.564	8.33956   
0       1       12      	0.354	5.24484   
0       1       13      	0.986	14.4805   
0       1       14      	0.456	6.7577    
0       1       15      	0.728	10.6729   
0       1       16      	0.914	13.4199   
0       1       17      	0.88 	12.9019   
0       1       18      	0.214	3.11638   
0       1       19      	0.58 	8.58857   
0       1       20      	0.466	6.8372    
