0       1       1       	0.896	13.0986   
0       1       2       	0.928	13.5806   
0       1       3       	0.944	13.8462   
0       1       4       	0.066	0.977325  
0       1       5       	0.054	0.773102  
0       1       6       	0.592	8.69819   
0       1       7       	0.054	0.79536   
0       1       8       	0.926	13.6029   
0       1       9       	0.064	0.914668  
0       1       10      	0.132	1.95141   
0       1       11      	0.922	13.5335   
0       1       12      	0.89 	13.0375   
0       1       13      	0.674	9.87643   
0       1       14      	0.74 	10.7927   
0       1       15      	0.866	12.7233   
0       1       16      	0.914	13.4325   
0       1       17      	0.896	13.1285   
0       1       18      	0.14 	2.00107   
0       1       19      	0.058	0.85707   
0       1       20      	0.476	6.92462   
