0       1       1       	0.4  	6.01928   
0       1       2       	0.944	14.2606   
0       1       3       	0.938	14.17     
0       1       4       	0.914	13.7983   
0       1       5       	0.58 	8.67499   
0       1       6       	0.954	14.4089   
0       1       7       	0.93 	13.9792   
0       1       8       	0.082	1.21702   
0       1       9       	0.072	1.07744   
0       1       10      	0.96 	14.4981   
0       1       11      	0.064	0.935792  
0       1       12      	0.948	14.3094   
0       1       13      	0.94 	14.1641   
0       1       14      	0.928	14.0431   
0       1       15      	0.064	0.949103  
0       1       16      	0.206	3.11999   
0       1       17      	0.476	7.10718   
0       1       18      	0.718	10.7861   
0       1       19      	0.952	14.3571   
0       1       20      	0.042	0.610237  
