0       1       1       	0.88 	14.018    
0       1       2       	0.282	4.4426    
0       1       3       	0.728	11.5613   
0       1       4       	0.158	2.47887   
0       1       5       	0.776	12.3648   
0       1       6       	0.514	8.13491   
0       1       7       	0.946	15.0717   
0       1       8       	0.958	15.2379   
0       1       9       	0.154	2.46661   
0       1       10      	0.856	13.5879   
0       1       11      	1    	15.9242   
0       1       12      	0.938	14.9436   
0       1       13      	0.912	14.5433   
0       1       14      	0.728	11.5795   
0       1       15      	0.938	14.9084   
0       1       16      	0.93 	14.7818   
0       1       17      	0.15 	2.42676   
0       1       18      	0.828	13.1388   
0       1       19      	0.936	14.8574   
0       1       20      	0.06 	0.968131  
