0       1       1       	0.942	14.5322   
0       1       2       	0.942	14.5681   
0       1       3       	0.062	0.967746  
0       1       4       	0.928	14.3376   
0       1       5       	0.94 	14.4816   
0       1       6       	0.476	7.32284   
0       1       7       	1    	15.4343   
0       1       8       	0.96 	14.8165   
0       1       9       	0.896	13.8109   
0       1       10      	0.95 	14.6687   
0       1       11      	0.2  	3.08945   
0       1       12      	0.528	8.16898   
0       1       13      	0.202	3.16152   
0       1       14      	0.74 	11.4182   
0       1       15      	0.794	12.2194   
0       1       16      	0.26 	4.00548   
0       1       17      	0.202	3.10026   
0       1       18      	0.846	12.9859   
0       1       19      	0.826	12.7756   
0       1       20      	0.772	11.8693   
