0       1       1       	0.316	4.25067   
0       1       2       	0.662	9.02649   
0       1       3       	0.926	12.6312   
0       1       4       	0.068	0.913532  
0       1       5       	0.676	9.14194   
0       1       6       	0.952	12.9774   
0       1       7       	0.826	11.2971   
0       1       8       	0.26 	3.58732   
0       1       9       	0.668	9.00484   
0       1       10      	0.87 	11.8127   
0       1       11      	0.064	0.869619  
0       1       12      	0.958	13.0707   
0       1       13      	0.296	4.06404   
0       1       14      	0.068	0.935328  
0       1       15      	0.928	12.6074   
0       1       16      	0.676	9.18853   
0       1       17      	0.928	12.6564   
0       1       18      	0.962	13.1242   
0       1       19      	0.37 	5.01426   
0       1       20      	0.072	1.00227   
