0       1       1       	0.676	9.40746   
0       1       2       	0.132	1.83234   
0       1       3       	0.942	13.102    
0       1       4       	0.944	13.1628   
0       1       5       	0.728	10.0999   
0       1       6       	0.87 	12.1469   
0       1       7       	0.96 	13.3922   
0       1       8       	0.124	1.68849   
0       1       9       	0.15 	2.10559   
0       1       10      	0.958	13.355    
0       1       11      	0.158	2.20443   
0       1       12      	0.87 	12.0789   
0       1       13      	0.948	13.1999   
0       1       14      	0.936	12.994    
0       1       15      	0.564	7.84979   
0       1       16      	0.044	0.633368  
0       1       17      	0.476	6.55884   
0       1       18      	0.932	12.9526   
0       1       19      	0.894	12.3553   
0       1       20      	0.736	10.2969   
