0       1       1       	0.192	2.9426    
0       1       2       	0.26 	4.0785    
0       1       3       	0.94 	14.5696   
0       1       4       	0.956	14.7928   
0       1       5       	0.93 	14.4012   
0       1       6       	0.942	14.5888   
0       1       7       	0.67 	10.3629   
0       1       8       	0.81 	12.4571   
0       1       9       	0.884	13.7291   
0       1       10      	0.398	6.10105   
0       1       11      	0.856	13.2477   
0       1       12      	0.986	15.2786   
0       1       13      	0.95 	14.7208   
0       1       14      	0.728	11.2346   
0       1       15      	0.158	2.41329   
0       1       16      	0.83 	12.8635   
0       1       17      	0.514	7.97145   
0       1       18      	0.928	14.3787   
0       1       19      	0.928	14.3881   
0       1       20      	0.152	2.35368   
