0       1       1       	0.922	13.1912   
0       1       2       	0.368	5.30799   
0       1       3       	0.826	11.8093   
0       1       4       	0.59 	8.40655   
0       1       5       	0.05 	0.719198  
0       1       6       	0.736	10.5057   
0       1       7       	0.132	1.93862   
0       1       8       	0.282	4.07226   
0       1       9       	0.81 	11.5751   
0       1       10      	0.668	9.50783   
0       1       11      	0.94 	13.4366   
0       1       12      	0.678	9.62527   
0       1       13      	0.928	13.2517   
0       1       14      	0.952	13.5932   
0       1       15      	0.336	4.78699   
0       1       16      	0.37 	5.23207   
0       1       17      	0.922	13.1948   
0       1       18      	0.924	13.231    
0       1       19      	0.938	13.3954   
0       1       20      	0.928	13.2532   
