0       1       1       	0.948	13.8743   
0       1       2       	0.938	13.7368   
0       1       3       	0.95 	13.9213   
0       1       4       	0.108	1.59055   
0       1       5       	0.21 	3.05232   
0       1       6       	0.3  	4.49113   
0       1       7       	0.226	3.3435    
0       1       8       	0.06 	0.868346  
0       1       9       	0.794	11.6462   
0       1       10      	0.958	14.0258   
0       1       11      	0.956	14.038    
0       1       12      	0.688	10.0073   
0       1       13      	0.094	1.39187   
0       1       14      	0.06 	0.848824  
0       1       15      	0.192	2.84741   
0       1       16      	0.124	1.80353   
0       1       17      	0.826	12.1647   
0       1       18      	0.894	13.098    
0       1       19      	0.682	9.97819   
0       1       20      	0.922	13.5443   
