0       1       1       	0.082	1.17384   
0       1       2       	0.938	13.4067   
0       1       3       	0.132	1.86597   
0       1       4       	0.476	6.83445   
0       1       5       	0.954	13.6564   
0       1       6       	0.108	1.52841   
0       1       7       	0.482	6.80905   
0       1       8       	0.69 	9.85778   
0       1       9       	0.906	12.9262   
0       1       10      	0.958	13.6772   
0       1       11      	0.93 	13.3011   
0       1       12      	0.69 	9.88425   
0       1       13      	0.15 	2.14581   
0       1       14      	0.944	13.4571   
0       1       15      	0.178	2.58392   
0       1       16      	0.944	13.475    
0       1       17      	0.58 	8.29525   
0       1       18      	0.948	13.5496   
0       1       19      	0.912	13.0337   
0       1       20      	0.622	8.91689   
