0       1       1       	1    	14.682    
0       1       2       	0.368	5.43113   
0       1       3       	0.15 	2.26126   
0       1       4       	0.202	2.98991   
0       1       5       	0.924	13.5837   
0       1       6       	0.87 	12.777    
0       1       7       	0.96 	14.1042   
0       1       8       	0.846	12.4393   
0       1       9       	0.238	3.44078   
0       1       10      	0.776	11.397    
0       1       11      	0.728	10.7289   
0       1       12      	0.58 	8.51658   
0       1       13      	0.81 	11.81     
0       1       14      	0.456	6.7166    
0       1       15      	0.94 	13.8035   
0       1       16      	0.916	13.4827   
0       1       17      	0.532	7.816     
0       1       18      	0.126	1.85048   
0       1       19      	0.69 	10.1016   
0       1       20      	0.772	11.3266   
