0       1       1       	0.082	1.05793   
0       1       2       	0.476	6.08454   
0       1       3       	0.102	1.26957   
0       1       4       	0.16 	2.05501   
0       1       5       	0.944	12.0077   
0       1       6       	0.59 	7.50574   
0       1       7       	0.94 	11.9889   
0       1       8       	0.69 	8.74196   
0       1       9       	0.26 	3.37772   
0       1       10      	0.068	0.837283  
0       1       11      	0.95 	12.0987   
0       1       12      	0.06 	0.745039  
0       1       13      	0.564	7.17553   
0       1       14      	0.938	11.9313   
0       1       15      	0.772	9.84825   
0       1       16      	0.26 	3.31627   
0       1       17      	0.542	6.85227   
0       1       18      	0.81 	10.3199   
0       1       19      	0.94 	11.9713   
0       1       20      	0.96 	12.2418   
