0       1       1       	0.932	13.3654   
0       1       2       	0.736	10.4936   
0       1       3       	0.83 	11.8361   
0       1       4       	0.456	6.44705   
0       1       5       	0.244	3.52239   
0       1       6       	0.054	0.775426  
0       1       7       	0.948	13.5719   
0       1       8       	0.476	6.77053   
0       1       9       	0.052	0.71663   
0       1       10      	0.928	13.2584   
0       1       11      	0.068	0.986976  
0       1       12      	0.336	4.85959   
0       1       13      	0.96 	13.7335   
0       1       14      	0.12 	1.69566   
0       1       15      	0.942	13.4649   
0       1       16      	0.936	13.371    
0       1       17      	0.896	12.8251   
0       1       18      	0.93 	13.3552   
0       1       19      	0.914	13.0958   
0       1       20      	0.926	13.2319   
