0       1       1       	0.826	12.1529   
0       1       2       	0.686	10.0526   
0       1       3       	0.896	13.1482   
0       1       4       	0.748	11.011    
0       1       5       	0.906	13.2468   
0       1       6       	0.728	10.703    
0       1       7       	0.922	13.5121   
0       1       8       	0.38 	5.59893   
0       1       9       	0.078	1.19152   
0       1       10      	0.514	7.58181   
0       1       11      	0.296	4.30783   
0       1       12      	0.942	13.8005   
0       1       13      	0.268	3.90053   
0       1       14      	0.93 	13.665    
0       1       15      	0.914	13.3813   
0       1       16      	0.466	6.85231   
0       1       17      	0.916	13.4297   
0       1       18      	0.124	1.80573   
0       1       19      	0.938	13.7492   
0       1       20      	0.676	9.88041   
