0       1       1       	0.938	13.3423   
0       1       2       	0.456	6.47119   
0       1       3       	0.072	1.02462   
0       1       4       	0.938	13.3451   
0       1       5       	0.048	0.672799  
0       1       6       	0.846	12.0669   
0       1       7       	0.922	13.118    
0       1       8       	0.942	13.4042   
0       1       9       	0.94 	13.3333   
0       1       10      	0.214	3.05519   
0       1       11      	0.96 	13.6851   
0       1       12      	0.854	12.1043   
0       1       13      	0.94 	13.3657   
0       1       14      	0.572	8.13909   
0       1       15      	0.894	12.6946   
0       1       16      	0.382	5.45147   
0       1       17      	0.896	12.7603   
0       1       18      	0.8  	11.3765   
0       1       19      	0.15 	2.15778   
0       1       20      	0.826	11.7429   
