0       1       1       	0.894	11.8523   
0       1       2       	0.948	12.583    
0       1       3       	0.682	8.9865    
0       1       4       	0.81 	10.7024   
0       1       5       	0.476	6.34817   
0       1       6       	0.794	10.5579   
0       1       7       	1    	13.2932   
0       1       8       	0.748	9.93425   
0       1       9       	0.928	12.3146   
0       1       10      	0.942	12.5071   
0       1       11      	0.87 	11.5483   
0       1       12      	0.59 	7.88168   
0       1       13      	0.054	0.735564  
0       1       14      	0.258	3.49666   
0       1       15      	0.952	12.6455   
0       1       16      	0.118	1.60986   
0       1       17      	0.926	12.3206   
0       1       18      	0.062	0.835292  
0       1       19      	0.476	6.31756   
0       1       20      	0.772	10.2421   
