0       1       1       	0.152	2.12641   
0       1       2       	0.662	9.2625    
0       1       3       	0.674	9.47846   
0       1       4       	0.94 	13.1327   
0       1       5       	0.854	11.9185   
0       1       6       	0.084	1.1838    
0       1       7       	0.932	13.0006   
0       1       8       	0.548	7.62932   
0       1       9       	0.936	13.0613   
0       1       10      	0.202	2.86071   
0       1       11      	0.156	2.17517   
0       1       12      	0.26 	3.66171   
0       1       13      	0.942	13.1585   
0       1       14      	0.514	7.19278   
0       1       15      	0.958	13.3728   
0       1       16      	0.94 	13.0986   
0       1       17      	0.268	3.7643    
0       1       18      	0.866	12.0518   
0       1       19      	0.736	10.2744   
0       1       20      	0.268	3.80489   
