0       1       1       	0.948	12.571    
0       1       2       	0.936	12.4116   
0       1       3       	0.92 	12.1956   
0       1       4       	0.336	4.41363   
0       1       5       	0.478	6.25009   
0       1       6       	0.064	0.808066  
0       1       7       	0.94 	12.4385   
0       1       8       	1    	13.2755   
0       1       9       	0.772	10.2025   
0       1       10      	0.914	12.1099   
0       1       11      	0.772	10.2098   
0       1       12      	0.368	4.81798   
0       1       13      	0.954	12.6626   
0       1       14      	0.476	6.31454   
0       1       15      	0.258	3.37921   
0       1       16      	0.258	3.36402   
0       1       17      	0.674	8.92776   
0       1       18      	0.058	0.751646  
0       1       19      	0.932	12.3074   
0       1       20      	0.408	5.43377   
