0       1       1       	0.158	2.05737   
0       1       2       	0.998	12.9702   
0       1       3       	0.938	12.2116   
0       1       4       	0.064	0.822082  
0       1       5       	0.466	6.03082   
0       1       6       	0.238	3.00628   
0       1       7       	0.322	4.1883    
0       1       8       	0.06 	0.753176  
0       1       9       	0.466	6.11968   
0       1       10      	0.36 	4.69382   
0       1       11      	0.39 	5.01403   
0       1       12      	0.174	2.30749   
0       1       13      	0.514	6.66686   
0       1       14      	0.058	0.762969  
0       1       15      	0.336	4.30423   
0       1       16      	0.932	12.1019   
0       1       17      	0.948	12.3389   
0       1       18      	0.232	2.98991   
0       1       19      	0.938	12.1626   
0       1       20      	0.936	12.1555   
