0       1       1       	0.058	0.882162  
0       1       2       	0.466	6.83059   
0       1       3       	0.972	14.201    
0       1       4       	0.686	9.9946    
0       1       5       	0.952	13.9161   
0       1       6       	0.938	13.6874   
0       1       7       	0.938	13.7102   
0       1       8       	0.132	1.93422   
0       1       9       	0.466	6.83627   
0       1       10      	0.592	8.67891   
0       1       11      	0.688	10.0066   
0       1       12      	0.548	7.98025   
0       1       13      	0.94 	13.7704   
0       1       14      	0.158	2.32173   
0       1       15      	0.456	6.64997   
0       1       16      	0.96 	14.0455   
0       1       17      	0.914	13.3467   
0       1       18      	0.928	13.4952   
0       1       19      	0.954	13.9398   
0       1       20      	0.054	0.807788  
