0       1       1       	0.054	0.729992  
0       1       2       	0.772	10.7986   
0       1       3       	0.826	11.4815   
0       1       4       	0.842	11.7262   
0       1       5       	0.3  	4.17042   
0       1       6       	0.12 	1.64852   
0       1       7       	0.06 	0.850203  
0       1       8       	0.064	0.847565  
0       1       9       	0.96 	13.413    
0       1       10      	0.736	10.1717   
0       1       11      	0.998	13.9338   
0       1       12      	0.686	9.53654   
0       1       13      	0.054	0.751428  
0       1       14      	0.604	8.46817   
0       1       15      	0.958	13.3573   
0       1       16      	1    	13.9541   
0       1       17      	0.048	0.653806  
0       1       18      	0.958	13.3237   
0       1       19      	0.232	3.23053   
0       1       20      	0.938	13.0859   
