0       1       1       	0.942	14.2493   
0       1       2       	0.5  	7.53951   
0       1       3       	0.954	14.3764   
0       1       4       	0.958	14.4495   
0       1       5       	0.958	14.4145   
0       1       6       	0.062	0.939018  
0       1       7       	0.914	13.7918   
0       1       8       	0.772	11.5725   
0       1       9       	0.96 	14.4744   
0       1       10      	0.954	14.409    
0       1       11      	0.124	1.87755   
0       1       12      	0.782	11.8331   
0       1       13      	1    	15.0882   
0       1       14      	0.572	8.60255   
0       1       15      	0.682	10.2621   
0       1       16      	0.174	2.67226   
0       1       17      	0.952	14.332    
0       1       18      	0.95 	14.3323   
0       1       19      	0.062	0.918339  
0       1       20      	0.662	10.0285   
