0       1       1       	0.87 	11.8972   
0       1       2       	0.082	1.13816   
0       1       3       	0.094	1.26622   
0       1       4       	0.336	4.54905   
0       1       5       	0.342	4.62352   
0       1       6       	0.408	5.53085   
0       1       7       	0.336	4.6338    
0       1       8       	0.954	13.0291   
0       1       9       	0.862	11.8436   
0       1       10      	0.926	12.6669   
0       1       11      	0.054	0.725681  
0       1       12      	0.956	13.0643   
0       1       13      	0.926	12.6907   
0       1       14      	0.26 	3.51355   
0       1       15      	0.772	10.5586   
0       1       16      	0.736	10.0328   
0       1       17      	0.928	12.6611   
0       1       18      	0.736	10.0569   
0       1       19      	0.826	11.2831   
0       1       20      	0.962	13.1519   
