0       1       1       	0.932	14.3823   
0       1       2       	0.938	14.4789   
0       1       3       	0.354	5.48439   
0       1       4       	0.942	14.5488   
0       1       5       	0.952	14.6859   
0       1       6       	0.914	14.0404   
0       1       7       	0.914	14.1124   
0       1       8       	0.948	14.6269   
0       1       9       	0.438	6.74983   
0       1       10      	0.866	13.4      
0       1       11      	0.456	6.97259   
0       1       12      	0.922	14.2271   
0       1       13      	0.124	1.92599   
0       1       14      	0.676	10.4525   
0       1       15      	0.06 	0.900458  
0       1       16      	0.81 	12.4606   
0       1       17      	0.856	13.2489   
0       1       18      	0.954	14.6978   
0       1       19      	0.456	7.02581   
0       1       20      	0.914	14.1204   
