0       1       1       	0.202	2.44176   
0       1       2       	0.054	0.67741   
0       1       3       	0.158	1.89696   
0       1       4       	0.932	11.3613   
0       1       5       	0.846	10.2943   
0       1       6       	0.064	0.763485  
0       1       7       	0.83 	10.1187   
0       1       8       	0.15 	1.83774   
0       1       9       	0.54 	6.60383   
0       1       10      	0.592	7.25431   
0       1       11      	0.944	11.5549   
0       1       12      	0.396	4.78293   
0       1       13      	0.948	11.5953   
0       1       14      	0.912	11.1994   
0       1       15      	0.258	3.18538   
0       1       16      	0.064	0.799428  
0       1       17      	0.856	10.4773   
0       1       18      	0.88 	10.7078   
0       1       19      	0.956	11.6687   
0       1       20      	0.954	11.6359   
