0       1       1       	0.26 	3.823     
0       1       2       	0.122	1.78655   
0       1       3       	0.826	11.8222   
0       1       4       	0.15 	2.23325   
0       1       5       	0.944	13.5257   
0       1       6       	0.94 	13.4956   
0       1       7       	0.94 	13.4859   
0       1       8       	0.894	12.7478   
0       1       9       	0.942	13.4798   
0       1       10      	0.8  	11.451    
0       1       11      	0.938	13.4395   
0       1       12      	0.548	7.82898   
0       1       13      	0.592	8.39166   
0       1       14      	0.956	13.6777   
0       1       15      	0.592	8.43534   
0       1       16      	0.93 	13.3849   
0       1       17      	0.954	13.6507   
0       1       18      	0.748	10.7282   
0       1       19      	0.072	1.02339   
0       1       20      	0.592	8.55881   
