0       1       1       	0.93 	11.5337   
0       1       2       	0.662	8.21588   
0       1       3       	0.078	0.919559  
0       1       4       	0.052	0.654662  
0       1       5       	0.476	5.92519   
0       1       6       	0.082	1.02075   
0       1       7       	0.22 	2.72119   
0       1       8       	0.67 	8.28576   
0       1       9       	0.952	11.8244   
0       1       10      	0.668	8.22329   
0       1       11      	0.896	11.1811   
0       1       12      	0.354	4.37612   
0       1       13      	0.958	11.8919   
0       1       14      	0.514	6.46287   
0       1       15      	0.958	11.8995   
0       1       16      	0.3  	3.78643   
0       1       17      	0.938	11.6579   
0       1       18      	0.514	6.38865   
0       1       19      	0.94 	11.6736   
0       1       20      	0.958	11.8844   
