0       1       1       	0.382	5.19683   
0       1       2       	0.062	0.835161  
0       1       3       	0.564	7.64979   
0       1       4       	0.064	0.831236  
0       1       5       	0.926	12.5803   
0       1       6       	0.628	8.51788   
0       1       7       	0.476	6.46396   
0       1       8       	0.466	6.35548   
0       1       9       	0.718	9.85274   
0       1       10      	0.896	12.1996   
0       1       11      	0.662	8.97808   
0       1       12      	0.108	1.47005   
0       1       13      	0.74 	10.0874   
0       1       14      	0.58 	7.92914   
0       1       15      	0.942	12.8351   
0       1       16      	0.068	0.955415  
0       1       17      	0.276	3.71933   
0       1       18      	0.928	12.64     
0       1       19      	0.15 	2.03919   
0       1       20      	0.87 	11.8323   
