0       1       1       	0.948	14.2982   
0       1       2       	0.414	6.18283   
0       1       3       	0.928	14.015    
0       1       4       	0.914	13.8128   
0       1       5       	0.846	12.7107   
0       1       6       	0.514	7.75566   
0       1       7       	0.398	5.96061   
0       1       8       	0.952	14.3482   
0       1       9       	0.952	14.3476   
0       1       10      	0.928	13.969    
0       1       11      	0.206	3.09958   
0       1       12      	0.174	2.63777   
0       1       13      	0.93 	14.0704   
0       1       14      	0.736	11.1613   
0       1       15      	0.954	14.3909   
0       1       16      	0.422	6.34834   
0       1       17      	0.11 	1.66638   
0       1       18      	0.054	0.827257  
0       1       19      	0.456	6.89848   
0       1       20      	0.958	14.4769   
