0       1       1       	0.586	8.14229   
0       1       2       	0.354	4.96183   
0       1       3       	1    	14.0306   
0       1       4       	0.794	11.0863   
0       1       5       	0.718	10.0176   
0       1       6       	0.772	10.7727   
0       1       7       	0.258	3.59328   
0       1       8       	0.548	7.63544   
0       1       9       	0.062	0.871853  
0       1       10      	0.894	12.4049   
0       1       11      	0.062	0.876069  
0       1       12      	0.944	13.2009   
0       1       13      	0.952	13.3778   
0       1       14      	0.962	13.4896   
0       1       15      	0.894	12.5057   
0       1       16      	0.896	12.5323   
0       1       17      	0.95 	13.3355   
0       1       18      	0.952	13.3357   
0       1       19      	0.846	11.8025   
0       1       20      	0.626	8.72795   
