0       1       1       	0.108	1.62286   
0       1       2       	0.772	11.633    
0       1       3       	0.592	8.94481   
0       1       4       	0.564	8.47108   
0       1       5       	0.476	7.17448   
0       1       6       	0.668	9.9871    
0       1       7       	0.132	1.9469    
0       1       8       	0.944	14.2054   
0       1       9       	0.124	1.89601   
0       1       10      	0.124	1.84403   
0       1       11      	0.098	1.45817   
0       1       12      	0.896	13.4792   
0       1       13      	0.924	13.908    
0       1       14      	0.964	14.5047   
0       1       15      	0.296	4.47379   
0       1       16      	0.3  	4.50467   
0       1       17      	0.73 	10.9746   
0       1       18      	1    	15.0666   
0       1       19      	0.942	14.1815   
0       1       20      	0.69 	10.3508   
