0       1       1       	0.94 	13.1354   
0       1       2       	0.674	9.47055   
0       1       3       	0.548	7.58146   
0       1       4       	0.952	13.2771   
0       1       5       	0.756	10.6053   
0       1       6       	0.906	12.6319   
0       1       7       	0.062	0.834149  
0       1       8       	0.952	13.2894   
0       1       9       	0.232	3.26722   
0       1       10      	0.942	13.1434   
0       1       11      	0.06 	0.846976  
0       1       12      	0.456	6.33862   
0       1       13      	0.938	13.089    
0       1       14      	0.948	13.2204   
0       1       15      	0.69 	9.65897   
0       1       16      	0.998	13.9196   
0       1       17      	0.202	2.80388   
0       1       18      	0.152	2.12126   
0       1       19      	0.38 	5.36419   
0       1       20      	0.928	12.9533   
