0       1       1       	0.366	4.57377   
0       1       2       	0.048	0.615464  
0       1       3       	0.952	11.8843   
0       1       4       	0.928	11.5621   
0       1       5       	0.81 	10.1162   
0       1       6       	0.072	0.888743  
0       1       7       	0.942	11.723    
0       1       8       	0.456	5.64844   
0       1       9       	0.94 	11.7008   
0       1       10      	0.932	11.5973   
0       1       11      	0.282	3.45058   
0       1       12      	0.094	1.20529   
0       1       13      	0.772	9.61064   
0       1       14      	0.516	6.47739   
0       1       15      	0.89 	11.092    
0       1       16      	0.316	3.97199   
0       1       17      	0.16 	1.97483   
0       1       18      	0.94 	11.6735   
0       1       19      	0.948	11.8192   
0       1       20      	0.94 	11.6976   
