0       1       1       	0.54 	7.72067   
0       1       2       	0.93 	13.266    
0       1       3       	0.728	10.3776   
0       1       4       	0.928	13.2683   
0       1       5       	0.942	13.438    
0       1       6       	0.938	13.3881   
0       1       7       	0.936	13.3299   
0       1       8       	0.476	6.744     
0       1       9       	0.592	8.46622   
0       1       10      	0.912	13.0087   
0       1       11      	0.532	7.55058   
0       1       12      	0.952	13.6096   
0       1       13      	0.54 	7.72906   
0       1       14      	0.828	11.8815   
0       1       15      	0.826	11.8268   
0       1       16      	0.58 	8.35842   
0       1       17      	0.914	13.0545   
0       1       18      	0.572	8.13547   
0       1       19      	0.938	13.3612   
0       1       20      	0.466	6.62257   
