0       0.6186  2       	0.914	14.082    
0       0.6186  3       	0.932	14.3454   
0       0.6186  4       	0.95 	14.63     
0       0.6186  6       	0.914	13.9733   
0       0.6186  7       	0.466	7.16435   
0       0.6186  9       	0.954	14.7028   
0       0.6186  10      	0.958	14.8183   
0       0.6186  17      	0.936	14.4682   
0       0.6186  18      	0.952	14.691    
1       0.0673  11      	0.274	1.79912   
12      0.071   13      	0.417	3.37072   
14      0.0499  5       	0.141	1.23012   
14      0.0499  20      	0.122	1.0593    
16      0.0946  15      	0.729	5.63618   
19      0.0987  8       	0.696	6.58317   
