0       0.7901  1       	0.662	9.01546   
0       0.7901  2       	1    	13.6612   
0       0.7901  3       	0.81 	11.0847   
0       0.7901  5       	0.952	12.974    
0       0.7901  7       	0.938	12.8127   
0       0.7901  9       	0.942	12.8485   
0       0.7901  10      	0.938	12.8117   
0       0.7901  12      	1    	13.657    
0       0.7901  13      	0.772	10.4592   
0       0.7901  15      	0.548	7.441     
0       0.7901  16      	0.94 	12.8371   
0       0.7901  17      	0.728	9.92162   
0       0.7901  18      	0.58 	8.0069    
0       0.7901  19      	0.466	6.35307   
0       0.7901  20      	0.564	7.70707   
6       0.109   4       	0.757	10.6526   
6       0.109   11      	0.276	3.84264   
14      0.1009  8       	0.82 	9.77443   
