0       0.8211  1       	0.948	13.8432   
0       0.8211  2       	0.894	13.0648   
0       0.8211  3       	0.914	13.3834   
0       0.8211  4       	0.794	11.6507   
0       0.8211  5       	0.948	13.8437   
0       0.8211  6       	0.956	13.9948   
0       0.8211  7       	0.938	13.7107   
0       0.8211  9       	0.564	8.19163   
0       0.8211  11      	0.928	13.5657   
0       0.8211  13      	0.954	13.9075   
0       0.8211  14      	0.564	8.13649   
0       0.8211  15      	0.944	13.7893   
0       0.8211  17      	0.956	13.9828   
0       0.8211  19      	0.914	13.3582   
0       0.8211  20      	0.682	9.94128   
10      0.0748  16      	0.531	4.74746   
12      0.1042  8       	0.116	1.46624   
12      0.1042  18      	0.768	9.6134    
