0       0.6453  3       	0.54 	7.73762   
0       0.6453  6       	0.826	11.9269   
0       0.6453  9       	0.964	13.8981   
0       0.6453  10      	0.96 	13.8616   
0       0.6453  11      	0.94 	12.8746   
0       0.6453  14      	0.896	12.7361   
0       0.6453  15      	0.572	8.25605   
0       0.6453  18      	0.548	7.96489   
0       0.6453  19      	0.964	13.8704   
0       0.6453  20      	0.944	13.6277   
1       0.138   12      	0.066	0.725036  
1       0.138   16      	0.495	4.8614    
1       0.138   17      	0.842	8.24012   
4       0.0841  8       	0.571	3.55215   
7       0.0601  2       	0.069	0.933361  
13      0.0725  5       	0.544	4.67817   
