0       0.6166  1       	0.952	14.2047   
0       0.6166  3       	0.938	14.0306   
0       0.6166  4       	0.476	7.12155   
0       0.6166  6       	0.456	6.85417   
0       0.6166  7       	0.94 	14.0631   
0       0.6166  12      	0.96 	14.364    
0       0.6166  13      	0.954	14.2757   
0       0.6166  17      	0.884	13.2003   
0       0.6166  20      	0.678	10.0891   
2       0.0659  5       	0.096	1.08331   
2       0.0659  9       	0.072	0.753824  
10      0.0949  8       	0.729	5.27169   
11      0.1323  14      	0.446	4.54115   
11      0.1323  15      	0.617	6.12887   
11      0.1323  18      	0.324	3.37163   
19      0.0903  16      	0.718	7.052     
