0       0.613   2       	0.854	13.5328   
0       0.613   6       	0.592	9.47349   
0       0.613   8       	0.94 	14.8888   
0       0.613   9       	0.938	14.9729   
0       0.613   10      	0.69 	10.973    
0       0.613   11      	0.954	15.1291   
0       0.613   12      	0.846	13.4961   
0       0.613   15      	0.936	14.8835   
0       0.613   17      	0.654	10.4436   
0       0.613   18      	0.466	7.25213   
5       0.0708  4       	0.492	4.31589   
7       0.0779  20      	0.487	4.39888   
13      0.0851  3       	0.452	5.57371   
14      0.0975  1       	0.673	5.33615   
16      0.0557  19      	0.066	0.535907  
