0       0.6014  5       	0.674	9.62066   
0       0.6014  7       	0.772	10.9338   
0       0.6014  8       	0.682	9.67223   
0       0.6014  10      	0.942	13.399    
0       0.6014  12      	0.548	7.80521   
0       0.6014  16      	0.938	13.3473   
0       0.6014  17      	0.444	6.3196    
0       0.6014  18      	0.932	13.2626   
0       0.6014  20      	0.956	13.5913   
3       0.0575  13      	0.39 	4.36146   
9       0.0916  4       	0.751	8.3858    
11      0.0452  1       	0.225	3.27226   
14      0.0896  2       	0.644	7.19929   
15      0.1148  6       	0.469	5.97517   
15      0.1148  19      	0.701	8.04883   
