0       0.6051  1       	0.954	13.6697   
0       0.6051  2       	0.958	13.6646   
0       0.6051  3       	0.938	13.4546   
0       0.6051  5       	0.592	8.47629   
0       0.6051  6       	0.922	13.1695   
0       0.6051  12      	0.938	13.4078   
0       0.6051  15      	0.948	13.593    
0       0.6051  16      	0.93 	13.2963   
0       0.6051  20      	0.922	13.2498   
8       0.1028  11      	0.371	4.02499   
8       0.1028  18      	0.643	6.83245   
9       0.0585  4       	0.434	3.38      
13      0.061   7       	0.486	3.1528    
14      0.0867  17      	0.71 	5.23574   
19      0.0859  10      	0.711	6.95872   
