0       0.6324  2       	0.936	13.6994   
0       0.6324  7       	0.8  	11.7788   
0       0.6324  10      	0.548	8.00845   
0       0.6324  12      	0.728	10.6565   
0       0.6324  14      	0.686	10.0742   
0       0.6324  15      	0.072	0.998231  
0       0.6324  16      	0.998	14.6002   
0       0.6324  17      	0.956	13.9704   
0       0.6324  18      	0.604	8.87657   
0       0.6324  20      	0.926	13.5595   
3       0.0736  9       	0.582	5.48905   
4       0.1202  1       	0.615	7.29319   
4       0.1202  5       	0.637	7.57699   
6       0.108   8       	0.729	7.11249   
6       0.108   13      	0.068	0.732528  
11      0.066   19      	0.311	2.94171   
