0       0.5292  2       	0.938	14.84     
0       0.5292  3       	0.06 	0.927063  
0       0.5292  4       	0.466	7.39491   
0       0.5292  6       	0.944	14.9433   
0       0.5292  12      	0.962	15.2504   
0       0.5292  14      	0.826	13.0322   
0       0.5292  17      	0.944	14.9056   
1       0.0619  5       	0.371	3.33754   
11      0.1065  10      	0.835	7.07417   
11      0.1065  16      	0.066	0.408216  
13      0.0966  8       	0.783	5.54695   
18      0.127   7       	0.223	2.88855   
18      0.127   9       	0.338	4.22887   
18      0.127   19      	0.643	8.25916   
20      0.0788  15      	0.53 	5.55708   
