0       0.7104  2       	0.95 	13.2057   
0       0.7104  3       	0.938	13.0758   
0       0.7104  4       	0.89 	12.4066   
0       0.7104  6       	0.94 	13.0968   
0       0.7104  11      	0.924	12.8942   
0       0.7104  12      	0.772	10.6977   
0       0.7104  13      	0.952	13.2644   
0       0.7104  15      	0.686	9.45612   
0       0.7104  17      	0.944	13.1413   
0       0.7104  18      	0.59 	8.14629   
0       0.7104  19      	0.718	10.0598   
0       0.7104  20      	0.466	6.50714   
5       0.1048  1       	0.817	9.19252   
8       0.0588  9       	0.057	0.468129  
10      0.126   7       	0.406	3.7521    
10      0.126   14      	0.683	6.03556   
10      0.126   16      	0.078	0.650651  
