0       0.6478  1       	0.932	14.3676   
0       0.6478  3       	0.928	14.3699   
0       0.6478  4       	0.948	14.5708   
0       0.6478  6       	0.59 	9.27149   
0       0.6478  7       	0.8  	12.4265   
0       0.6478  9       	0.954	14.6919   
0       0.6478  11      	0.728	11.2537   
0       0.6478  12      	0.772	11.9853   
0       0.6478  14      	0.476	7.29717   
0       0.6478  19      	0.718	11.0533   
0       0.6478  20      	0.93 	14.2975   
5       0.0693  16      	0.602	4.81804   
13      0.0769  10      	0.505	3.40229   
15      0.1235  2       	0.773	7.36195   
15      0.1235  8       	0.589	6.07216   
17      0.0825  18      	0.695	8.88065   
