0       0.7072  1       	0.482	6.91347   
0       0.7072  2       	0.94 	13.348    
0       0.7072  3       	0.474	6.79203   
0       0.7072  4       	0.938	13.3709   
0       0.7072  6       	0.896	12.7597   
0       0.7072  8       	0.548	7.75808   
0       0.7072  10      	0.954	13.5824   
0       0.7072  12      	0.592	8.38521   
0       0.7072  13      	0.476	6.74263   
0       0.7072  14      	0.954	13.5682   
0       0.7072  17      	0.826	11.7525   
0       0.7072  18      	0.938	13.3143   
0       0.7072  20      	0.856	12.155    
15      0.0864  9       	0.582	5.36567   
16      0.06    7       	0.069	0.662333  
19      0.1465  5       	0.819	8.21659   
19      0.1465  11      	0.763	7.00745   
