0       0.7991  1       	0.622	9.58628   
0       0.7991  2       	0.972	15.0236   
0       0.7991  5       	0.948	14.6217   
0       0.7991  6       	0.972	15.0053   
0       0.7991  7       	0.906	13.9911   
0       0.7991  9       	0.894	13.8324   
0       0.7991  11      	0.866	13.4008   
0       0.7991  12      	0.93 	14.3611   
0       0.7991  13      	0.942	14.5638   
0       0.7991  15      	0.772	11.9277   
0       0.7991  16      	0.924	14.3347   
0       0.7991  17      	0.948	14.626    
0       0.7991  18      	0.662	10.2644   
0       0.7991  19      	0.542	8.26624   
4       0.0883  3       	0.629	6.7881    
8       0.069   14      	0.468	6.18548   
20      0.0436  10      	0.179	0.617018  
